   108658	2021-09-26 00:05:33	1	1	15	0
   108663	2021-09-26 00:05:39	1	1	15	0
   108598	2021-09-26 00:05:53	1	1	15	0
   108619	2021-09-26 06:47:03	1	1	15	0
   108619	2021-09-26 06:48:57	1	1	15	0
   108472	2021-09-26 06:52:29	1	1	15	0
   108538	2021-09-26 07:04:07	1	1	15	0
   108538	2021-09-26 11:09:41	1	1	15	0
   108472	2021-09-26 11:09:59	1	1	15	0
   108619	2021-09-26 11:18:04	1	1	15	0
    10456	2021-09-27 05:40:21	1	0	15	0
   101437	2021-09-27 06:17:37	1	0	15	0
   108662	2021-09-27 06:35:26	1	0	15	0
    10372	2021-09-27 06:37:10	1	0	15	0
    10372	2021-09-27 06:37:12	1	0	15	0
    10159	2021-09-27 06:39:41	1	0	15	0
    10214	2021-09-27 06:42:42	1	0	15	0
   108617	2021-09-27 06:48:39	1	0	15	0
   108587	2021-09-27 07:03:59	1	0	15	0
   108587	2021-09-27 07:04:02	1	0	15	0
   108556	2021-09-27 07:07:52	1	0	15	0
   101451	2021-09-27 07:10:01	1	0	15	0
    10356	2021-09-27 07:11:33	1	0	15	0
   102542	2021-09-27 07:14:30	1	0	15	0
   108630	2021-09-27 07:16:25	1	0	15	0
   101432	2021-09-27 07:18:35	1	0	15	0
    10324	2021-09-27 07:22:00	1	0	15	0
    10324	2021-09-27 07:22:03	1	0	15	0
   108593	2021-09-27 07:22:14	1	0	15	0
    10278	2021-09-27 07:22:46	1	0	15	0
    10080	2021-09-27 07:23:53	1	0	15	0
   108663	2021-09-27 07:26:15	1	0	15	0
    10033	2021-09-27 07:29:02	1	0	15	0
   108585	2021-09-27 07:33:56	1	0	15	0
   108658	2021-09-27 07:35:44	1	0	15	0
   108472	2021-09-27 07:36:21	1	0	15	0
   108538	2021-09-27 07:40:16	1	0	15	0
   108674	2021-09-27 07:40:39	1	0	15	0
   108613	2021-09-27 07:41:13	1	0	15	0
    10129	2021-09-27 07:42:00	1	0	15	0
    10221	2021-09-27 07:42:40	1	0	15	0
   108610	2021-09-27 07:42:50	1	0	15	0
   108669	2021-09-27 07:44:04	1	0	15	0
   108667	2021-09-27 07:45:14	1	0	15	0
   108568	2021-09-27 07:45:21	1	0	15	0
   108673	2021-09-27 07:46:41	1	0	15	0
   108673	2021-09-27 07:46:44	1	0	15	0
   108638	2021-09-27 07:48:54	1	0	15	0
    10065	2021-09-27 07:49:48	1	0	15	0
   108619	2021-09-27 07:50:14	1	0	15	0
   108469	2021-09-27 07:50:43	1	0	15	0
   108672	2021-09-27 07:53:52	1	0	15	0
   108489	2021-09-27 07:55:52	1	0	15	0
   102524	2021-09-27 07:56:19	1	0	15	0
    19980	2021-09-27 07:56:33	1	0	15	0
   108666	2021-09-27 07:57:17	1	0	15	0
   108579	2021-09-27 07:58:42	1	0	15	0
    10348	2021-09-27 07:58:57	1	0	15	0
    10032	2021-09-27 08:01:41	1	0	15	0
   102544	2021-09-27 08:02:36	1	0	15	0
   108635	2021-09-27 08:02:45	1	0	15	0
    10458	2021-09-27 08:02:57	1	0	15	0
   108598	2021-09-27 08:03:05	1	0	15	0
    10063	2021-09-27 08:04:23	1	0	15	0
    10149	2021-09-27 08:04:32	1	0	15	0
    10076	2021-09-27 08:04:40	1	0	15	0
   108671	2021-09-27 08:04:47	1	0	15	0
   108523	2021-09-27 08:04:52	1	0	15	0
    10127	2021-09-27 08:06:30	1	0	15	0
   108611	2021-09-27 08:09:34	1	0	15	0
   108549	2021-09-27 08:21:18	1	0	15	0
   500001	2021-09-27 08:24:29	1	0	15	0
   108591	2021-09-27 08:26:36	1	0	15	0
   102579	2021-09-27 08:28:25	1	0	15	0
    10550	2021-09-27 10:05:04	1	0	15	0
    10214	2021-09-27 12:05:16	1	1	15	0
    10356	2021-09-27 12:05:25	1	1	15	0
    10348	2021-09-27 12:05:53	1	1	15	0
   108472	2021-09-27 16:01:49	1	1	15	0
   108538	2021-09-27 16:01:53	1	1	15	0
    10456	2021-09-27 16:02:10	1	1	15	0
   108549	2021-09-27 16:02:29	1	1	15	0
    10278	2021-09-27 16:06:14	1	1	15	0
   108469	2021-09-27 16:07:13	1	1	15	0
   102544	2021-09-27 16:22:17	1	1	15	0
   108593	2021-09-27 17:00:17	1	1	15	0
    10458	2021-09-27 17:00:36	1	1	15	0
   108613	2021-09-27 17:00:56	1	1	15	0
    10080	2021-09-27 17:01:02	1	1	15	0
   102542	2021-09-27 17:01:12	1	1	15	0
   108630	2021-09-27 17:01:17	1	1	15	0
    10324	2021-09-27 17:01:23	1	1	15	0
   108619	2021-09-27 17:01:34	1	1	15	0
   101437	2021-09-27 17:01:45	1	1	15	0
    10372	2021-09-27 17:01:53	1	1	15	0
   101451	2021-09-27 17:01:59	1	1	15	0
   108617	2021-09-27 17:02:10	1	1	15	0
    10550	2021-09-27 17:02:21	1	1	15	0
   101432	2021-09-27 17:03:10	1	1	15	0
    19980	2021-09-27 17:03:24	1	1	15	0
   108579	2021-09-27 17:03:32	1	1	15	0
   108611	2021-09-27 17:03:45	1	1	15	0
    10033	2021-09-27 17:04:01	1	1	15	0
    10033	2021-09-27 17:04:03	1	1	15	0
   108489	2021-09-27 17:04:37	1	1	15	0
    10065	2021-09-27 17:04:47	1	1	15	0
   102524	2021-09-27 17:05:05	1	1	15	0
   108638	2021-09-27 17:05:17	1	1	15	0
   108587	2021-09-27 17:05:25	1	1	15	0
    10221	2021-09-27 17:05:39	1	1	15	0
    10159	2021-09-27 17:06:18	1	1	15	0
   108556	2021-09-27 17:07:08	1	1	15	0
   108669	2021-09-27 17:07:20	1	1	15	0
   102579	2021-09-27 17:07:46	1	1	15	0
   108667	2021-09-27 17:11:36	1	1	15	0
   108673	2021-09-27 17:12:23	1	1	15	0
   500001	2021-09-27 17:13:35	1	1	15	0
    10032	2021-09-27 17:29:28	1	1	15	0
   108585	2021-09-27 17:30:09	1	1	15	0
   108635	2021-09-27 17:35:33	1	1	15	0
   108591	2021-09-27 17:43:55	1	1	15	0
   108672	2021-09-27 17:44:15	1	1	15	0
   108672	2021-09-27 17:44:18	1	1	15	0
   108674	2021-09-27 17:44:30	1	1	15	0
    10063	2021-09-27 17:50:09	1	1	15	0
   108568	2021-09-27 17:50:31	1	1	15	0
   108671	2021-09-27 17:50:45	1	1	15	0
    10076	2021-09-27 17:52:46	1	1	15	0
    10149	2021-09-27 17:54:11	1	1	15	0
    10129	2021-09-27 18:54:28	1	1	15	0
   108666	2021-09-27 19:11:02	1	1	15	0
   108523	2021-09-27 20:26:21	1	1	15	0
   108598	2021-09-27 21:03:19	1	1	15	0
   108663	2021-09-27 21:03:26	1	1	15	0
   108610	2021-09-27 21:03:32	1	1	15	0
    10127	2021-09-27 21:04:00	1	1	15	0
   108658	2021-09-27 21:04:20	1	1	15	0
   108662	2021-09-27 21:04:28	1	1	15	0
    10278	2021-09-28 03:25:52	1	0	15	0
    10456	2021-09-28 03:57:12	1	0	15	0
   108638	2021-09-28 04:55:03	1	0	15	0
    10127	2021-09-28 06:12:39	1	0	15	0
   101437	2021-09-28 06:13:07	1	0	15	0
   108662	2021-09-28 06:32:11	1	0	15	0
   108617	2021-09-28 06:38:39	1	0	15	0
   108658	2021-09-28 06:41:56	1	0	15	0
   108533	2021-09-28 06:57:07	1	0	15	0
   108556	2021-09-28 06:58:24	1	0	15	0
    10214	2021-09-28 07:05:11	1	0	15	0
   108593	2021-09-28 07:07:21	1	0	15	0
   101451	2021-09-28 07:09:59	1	0	15	0
   108630	2021-09-28 07:12:40	1	0	15	0
   108587	2021-09-28 07:14:14	1	0	15	0
   108587	2021-09-28 07:14:16	1	0	15	0
    10324	2021-09-28 07:15:45	1	0	15	0
    10080	2021-09-28 07:17:00	1	0	15	0
    10372	2021-09-28 07:22:13	1	0	15	0
   108472	2021-09-28 07:23:43	1	0	15	0
    10033	2021-09-28 07:25:35	1	0	15	0
   108523	2021-09-28 07:26:03	1	0	15	0
    10159	2021-09-28 07:27:09	1	0	15	0
    10065	2021-09-28 07:32:45	1	0	15	0
   108672	2021-09-28 07:35:08	1	0	15	0
   108672	2021-09-28 07:35:10	1	0	15	0
   108669	2021-09-28 07:39:26	1	0	15	0
    10284	2021-09-28 07:41:46	1	0	15	0
   108549	2021-09-28 07:42:26	1	0	15	0
   101432	2021-09-28 07:42:53	1	0	15	0
   108673	2021-09-28 07:43:03	1	0	15	0
   108667	2021-09-28 07:44:08	1	0	15	0
   108585	2021-09-28 07:44:33	1	0	15	0
   108619	2021-09-28 07:45:09	1	0	15	0
   108568	2021-09-28 07:46:53	1	0	15	0
   108538	2021-09-28 07:48:09	1	0	15	0
    10221	2021-09-28 07:50:16	1	0	15	0
   108598	2021-09-28 07:50:30	1	0	15	0
    10129	2021-09-28 07:51:10	1	0	15	0
   108674	2021-09-28 07:51:52	1	0	15	0
   102544	2021-09-28 07:53:18	1	0	15	0
    10032	2021-09-28 07:53:36	1	0	15	0
    10138	2021-09-28 07:54:25	1	0	15	0
   108469	2021-09-28 07:54:37	1	0	15	0
   102542	2021-09-28 07:54:59	1	0	15	0
   108591	2021-09-28 07:55:34	1	0	15	0
    19980	2021-09-28 07:56:36	1	0	15	0
    19980	2021-09-28 07:56:39	1	0	15	0
    19980	2021-09-28 07:56:41	1	0	15	0
    10348	2021-09-28 07:57:00	1	0	15	0
   108579	2021-09-28 07:59:52	1	0	15	0
   108635	2021-09-28 08:00:09	1	0	15	0
   108489	2021-09-28 08:00:28	1	0	15	0
   102524	2021-09-28 08:00:47	1	0	15	0
    10063	2021-09-28 08:00:58	1	0	15	0
    10149	2021-09-28 08:01:04	1	0	15	0
    10149	2021-09-28 08:01:07	1	0	15	0
   108610	2021-09-28 08:01:11	1	0	15	0
   108671	2021-09-28 08:01:16	1	0	15	0
    10076	2021-09-28 08:01:32	1	0	15	0
   108666	2021-09-28 08:02:11	1	0	15	0
   108666	2021-09-28 08:02:14	1	0	15	0
    10458	2021-09-28 08:02:33	1	0	15	0
   108663	2021-09-28 08:04:53	1	0	15	0
   102579	2021-09-28 08:12:21	1	0	15	0
   108611	2021-09-28 08:17:12	1	0	15	0
   108613	2021-09-28 08:18:13	1	0	15	0
   500001	2021-09-28 08:25:30	1	0	15	0
   108591	2021-09-28 12:04:49	1	0	15	0
    10278	2021-09-28 13:20:53	1	0	15	0
    10278	2021-09-28 13:21:11	1	1	15	0
    10456	2021-09-28 13:21:23	1	1	15	0
    10456	2021-09-28 13:21:26	1	1	15	0
   108538	2021-09-28 16:09:32	1	1	15	0
   108472	2021-09-28 16:09:48	1	1	15	0
    10138	2021-09-28 16:12:21	1	1	15	0
   108549	2021-09-28 16:12:37	1	1	15	0
   102544	2021-09-28 16:17:38	1	1	15	0
   108469	2021-09-28 16:24:16	1	1	15	0
   108613	2021-09-28 17:00:41	1	1	15	0
   108630	2021-09-28 17:00:52	1	1	15	0
   101432	2021-09-28 17:01:11	1	1	15	0
    10080	2021-09-28 17:01:18	1	1	15	0
    10324	2021-09-28 17:01:26	1	1	15	0
    10550	2021-09-28 17:01:33	1	1	15	0
   102524	2021-09-28 17:01:44	1	1	15	0
   108619	2021-09-28 17:01:50	1	1	15	0
    10372	2021-09-28 17:01:57	1	1	15	0
   101451	2021-09-28 17:02:05	1	1	15	0
   101437	2021-09-28 17:02:12	1	1	15	0
   500001	2021-09-28 17:02:18	1	1	15	0
   108673	2021-09-28 17:02:25	1	1	15	0
   108579	2021-09-28 17:02:33	1	1	15	0
    10033	2021-09-28 17:02:45	1	1	15	0
   108489	2021-09-28 17:02:59	1	1	15	0
    10221	2021-09-28 17:03:12	1	1	15	0
   108617	2021-09-28 17:03:27	1	1	15	0
   108638	2021-09-28 17:03:38	1	1	15	0
   108611	2021-09-28 17:03:56	1	1	15	0
    19980	2021-09-28 17:04:23	1	1	15	0
   108533	2021-09-28 17:04:41	1	1	15	0
   108635	2021-09-28 17:04:58	1	1	15	0
   108674	2021-09-28 17:06:01	1	1	15	0
   108568	2021-09-28 17:06:08	1	1	15	0
   108556	2021-09-28 17:06:21	1	1	15	0
    10159	2021-09-28 17:06:33	1	1	15	0
   108669	2021-09-28 17:06:59	1	1	15	0
   108672	2021-09-28 17:07:44	1	1	15	0
    10065	2021-09-28 17:07:50	1	1	15	0
    10065	2021-09-28 17:07:53	1	1	15	0
    10065	2021-09-28 17:08:01	1	1	15	0
    10063	2021-09-28 17:11:33	1	1	15	0
    10149	2021-09-28 17:13:48	1	1	15	0
   108671	2021-09-28 17:16:48	1	1	15	0
    10076	2021-09-28 17:18:42	1	1	15	0
   102579	2021-09-28 17:19:01	1	1	15	0
   108585	2021-09-28 17:21:41	1	1	15	0
   108585	2021-09-28 17:21:43	1	1	15	0
   102542	2021-09-28 17:26:50	1	1	15	0
    10129	2021-09-28 18:26:03	1	1	15	0
   102544	2021-09-28 18:26:11	1	1	15	0
   108610	2021-09-28 21:05:27	1	1	15	0
   108663	2021-09-28 21:05:37	1	1	15	0
   108667	2021-09-28 21:05:45	1	1	15	0
   108523	2021-09-28 21:05:53	1	1	15	0
   108598	2021-09-28 21:06:43	1	1	15	0
    10127	2021-09-28 21:06:54	1	1	15	0
   108658	2021-09-28 21:07:23	1	1	15	0
   108662	2021-09-28 21:07:29	1	1	15	0
   108666	2021-09-28 21:30:25	1	1	15	0
   102544	2021-09-29 01:02:26	1	1	15	0
   108587	2021-09-29 01:02:40	1	1	15	0
   108587	2021-09-29 01:02:42	1	1	15	0
    10456	2021-09-29 05:56:43	1	0	15	0
   102544	2021-09-29 06:03:44	1	0	15	0
   101437	2021-09-29 06:11:47	1	0	15	0
   102526	2021-09-29 06:29:21	1	0	15	0
   108662	2021-09-29 06:35:55	1	0	15	0
   108617	2021-09-29 06:42:10	1	0	15	0
    10127	2021-09-29 06:45:06	1	0	15	0
   108556	2021-09-29 06:58:06	1	0	15	0
    10372	2021-09-29 06:59:18	1	0	15	0
   108533	2021-09-29 06:59:50	1	0	15	0
   108658	2021-09-29 07:01:14	1	0	15	0
    10356	2021-09-29 07:08:44	1	0	15	0
   108667	2021-09-29 07:12:00	1	0	15	0
   101451	2021-09-29 07:13:12	1	0	15	0
   108538	2021-09-29 07:15:46	1	0	15	0
    10033	2021-09-29 07:21:31	1	0	15	0
   108523	2021-09-29 07:21:59	1	0	15	0
    10080	2021-09-29 07:24:51	1	0	15	0
   108630	2021-09-29 07:25:07	1	0	15	0
    10278	2021-09-29 07:26:13	1	0	15	0
   108472	2021-09-29 07:26:25	1	0	15	0
    10159	2021-09-29 07:28:43	1	0	15	0
    10025	2021-09-29 07:30:13	1	0	15	0
   102542	2021-09-29 07:30:28	1	0	15	0
   108610	2021-09-29 07:32:51	1	0	15	0
   108669	2021-09-29 07:38:05	1	0	15	0
    10065	2021-09-29 07:39:12	1	0	15	0
   108674	2021-09-29 07:39:31	1	0	15	0
   101432	2021-09-29 07:39:42	1	0	15	0
   108585	2021-09-29 07:39:59	1	0	15	0
   108568	2021-09-29 07:40:33	1	0	15	0
   108672	2021-09-29 07:41:05	1	0	15	0
   108673	2021-09-29 07:42:38	1	0	15	0
    10324	2021-09-29 07:45:19	1	0	15	0
    10284	2021-09-29 07:46:12	1	0	15	0
    10138	2021-09-29 07:46:44	1	0	15	0
   108638	2021-09-29 07:48:02	1	0	15	0
   108613	2021-09-29 07:48:42	1	0	15	0
   108598	2021-09-29 07:49:17	1	0	15	0
    10221	2021-09-29 07:50:27	1	0	15	0
   108611	2021-09-29 07:52:48	1	0	15	0
   108619	2021-09-29 07:54:33	1	0	15	0
   108549	2021-09-29 07:54:39	1	0	15	0
   108469	2021-09-29 07:54:46	1	0	15	0
    10129	2021-09-29 07:55:44	1	0	15	0
    19980	2021-09-29 07:56:28	1	0	15	0
   108663	2021-09-29 07:58:18	1	0	15	0
   500001	2021-09-29 08:01:43	1	0	15	0
   108635	2021-09-29 08:04:34	1	0	15	0
    10550	2021-09-29 08:07:00	1	0	15	0
    10458	2021-09-29 08:07:42	1	0	15	0
   108489	2021-09-29 08:08:07	1	0	15	0
   102524	2021-09-29 08:08:19	1	0	15	0
    10063	2021-09-29 08:08:45	1	0	15	0
    10149	2021-09-29 08:08:54	1	0	15	0
   108671	2021-09-29 08:09:00	1	0	15	0
    10076	2021-09-29 08:09:10	1	0	15	0
   108666	2021-09-29 08:10:20	1	0	15	0
   102579	2021-09-29 09:00:28	1	0	15	0
   102526	2021-09-29 12:05:59	1	0	15	0
   108591	2021-09-29 12:49:58	1	0	15	0
   102544	2021-09-29 15:20:33	1	0	15	0
    10550	2021-09-29 15:41:18	1	0	15	0
   108549	2021-09-29 16:00:17	1	1	15	0
   108654	2021-09-29 16:00:23	1	1	15	0
    10456	2021-09-29 16:00:30	1	1	15	0
    10456	2021-09-29 16:00:32	1	1	15	0
   108630	2021-09-29 16:00:37	1	1	15	0
   108538	2021-09-29 16:00:42	1	1	15	0
    10284	2021-09-29 16:00:49	1	1	15	0
   108533	2021-09-29 16:01:05	1	1	15	0
   108472	2021-09-29 16:01:16	1	1	15	0
    10138	2021-09-29 16:01:27	1	1	15	0
   101437	2021-09-29 16:01:36	1	1	15	0
   108619	2021-09-29 16:02:10	1	1	15	0
    10278	2021-09-29 16:03:15	1	1	15	0
   108469	2021-09-29 16:04:21	1	1	15	0
    10228	2021-09-29 16:04:30	1	1	15	0
    10228	2021-09-29 16:04:33	1	1	15	0
    10458	2021-09-29 17:00:59	1	1	15	0
   108613	2021-09-29 17:01:06	1	1	15	0
    10324	2021-09-29 17:01:11	1	1	15	0
   108617	2021-09-29 17:01:28	1	1	15	0
    10080	2021-09-29 17:01:35	1	1	15	0
   102524	2021-09-29 17:01:43	1	1	15	0
   101451	2021-09-29 17:01:49	1	1	15	0
   101432	2021-09-29 17:01:57	1	1	15	0
   108489	2021-09-29 17:02:25	1	1	15	0
    10033	2021-09-29 17:02:36	1	1	15	0
   108585	2021-09-29 17:02:47	1	1	15	0
    19980	2021-09-29 17:03:08	1	1	15	0
    10065	2021-09-29 17:03:18	1	1	15	0
    10372	2021-09-29 17:03:33	1	1	15	0
   108635	2021-09-29 17:03:41	1	1	15	0
   108673	2021-09-29 17:03:50	1	1	15	0
   108669	2021-09-29 17:03:58	1	1	15	0
   108611	2021-09-29 17:05:14	1	1	15	0
   102579	2021-09-29 17:05:42	1	1	15	0
   108556	2021-09-29 17:06:19	1	1	15	0
   108638	2021-09-29 17:06:26	1	1	15	0
    10221	2021-09-29 17:07:03	1	1	15	0
   500001	2021-09-29 17:07:23	1	1	15	0
    10025	2021-09-29 17:08:08	1	1	15	0
   108591	2021-09-29 17:08:47	1	1	15	0
    10348	2021-09-29 17:11:51	1	1	15	0
    10159	2021-09-29 17:20:10	1	1	15	0
   102542	2021-09-29 17:22:50	1	1	15	0
   108672	2021-09-29 17:35:50	1	1	15	0
    10063	2021-09-29 17:57:05	1	1	15	0
   108674	2021-09-29 18:02:55	1	1	15	0
   108568	2021-09-29 18:04:43	1	1	15	0
    10129	2021-09-29 18:05:27	1	1	15	0
   108671	2021-09-29 18:05:46	1	1	15	0
    10076	2021-09-29 18:08:56	1	1	15	0
    10149	2021-09-29 18:09:56	1	1	15	0
   108666	2021-09-29 18:10:46	1	1	15	0
   108667	2021-09-29 19:56:36	1	1	15	0
    10127	2021-09-29 19:56:48	1	1	15	0
   108523	2021-09-29 20:11:45	1	1	15	0
   108610	2021-09-29 20:35:33	1	1	15	0
   108662	2021-09-29 20:35:55	1	1	15	0
   108658	2021-09-29 20:36:07	1	1	15	0
   108663	2021-09-30 00:29:06	1	1	15	0
   108598	2021-09-30 00:29:23	1	1	15	0
    10456	2021-09-30 05:31:26	1	0	15	0
    10127	2021-09-30 06:25:36	1	0	15	0
    10324	2021-09-30 06:31:43	1	0	15	0
   108472	2021-09-30 06:35:59	1	0	15	0
   101437	2021-09-30 06:37:17	1	0	15	0
   108630	2021-09-30 06:38:25	1	0	15	0
    10214	2021-09-30 06:43:15	1	0	15	0
   108617	2021-09-30 06:44:38	1	0	15	0
   108556	2021-09-30 06:58:16	1	0	15	0
   108533	2021-09-30 07:05:16	1	0	15	0
    10372	2021-09-30 07:05:39	1	0	15	0
    10372	2021-09-30 07:05:42	1	0	15	0
   108667	2021-09-30 07:09:19	1	0	15	0
   101451	2021-09-30 07:12:26	1	0	15	0
   108538	2021-09-30 07:16:40	1	0	15	0
    10278	2021-09-30 07:20:03	1	0	15	0
    10080	2021-09-30 07:21:26	1	0	15	0
   108613	2021-09-30 07:26:36	1	0	15	0
    10033	2021-09-30 07:29:53	1	0	15	0
    10159	2021-09-30 07:31:43	1	0	15	0
   108638	2021-09-30 07:35:30	1	0	15	0
   108568	2021-09-30 07:35:55	1	0	15	0
   108523	2021-09-30 07:37:51	1	0	15	0
   108669	2021-09-30 07:40:38	1	0	15	0
   102542	2021-09-30 07:40:49	1	0	15	0
    10025	2021-09-30 07:41:02	1	0	15	0
    10065	2021-09-30 07:41:11	1	0	15	0
   101432	2021-09-30 07:41:30	1	0	15	0
    10138	2021-09-30 07:41:45	1	0	15	0
   108585	2021-09-30 07:42:00	1	0	15	0
   108658	2021-09-30 07:42:43	1	0	15	0
   108674	2021-09-30 07:43:35	1	0	15	0
   108610	2021-09-30 07:44:04	1	0	15	0
   108469	2021-09-30 07:46:15	1	0	15	0
    19980	2021-09-30 07:46:56	1	0	15	0
   108549	2021-09-30 07:47:49	1	0	15	0
   108673	2021-09-30 07:47:57	1	0	15	0
   108673	2021-09-30 07:47:59	1	0	15	0
    10309	2021-09-30 07:48:18	1	0	15	0
    10228	2021-09-30 07:50:34	1	0	15	0
   108662	2021-09-30 07:51:06	1	0	15	0
    10284	2021-09-30 07:52:41	1	0	15	0
    10129	2021-09-30 07:52:55	1	0	15	0
   108619	2021-09-30 07:53:58	1	0	15	0
    10348	2021-09-30 07:55:06	1	0	15	0
   108672	2021-09-30 07:55:20	1	0	15	0
   108635	2021-09-30 07:56:34	1	0	15	0
    10221	2021-09-30 07:56:48	1	0	15	0
    10063	2021-09-30 07:57:22	1	0	15	0
    10149	2021-09-30 07:57:29	1	0	15	0
   108671	2021-09-30 07:57:36	1	0	15	0
   500001	2021-09-30 07:59:26	1	0	15	0
   108579	2021-09-30 08:00:01	1	0	15	0
   108579	2021-09-30 08:00:03	1	0	15	0
   108663	2021-09-30 08:00:14	1	0	15	0
   108598	2021-09-30 08:00:23	1	0	15	0
   108489	2021-09-30 08:01:08	1	0	15	0
   102524	2021-09-30 08:01:19	1	0	15	0
    10458	2021-09-30 08:03:19	1	0	15	0
   108591	2021-09-30 08:05:35	1	0	15	0
   108666	2021-09-30 08:10:35	1	0	15	0
    10550	2021-09-30 08:19:34	1	0	15	0
   108611	2021-09-30 08:27:27	1	0	15	0
   102544	2021-09-30 08:31:24	1	0	15	0
    10076	2021-09-30 10:00:13	1	0	15	0
   102579	2021-09-30 10:57:32	1	0	15	0
    10456	2021-09-30 15:13:38	1	1	15	0
   108472	2021-09-30 15:20:12	1	1	15	0
   108613	2021-09-30 16:01:08	1	1	15	0
   108549	2021-09-30 16:01:19	1	1	15	0
    10324	2021-09-30 16:01:25	1	1	15	0
   101437	2021-09-30 16:01:32	1	1	15	0
   108630	2021-09-30 16:01:39	1	1	15	0
    10214	2021-09-30 16:01:48	1	1	15	0
    10372	2021-09-30 16:02:33	1	1	15	0
    10284	2021-09-30 16:03:25	1	1	15	0
   108469	2021-09-30 16:03:41	1	1	15	0
    10228	2021-09-30 16:03:55	1	1	15	0
    10138	2021-09-30 16:04:10	1	1	15	0
   108538	2021-09-30 16:07:03	1	1	15	0
    10278	2021-09-30 16:07:55	1	1	15	0
   102544	2021-09-30 16:20:47	1	1	15	0
    10080	2021-09-30 17:01:07	1	1	15	0
   108619	2021-09-30 17:01:20	1	1	15	0
   101432	2021-09-30 17:01:42	1	1	15	0
   108672	2021-09-30 17:01:50	1	1	15	0
    10309	2021-09-30 17:02:16	1	1	15	0
   108617	2021-09-30 17:02:38	1	1	15	0
   108489	2021-09-30 17:02:48	1	1	15	0
   108667	2021-09-30 17:03:09	1	1	15	0
   108662	2021-09-30 17:03:14	1	1	15	0
    10550	2021-09-30 17:03:21	1	1	15	0
   101451	2021-09-30 17:03:49	1	1	15	0
   108533	2021-09-30 17:04:56	1	1	15	0
   108585	2021-09-30 17:05:05	1	1	15	0
   108611	2021-09-30 17:05:16	1	1	15	0
   108556	2021-09-30 17:05:29	1	1	15	0
   108669	2021-09-30 17:05:36	1	1	15	0
   102524	2021-09-30 17:06:02	1	1	15	0
   108638	2021-09-30 17:06:23	1	1	15	0
   108635	2021-09-30 17:07:10	1	1	15	0
    19980	2021-09-30 17:07:25	1	1	15	0
   108579	2021-09-30 17:07:33	1	1	15	0
   108673	2021-09-30 17:07:43	1	1	15	0
    10065	2021-09-30 17:08:40	1	1	15	0
    10458	2021-09-30 17:11:11	1	1	15	0
    10221	2021-09-30 17:12:44	1	1	15	0
    10159	2021-09-30 17:14:47	1	1	15	0
   108568	2021-09-30 17:15:32	1	1	15	0
   500001	2021-09-30 17:16:25	1	1	15	0
   108663	2021-09-30 17:22:52	1	1	15	0
   102542	2021-09-30 17:39:19	1	1	15	0
   108674	2021-09-30 17:56:04	1	1	15	0
   108662	2021-09-30 18:06:17	1	1	15	0
    10033	2021-09-30 18:13:16	1	1	15	0
    10025	2021-09-30 18:13:55	1	1	15	0
    10063	2021-09-30 18:15:31	1	1	15	0
   108671	2021-09-30 18:16:40	1	1	15	0
    10076	2021-09-30 18:17:59	1	1	15	0
    10149	2021-09-30 18:18:31	1	1	15	0
    10149	2021-09-30 18:18:34	1	1	15	0
   102579	2021-09-30 18:25:19	1	1	15	0
   108591	2021-09-30 19:34:51	1	1	15	0
    10348	2021-09-30 19:35:24	1	1	15	0
    10129	2021-09-30 19:35:35	1	1	15	0
   108523	2021-09-30 20:11:21	1	1	15	0
   108666	2021-09-30 20:38:05	1	1	15	0
   108662	2021-09-30 21:29:32	1	1	15	0
   108610	2021-09-30 21:34:53	1	1	15	0
    10127	2021-09-30 21:35:06	1	1	15	0
   108658	2021-10-01 00:36:47	1	1	15	0
   108598	2021-10-01 00:36:56	1	1	15	0
   108538	2021-10-01 03:30:13	1	0	15	0
    10278	2021-10-01 03:58:12	1	0	15	0
    10456	2021-10-01 06:01:52	1	0	15	0
   101437	2021-10-01 06:12:20	1	0	15	0
   101437	2021-10-01 06:12:22	1	0	15	0
    10324	2021-10-01 06:35:25	1	0	15	0
    10324	2021-10-01 06:35:28	1	0	15	0
   108617	2021-10-01 06:40:24	1	0	15	0
   102526	2021-10-01 06:42:48	1	0	15	0
    10127	2021-10-01 06:54:10	1	0	15	0
   108630	2021-10-01 07:01:14	1	0	15	0
    10214	2021-10-01 07:05:26	1	0	15	0
    10356	2021-10-01 07:05:49	1	0	15	0
   102542	2021-10-01 07:06:26	1	0	15	0
    10348	2021-10-01 07:10:17	1	0	15	0
   108556	2021-10-01 07:11:35	1	0	15	0
   108662	2021-10-01 07:12:45	1	0	15	0
   108472	2021-10-01 07:13:36	1	0	15	0
   108667	2021-10-01 07:18:14	1	0	15	0
   108533	2021-10-01 07:18:54	1	0	15	0
   108585	2021-10-01 07:22:57	1	0	15	0
    10080	2021-10-01 07:27:43	1	0	15	0
   108654	2021-10-01 07:28:52	1	0	15	0
    10159	2021-10-01 07:30:45	1	0	15	0
    10138	2021-10-01 07:37:28	1	0	15	0
    10025	2021-10-01 07:38:20	1	0	15	0
   108523	2021-10-01 07:39:27	1	0	15	0
   108568	2021-10-01 07:40:06	1	0	15	0
   108673	2021-10-01 07:41:31	1	0	15	0
   108669	2021-10-01 07:41:52	1	0	15	0
    10033	2021-10-01 07:42:36	1	0	15	0
   108638	2021-10-01 07:44:39	1	0	15	0
   108672	2021-10-01 07:44:48	1	0	15	0
   108674	2021-10-01 07:48:31	1	0	15	0
    10221	2021-10-01 07:49:04	1	0	15	0
    10129	2021-10-01 07:49:12	1	0	15	0
    10065	2021-10-01 07:49:30	1	0	15	0
   101432	2021-10-01 07:50:36	1	0	15	0
    19980	2021-10-01 07:50:54	1	0	15	0
   108658	2021-10-01 07:51:21	1	0	15	0
   108579	2021-10-01 07:54:38	1	0	15	0
    10550	2021-10-01 07:54:46	1	0	15	0
   108619	2021-10-01 07:54:52	1	0	15	0
    10228	2021-10-01 07:56:04	1	0	15	0
   500001	2021-10-01 07:57:01	1	0	15	0
   108469	2021-10-01 07:57:10	1	0	15	0
    10309	2021-10-01 07:57:50	1	0	15	0
   108663	2021-10-01 08:01:13	1	0	15	0
   108598	2021-10-01 08:01:22	1	0	15	0
    10063	2021-10-01 08:02:50	1	0	15	0
    10149	2021-10-01 08:02:59	1	0	15	0
   108671	2021-10-01 08:03:05	1	0	15	0
    10076	2021-10-01 08:03:21	1	0	15	0
   108666	2021-10-01 08:07:41	1	0	15	0
   108549	2021-10-01 08:08:19	1	0	15	0
   108591	2021-10-01 08:08:25	1	0	15	0
   108635	2021-10-01 08:10:31	1	0	15	0
   102579	2021-10-01 08:14:34	1	0	15	0
   108611	2021-10-01 08:22:09	1	0	15	0
   102544	2021-10-01 08:31:45	1	0	15	0
    10550	2021-10-01 12:01:01	1	0	15	0
    10127	2021-10-01 12:54:21	1	0	15	0
    10127	2021-10-01 13:32:28	1	0	15	0
   101437	2021-10-01 16:01:29	1	0	15	0
    10324	2021-10-01 16:01:39	1	0	15	0
   108472	2021-10-01 16:39:09	1	1	15	0
   108657	2021-10-01 17:00:31	1	1	15	0
   101432	2021-10-01 17:00:40	1	1	15	0
   102544	2021-10-01 17:01:07	1	1	15	0
   108630	2021-10-01 17:01:17	1	1	15	0
    10080	2021-10-01 17:01:39	1	1	15	0
    10309	2021-10-01 17:02:18	1	1	15	0
   108617	2021-10-01 17:02:32	1	1	15	0
    10456	2021-10-01 17:02:39	1	1	15	0
   102526	2021-10-01 17:02:46	1	1	15	0
    19980	2021-10-01 17:04:10	1	1	15	0
    19980	2021-10-01 17:04:12	1	1	15	0
   108579	2021-10-01 17:04:22	1	1	15	0
   108673	2021-10-01 17:04:32	1	1	15	0
    10458	2021-10-01 17:04:42	1	1	15	0
   108638	2021-10-01 17:04:53	1	1	15	0
   108669	2021-10-01 17:05:12	1	1	15	0
   108619	2021-10-01 17:06:03	1	1	15	0
   500001	2021-10-01 17:07:29	1	1	15	0
    10221	2021-10-01 17:07:54	1	1	15	0
    10356	2021-10-01 17:08:38	1	1	15	0
    10214	2021-10-01 17:08:46	1	1	15	0
   108556	2021-10-01 17:08:55	1	1	15	0
    10033	2021-10-01 17:09:39	1	1	15	0
   108568	2021-10-01 17:09:52	1	1	15	0
   108611	2021-10-01 17:10:08	1	1	15	0
   108635	2021-10-01 17:11:34	1	1	15	0
   108667	2021-10-01 17:11:42	1	1	15	0
   108671	2021-10-01 17:11:48	1	1	15	0
    10065	2021-10-01 17:11:56	1	1	15	0
   108591	2021-10-01 17:13:19	1	1	15	0
   108674	2021-10-01 17:14:05	1	1	15	0
    10127	2021-10-01 17:14:23	1	1	15	0
   108658	2021-10-01 17:14:32	1	1	15	0
   108662	2021-10-01 17:14:40	1	1	15	0
    10025	2021-10-01 17:15:31	1	1	15	0
   108672	2021-10-01 17:45:37	1	1	15	0
   102579	2021-10-01 17:48:16	1	1	15	0
    10149	2021-10-01 17:49:55	1	1	15	0
    10063	2021-10-01 17:50:27	1	1	15	0
    10076	2021-10-01 17:51:09	1	1	15	0
    10228	2021-10-01 18:02:54	1	1	15	0
   108469	2021-10-01 18:03:05	1	1	15	0
   108585	2021-10-01 18:32:45	1	1	15	0
    10129	2021-10-01 18:57:46	1	1	15	0
   108538	2021-10-01 19:04:12	1	1	15	0
    10278	2021-10-01 19:04:41	1	1	15	0
   108658	2021-10-01 20:04:03	1	1	15	0
   108662	2021-10-01 20:04:10	1	1	15	0
   108533	2021-10-01 20:04:54	1	1	15	0
   102542	2021-10-01 20:05:09	1	1	15	0
    10159	2021-10-01 20:28:57	1	1	15	0
   108523	2021-10-01 20:31:57	1	1	15	0
   108610	2021-10-01 21:34:45	1	1	15	0
    10348	2021-10-01 22:03:04	1	1	15	0
    10348	2021-10-01 22:03:06	1	1	15	0
    10138	2021-10-01 22:03:25	1	1	15	0
   108666	2021-10-01 22:08:40	1	1	15	0
   108658	2021-10-02 00:01:41	1	1	15	0
   108662	2021-10-02 00:01:50	1	1	15	0
   108663	2021-10-02 02:00:03	1	1	15	0
   108533	2021-10-02 05:45:11	1	1	15	0
    10456	2021-10-02 05:48:41	1	0	15	0
   101437	2021-10-02 06:02:59	1	0	15	0
   102542	2021-10-02 06:03:50	1	0	15	0
    10278	2021-10-02 06:21:10	1	0	15	0
   102526	2021-10-02 06:22:54	1	0	15	0
   108630	2021-10-02 06:38:11	1	0	15	0
    10159	2021-10-02 06:39:40	1	0	15	0
    10214	2021-10-02 06:43:44	1	0	15	0
    10324	2021-10-02 06:48:01	1	0	15	0
    10324	2021-10-02 06:48:04	1	0	15	0
   108657	2021-10-02 06:53:43	1	0	15	0
   108538	2021-10-02 06:59:44	1	0	15	0
    10127	2021-10-02 07:06:01	1	0	15	0
   108658	2021-10-02 07:06:13	1	0	15	0
   108662	2021-10-02 07:06:22	1	0	15	0
   108472	2021-10-02 07:13:21	1	0	15	0
    10033	2021-10-02 07:33:48	1	0	15	0
   108672	2021-10-02 07:39:36	1	0	15	0
   108610	2021-10-02 07:43:06	1	0	15	0
   108673	2021-10-02 07:45:28	1	0	15	0
   108671	2021-10-02 07:46:57	1	0	15	0
   108667	2021-10-02 07:47:05	1	0	15	0
    19980	2021-10-02 07:49:37	1	0	15	0
    10228	2021-10-02 07:49:49	1	0	15	0
    10348	2021-10-02 07:49:59	1	0	15	0
   108469	2021-10-02 07:50:14	1	0	15	0
   102544	2021-10-02 07:50:21	1	0	15	0
    10129	2021-10-02 07:51:23	1	0	15	0
   102579	2021-10-02 07:57:32	1	0	15	0
   108523	2021-10-02 07:58:14	1	0	15	0
   108549	2021-10-02 07:59:20	1	0	15	0
    10080	2021-10-02 08:00:11	1	0	15	0
    10080	2021-10-02 08:00:13	1	0	15	0
    10309	2021-10-02 08:01:06	1	0	15	0
    10138	2021-10-02 08:05:22	1	0	15	0
   108663	2021-10-02 08:13:47	1	0	15	0
   108598	2021-10-02 08:13:58	1	0	15	0
   108591	2021-10-02 08:14:16	1	0	15	0
    10076	2021-10-02 08:14:36	1	0	15	0
    10033	2021-10-02 10:30:12	1	0	15	0
   108657	2021-10-02 11:48:27	1	1	15	0
    10324	2021-10-02 11:48:34	1	1	15	0
   101437	2021-10-02 11:48:44	1	1	15	0
   101437	2021-10-02 11:48:46	1	1	15	0
   108630	2021-10-02 15:00:42	1	1	15	0
   108538	2021-10-02 16:01:15	1	1	15	0
    10278	2021-10-02 16:01:28	1	1	15	0
   108472	2021-10-02 16:01:36	1	1	15	0
    10214	2021-10-02 16:01:45	1	1	15	0
   102526	2021-10-02 16:01:54	1	1	15	0
    10456	2021-10-02 16:02:03	1	1	15	0
   108549	2021-10-02 16:02:58	1	1	15	0
    10309	2021-10-02 16:06:07	1	1	15	0
    10138	2021-10-02 16:08:10	1	1	15	0
    10138	2021-10-02 16:08:11	1	1	15	0
    10348	2021-10-02 16:09:50	1	1	15	0
    10228	2021-10-02 16:10:05	1	1	15	0
   108469	2021-10-02 16:11:33	1	1	15	0
    10080	2021-10-02 16:15:35	1	1	15	0
   102579	2021-10-02 17:01:39	1	1	15	0
    19980	2021-10-02 17:02:29	1	1	15	0
   108591	2021-10-02 17:03:42	1	1	15	0
    10076	2021-10-02 17:03:58	1	1	15	0
   108667	2021-10-02 17:06:55	1	1	15	0
   108671	2021-10-02 17:07:06	1	1	15	0
   108610	2021-10-02 17:07:14	1	1	15	0
   108610	2021-10-02 17:07:16	1	1	15	0
    10127	2021-10-02 17:08:07	1	1	15	0
   108673	2021-10-02 17:10:21	1	1	15	0
   108658	2021-10-02 17:10:30	1	1	15	0
   108662	2021-10-02 17:10:38	1	1	15	0
    10129	2021-10-02 17:15:15	1	1	15	0
   108672	2021-10-02 17:24:08	1	1	15	0
   108663	2021-10-02 22:00:46	1	1	15	0
   108523	2021-10-02 22:00:53	1	1	15	0
   108598	2021-10-02 22:01:01	1	1	15	0
    10159	2021-10-03 01:48:49	1	1	15	0
   102544	2021-10-03 02:00:17	1	1	15	0
   102542	2021-10-03 02:02:59	1	1	15	0
   108533	2021-10-03 02:03:28	1	1	15	0
   102542	2021-10-03 04:44:03	1	1	15	0
   102542	2021-10-03 04:44:46	1	0	15	0
   108533	2021-10-03 04:44:59	1	0	15	0
    10033	2021-10-03 07:28:23	1	0	15	0
    10033	2021-10-03 07:28:25	1	0	15	0
    10138	2021-10-03 07:49:38	1	0	15	0
   108658	2021-10-03 07:51:11	1	0	15	0
    10033	2021-10-03 07:59:50	1	0	15	0
    10348	2021-10-03 08:06:19	1	0	15	0
   108549	2021-10-03 08:22:39	1	0	15	0
    10159	2021-10-03 08:38:42	1	0	15	0
   108663	2021-10-03 08:44:39	1	0	15	0
   108598	2021-10-03 08:44:52	1	0	15	0
   108533	2021-10-03 14:03:49	1	0	15	0
   108533	2021-10-03 14:04:12	1	1	15	0
   102542	2021-10-03 14:06:05	1	1	15	0
    10348	2021-10-03 16:03:53	1	1	15	0
    10138	2021-10-03 16:04:39	1	1	15	0
   108549	2021-10-03 16:05:24	1	1	15	0
   108658	2021-10-03 17:01:30	1	1	15	0
   108598	2021-10-03 17:06:01	1	1	15	0
   108663	2021-10-03 17:06:09	1	1	15	0
    10456	2021-10-04 05:52:49	1	0	15	0
   101437	2021-10-04 06:22:30	1	0	15	0
   108662	2021-10-04 06:30:55	1	0	15	0
   108658	2021-10-04 06:34:07	1	0	15	0
    10214	2021-10-04 06:41:27	1	0	15	0
    10324	2021-10-04 06:45:40	1	0	15	0
   108587	2021-10-04 06:45:50	1	0	15	0
   108617	2021-10-04 06:49:46	1	0	15	0
   102526	2021-10-04 07:00:11	1	0	15	0
   108635	2021-10-04 07:09:13	1	0	15	0
   101451	2021-10-04 07:10:26	1	0	15	0
    10372	2021-10-04 07:12:17	1	0	15	0
   108556	2021-10-04 07:21:00	1	0	15	0
   108630	2021-10-04 07:22:34	1	0	15	0
   108533	2021-10-04 07:23:40	1	0	15	0
   108667	2021-10-04 07:23:49	1	0	15	0
   108472	2021-10-04 07:34:09	1	0	15	0
   108523	2021-10-04 07:35:38	1	0	15	0
    10080	2021-10-04 07:37:25	1	0	15	0
   108654	2021-10-04 07:38:14	1	0	15	0
    10159	2021-10-04 07:38:29	1	0	15	0
    10278	2021-10-04 07:40:00	1	0	15	0
   108638	2021-10-04 07:40:07	1	0	15	0
   108568	2021-10-04 07:40:31	1	0	15	0
    10033	2021-10-04 07:43:19	1	0	15	0
   108669	2021-10-04 07:43:45	1	0	15	0
    10065	2021-10-04 07:46:23	1	0	15	0
   101432	2021-10-04 07:47:43	1	0	15	0
   108674	2021-10-04 07:48:17	1	0	15	0
    10221	2021-10-04 07:48:29	1	0	15	0
    10025	2021-10-04 07:49:06	1	0	15	0
   108469	2021-10-04 07:49:27	1	0	15	0
   102524	2021-10-04 07:50:46	1	0	15	0
    10129	2021-10-04 07:53:52	1	0	15	0
   102542	2021-10-04 07:55:41	1	0	15	0
   108663	2021-10-04 07:55:56	1	0	15	0
   108598	2021-10-04 07:56:13	1	0	15	0
   108619	2021-10-04 07:57:01	1	0	15	0
   108610	2021-10-04 07:57:08	1	0	15	0
   108672	2021-10-04 07:57:54	1	0	15	0
    10309	2021-10-04 07:58:01	1	0	15	0
   108585	2021-10-04 07:59:36	1	0	15	0
    10284	2021-10-04 08:00:44	1	0	15	0
   108579	2021-10-04 08:01:00	1	0	15	0
   108666	2021-10-04 08:01:44	1	0	15	0
   108538	2021-10-04 08:03:27	1	0	15	0
   102544	2021-10-04 08:05:27	1	0	15	0
   500001	2021-10-04 08:05:45	1	0	15	0
   108549	2021-10-04 08:07:37	1	0	15	0
    19980	2021-10-04 08:12:22	1	0	15	0
    10348	2021-10-04 08:12:45	1	0	15	0
    10458	2021-10-04 08:18:07	1	0	15	0
    10138	2021-10-04 08:18:39	1	0	15	0
    10063	2021-10-04 08:21:13	1	0	15	0
   108673	2021-10-04 08:21:19	1	0	15	0
   108489	2021-10-04 08:21:26	1	0	15	0
    10149	2021-10-04 08:21:35	1	0	15	0
   108671	2021-10-04 08:21:44	1	0	15	0
    10076	2021-10-04 08:21:51	1	0	15	0
   108611	2021-10-04 08:22:04	1	0	15	0
   108591	2021-10-04 08:36:32	1	0	15	0
   108613	2021-10-04 09:19:09	1	0	15	0
   108472	2021-10-04 12:09:44	1	1	15	0
   108549	2021-10-04 16:00:56	1	1	15	0
   108630	2021-10-04 16:01:01	1	1	15	0
    10214	2021-10-04 16:01:19	1	1	15	0
    10456	2021-10-04 16:01:28	1	1	15	0
    10324	2021-10-04 16:01:35	1	1	15	0
   101437	2021-10-04 16:01:44	1	1	15	0
   102526	2021-10-04 16:01:50	1	1	15	0
   108538	2021-10-04 16:02:02	1	1	15	0
    10278	2021-10-04 16:02:23	1	1	15	0
    10284	2021-10-04 16:03:24	1	1	15	0
   108587	2021-10-04 16:05:08	1	1	15	0
   108587	2021-10-04 16:05:11	1	1	15	0
   108469	2021-10-04 16:06:13	1	1	15	0
    10138	2021-10-04 16:08:36	1	1	15	0
    10309	2021-10-04 16:11:32	1	1	15	0
   108613	2021-10-04 17:00:56	1	1	15	0
    10080	2021-10-04 17:01:49	1	1	15	0
    10372	2021-10-04 17:02:01	1	1	15	0
   108617	2021-10-04 17:02:13	1	1	15	0
   108619	2021-10-04 17:02:22	1	1	15	0
   108489	2021-10-04 17:02:34	1	1	15	0
    10458	2021-10-04 17:02:51	1	1	15	0
   101432	2021-10-04 17:03:24	1	1	15	0
    19980	2021-10-04 17:03:33	1	1	15	0
   101451	2021-10-04 17:03:38	1	1	15	0
    10033	2021-10-04 17:03:51	1	1	15	0
   108638	2021-10-04 17:04:00	1	1	15	0
   102524	2021-10-04 17:04:59	1	1	15	0
   108669	2021-10-04 17:05:13	1	1	15	0
   108673	2021-10-04 17:05:46	1	1	15	0
   108579	2021-10-04 17:05:55	1	1	15	0
   108568	2021-10-04 17:06:22	1	1	15	0
   108671	2021-10-04 17:06:33	1	1	15	0
    10221	2021-10-04 17:06:54	1	1	15	0
   108556	2021-10-04 17:07:28	1	1	15	0
    10025	2021-10-04 17:07:54	1	1	15	0
   108674	2021-10-04 17:08:18	1	1	15	0
   108611	2021-10-04 17:08:37	1	1	15	0
    10065	2021-10-04 17:08:49	1	1	15	0
    10063	2021-10-04 17:09:15	1	1	15	0
    10076	2021-10-04 17:09:34	1	1	15	0
    10149	2021-10-04 17:13:25	1	1	15	0
   108635	2021-10-04 17:13:34	1	1	15	0
   108585	2021-10-04 17:14:49	1	1	15	0
   102544	2021-10-04 17:17:10	1	1	15	0
    10159	2021-10-04 17:18:27	1	1	15	0
   108591	2021-10-04 17:20:58	1	1	15	0
   500001	2021-10-04 17:32:55	1	1	15	0
   108672	2021-10-04 18:03:41	1	1	15	0
   108667	2021-10-04 18:10:29	1	1	15	0
    10129	2021-10-04 18:46:12	1	1	15	0
   108533	2021-10-04 19:01:52	1	1	15	0
   102542	2021-10-04 19:03:36	1	1	15	0
   108523	2021-10-04 20:17:21	1	1	15	0
   108666	2021-10-04 20:46:59	1	1	15	0
   108610	2021-10-04 22:30:25	1	1	15	0
   108658	2021-10-05 00:00:14	1	1	15	0
   108663	2021-10-05 00:01:11	1	1	15	0
   108598	2021-10-05 00:01:21	1	1	15	0
    10456	2021-10-05 05:46:42	1	0	15	0
   101437	2021-10-05 05:58:53	1	0	15	0
   102526	2021-10-05 06:29:50	1	0	15	0
   108658	2021-10-05 06:32:53	1	0	15	0
    10324	2021-10-05 06:38:34	1	0	15	0
   108617	2021-10-05 06:52:08	1	0	15	0
    10214	2021-10-05 06:52:43	1	0	15	0
   108630	2021-10-05 06:53:15	1	0	15	0
   108533	2021-10-05 06:56:38	1	0	15	0
   108662	2021-10-05 06:57:27	1	0	15	0
   108587	2021-10-05 07:02:40	1	0	15	0
   108587	2021-10-05 07:02:43	1	0	15	0
   108635	2021-10-05 07:09:51	1	0	15	0
    10372	2021-10-05 07:10:32	1	0	15	0
   102542	2021-10-05 07:13:56	1	0	15	0
   101451	2021-10-05 07:16:31	1	0	15	0
   108523	2021-10-05 07:21:52	1	0	15	0
   108472	2021-10-05 07:23:02	1	0	15	0
   108667	2021-10-05 07:24:06	1	0	15	0
   108538	2021-10-05 07:24:43	1	0	15	0
   108613	2021-10-05 07:27:11	1	0	15	0
    10065	2021-10-05 07:27:18	1	0	15	0
    10159	2021-10-05 07:29:10	1	0	15	0
   108568	2021-10-05 07:32:00	1	0	15	0
   108556	2021-10-05 07:32:20	1	0	15	0
   108585	2021-10-05 07:33:04	1	0	15	0
    10278	2021-10-05 07:33:46	1	0	15	0
    10080	2021-10-05 07:33:59	1	0	15	0
    10228	2021-10-05 07:35:53	1	0	15	0
   108673	2021-10-05 07:40:00	1	0	15	0
    10033	2021-10-05 07:41:53	1	0	15	0
   108674	2021-10-05 07:44:04	1	0	15	0
   101432	2021-10-05 07:47:57	1	0	15	0
   108672	2021-10-05 07:48:23	1	0	15	0
   108672	2021-10-05 07:48:26	1	0	15	0
   108638	2021-10-05 07:48:37	1	0	15	0
   108619	2021-10-05 07:51:06	1	0	15	0
    10221	2021-10-05 07:52:16	1	0	15	0
    10025	2021-10-05 07:52:41	1	0	15	0
    10284	2021-10-05 07:53:15	1	0	15	0
   108489	2021-10-05 07:54:48	1	0	15	0
   102524	2021-10-05 07:55:09	1	0	15	0
    10129	2021-10-05 07:55:47	1	0	15	0
    19980	2021-10-05 07:56:35	1	0	15	0
   108579	2021-10-05 07:57:36	1	0	15	0
   108469	2021-10-05 07:59:22	1	0	15	0
   108610	2021-10-05 08:01:48	1	0	15	0
   108663	2021-10-05 08:01:54	1	0	15	0
   108598	2021-10-05 08:01:58	1	0	15	0
   108611	2021-10-05 08:02:12	1	0	15	0
   108591	2021-10-05 08:05:40	1	0	15	0
   500001	2021-10-05 08:07:07	1	0	15	0
   108666	2021-10-05 08:08:04	1	0	15	0
    10458	2021-10-05 08:08:14	1	0	15	0
    10063	2021-10-05 08:13:35	1	0	15	0
    10149	2021-10-05 08:13:45	1	0	15	0
   108671	2021-10-05 08:13:56	1	0	15	0
    10076	2021-10-05 08:14:08	1	0	15	0
    10550	2021-10-05 08:24:58	1	0	15	0
   102579	2021-10-05 08:34:44	1	0	15	0
    10138	2021-10-05 08:34:53	1	0	15	0
    10456	2021-10-05 14:24:26	1	1	15	0
   101437	2021-10-05 16:01:25	1	1	15	0
   108630	2021-10-05 16:01:29	1	1	15	0
   101451	2021-10-05 16:01:36	1	1	15	0
   101451	2021-10-05 16:01:38	1	1	15	0
    10214	2021-10-05 16:01:49	1	1	15	0
    10278	2021-10-05 16:08:45	1	1	15	0
    10284	2021-10-05 16:08:56	1	1	15	0
   108538	2021-10-05 16:09:07	1	1	15	0
   108587	2021-10-05 16:09:13	1	1	15	0
   108587	2021-10-05 16:09:15	1	1	15	0
   102526	2021-10-05 16:09:27	1	1	15	0
    10228	2021-10-05 16:09:53	1	1	15	0
    19980	2021-10-05 16:10:30	1	1	15	0
    19980	2021-10-05 16:10:32	1	1	15	0
    10138	2021-10-05 16:13:04	1	1	15	0
    10348	2021-10-05 16:16:06	1	1	15	0
    10348	2021-10-05 16:16:08	1	1	15	0
   108619	2021-10-05 16:17:24	1	1	15	0
   108469	2021-10-05 16:22:36	1	1	15	0
    10080	2021-10-05 17:01:28	1	1	15	0
   102524	2021-10-05 17:01:43	1	1	15	0
   108472	2021-10-05 17:01:50	1	1	15	0
    10324	2021-10-05 17:01:58	1	1	15	0
   101432	2021-10-05 17:02:09	1	1	15	0
   108613	2021-10-05 17:02:22	1	1	15	0
    10372	2021-10-05 17:02:54	1	1	15	0
   108617	2021-10-05 17:03:18	1	1	15	0
    10458	2021-10-05 17:03:30	1	1	15	0
    10033	2021-10-05 17:03:36	1	1	15	0
    10221	2021-10-05 17:03:44	1	1	15	0
   108611	2021-10-05 17:04:06	1	1	15	0
    10550	2021-10-05 17:04:13	1	1	15	0
   108579	2021-10-05 17:04:20	1	1	15	0
    10065	2021-10-05 17:04:32	1	1	15	0
   108585	2021-10-05 17:06:46	1	1	15	0
   108591	2021-10-05 17:07:58	1	1	15	0
   108638	2021-10-05 17:09:12	1	1	15	0
   108635	2021-10-05 17:11:45	1	1	15	0
   108556	2021-10-05 17:12:18	1	1	15	0
   108489	2021-10-05 17:13:31	1	1	15	0
   108667	2021-10-05 17:15:35	1	1	15	0
   108666	2021-10-05 17:29:37	1	1	15	0
   108568	2021-10-05 17:35:27	1	1	15	0
   500001	2021-10-05 17:43:48	1	1	15	0
   108674	2021-10-05 17:46:33	1	1	15	0
   108673	2021-10-05 17:47:45	1	1	15	0
   102579	2021-10-05 17:49:38	1	1	15	0
   108671	2021-10-05 17:49:48	1	1	15	0
   108672	2021-10-05 17:49:55	1	1	15	0
    10063	2021-10-05 17:51:27	1	1	15	0
    10149	2021-10-05 17:51:36	1	1	15	0
    10076	2021-10-05 17:51:54	1	1	15	0
    10159	2021-10-05 18:13:39	1	1	15	0
    10129	2021-10-05 18:42:05	1	1	15	0
   108523	2021-10-05 20:36:20	1	1	15	0
   108610	2021-10-05 21:04:28	1	1	15	0
   108533	2021-10-05 22:07:00	1	1	15	0
   102542	2021-10-05 22:08:09	1	1	15	0
   108658	2021-10-06 00:00:04	1	1	15	0
   108663	2021-10-06 00:00:52	1	1	15	0
   108598	2021-10-06 00:01:49	1	1	15	0
   108619	2021-10-06 04:48:45	1	1	15	0
    10348	2021-10-06 05:06:38	1	1	15	0
    10138	2021-10-06 05:30:39	1	1	15	0
    10456	2021-10-06 05:48:06	1	0	15	0
   102526	2021-10-06 06:19:35	1	0	15	0
   108617	2021-10-06 06:44:25	1	0	15	0
   108662	2021-10-06 06:44:47	1	0	15	0
   108658	2021-10-06 06:45:18	1	0	15	0
    10214	2021-10-06 06:46:23	1	0	15	0
    10372	2021-10-06 07:06:57	1	0	15	0
    10372	2021-10-06 07:06:59	1	0	15	0
    10356	2021-10-06 07:08:42	1	0	15	0
   108587	2021-10-06 07:09:18	1	0	15	0
   108538	2021-10-06 07:12:21	1	0	15	0
   108556	2021-10-06 07:13:40	1	0	15	0
   108635	2021-10-06 07:15:29	1	0	15	0
   101432	2021-10-06 07:18:39	1	0	15	0
   108533	2021-10-06 07:19:40	1	0	15	0
    10080	2021-10-06 07:20:49	1	0	15	0
   101451	2021-10-06 07:21:41	1	0	15	0
   108472	2021-10-06 07:28:34	1	0	15	0
    10324	2021-10-06 07:28:49	1	0	15	0
   108585	2021-10-06 07:32:50	1	0	15	0
    10159	2021-10-06 07:33:32	1	0	15	0
   108669	2021-10-06 07:33:42	1	0	15	0
   102542	2021-10-06 07:33:52	1	0	15	0
   108667	2021-10-06 07:34:23	1	0	15	0
    10033	2021-10-06 07:35:57	1	0	15	0
    10278	2021-10-06 07:36:38	1	0	15	0
   108523	2021-10-06 07:37:29	1	0	15	0
   108638	2021-10-06 07:42:36	1	0	15	0
   108673	2021-10-06 07:45:25	1	0	15	0
    10065	2021-10-06 07:46:40	1	0	15	0
   108674	2021-10-06 07:48:40	1	0	15	0
   108666	2021-10-06 07:49:11	1	0	15	0
   108610	2021-10-06 07:51:55	1	0	15	0
    19980	2021-10-06 07:52:22	1	0	15	0
    10129	2021-10-06 07:52:47	1	0	15	0
   108469	2021-10-06 07:54:25	1	0	15	0
    10228	2021-10-06 07:55:15	1	0	15	0
   108579	2021-10-06 07:58:19	1	0	15	0
   108672	2021-10-06 08:00:10	1	0	15	0
    10221	2021-10-06 08:00:28	1	0	15	0
   108489	2021-10-06 08:00:38	1	0	15	0
   102524	2021-10-06 08:00:47	1	0	15	0
   108663	2021-10-06 08:00:53	1	0	15	0
   108591	2021-10-06 08:01:01	1	0	15	0
   108598	2021-10-06 08:01:12	1	0	15	0
    10063	2021-10-06 08:01:35	1	0	15	0
    10149	2021-10-06 08:01:44	1	0	15	0
   108671	2021-10-06 08:01:57	1	0	15	0
    10076	2021-10-06 08:02:05	1	0	15	0
    10284	2021-10-06 08:03:40	1	0	15	0
    10458	2021-10-06 08:07:42	1	0	15	0
   108549	2021-10-06 08:11:19	1	0	15	0
   102579	2021-10-06 08:11:48	1	0	15	0
   500001	2021-10-06 08:30:26	1	0	15	0
   108611	2021-10-06 09:08:39	1	0	15	0
    10127	2021-10-06 09:42:12	1	0	15	0
    10033	2021-10-06 12:02:38	1	0	15	0
    10284	2021-10-06 12:08:14	1	1	15	0
   108538	2021-10-06 16:06:09	1	1	15	0
   108472	2021-10-06 16:06:43	1	1	15	0
    10228	2021-10-06 16:06:57	1	1	15	0
   108469	2021-10-06 16:09:07	1	1	15	0
   108549	2021-10-06 16:10:31	1	1	15	0
    10138	2021-10-06 16:24:02	1	1	15	0
    10138	2021-10-06 16:24:04	1	1	15	0
   108619	2021-10-06 16:29:43	1	1	15	0
    10348	2021-10-06 16:34:23	1	1	15	0
    10278	2021-10-06 16:38:55	1	1	15	0
    10456	2021-10-06 17:00:51	1	1	15	0
    10080	2021-10-06 17:01:04	1	1	15	0
    10356	2021-10-06 17:01:21	1	1	15	0
    10324	2021-10-06 17:01:29	1	1	15	0
    10214	2021-10-06 17:01:36	1	1	15	0
    10372	2021-10-06 17:01:47	1	1	15	0
   101451	2021-10-06 17:02:09	1	1	15	0
   102526	2021-10-06 17:02:16	1	1	15	0
   108617	2021-10-06 17:02:32	1	1	15	0
   108489	2021-10-06 17:03:08	1	1	15	0
    19980	2021-10-06 17:03:22	1	1	15	0
   108587	2021-10-06 17:03:33	1	1	15	0
   108587	2021-10-06 17:03:35	1	1	15	0
   108673	2021-10-06 17:04:05	1	1	15	0
   108579	2021-10-06 17:04:11	1	1	15	0
   108611	2021-10-06 17:04:25	1	1	15	0
   108669	2021-10-06 17:05:24	1	1	15	0
    10221	2021-10-06 17:05:42	1	1	15	0
    10458	2021-10-06 17:06:57	1	1	15	0
   108635	2021-10-06 17:07:10	1	1	15	0
    10065	2021-10-06 17:07:57	1	1	15	0
   108556	2021-10-06 17:09:33	1	1	15	0
   102524	2021-10-06 17:09:49	1	1	15	0
   101432	2021-10-06 17:10:06	1	1	15	0
   108585	2021-10-06 17:12:40	1	1	15	0
   108672	2021-10-06 17:13:47	1	1	15	0
   108638	2021-10-06 17:19:07	1	1	15	0
   108674	2021-10-06 17:28:16	1	1	15	0
    10063	2021-10-06 17:29:00	1	1	15	0
    10063	2021-10-06 17:29:02	1	1	15	0
   108671	2021-10-06 17:29:40	1	1	15	0
    10076	2021-10-06 17:31:36	1	1	15	0
    10149	2021-10-06 17:35:26	1	1	15	0
   500001	2021-10-06 17:38:09	1	1	15	0
   108667	2021-10-06 17:44:05	1	1	15	0
   102579	2021-10-06 18:26:09	1	1	15	0
    10129	2021-10-06 18:37:30	1	1	15	0
   108666	2021-10-06 19:32:56	1	1	15	0
   108523	2021-10-06 20:10:11	1	1	15	0
   108662	2021-10-06 20:31:17	1	1	15	0
   108658	2021-10-06 20:31:26	1	1	15	0
   108533	2021-10-06 21:04:40	1	1	15	0
   102542	2021-10-06 21:12:13	1	1	15	0
   108610	2021-10-07 00:00:38	1	1	15	0
    10127	2021-10-07 00:00:47	1	1	15	0
   108663	2021-10-07 00:01:40	1	1	15	0
   108598	2021-10-07 00:01:46	1	1	15	0
    10456	2021-10-07 05:49:23	1	0	15	0
   101437	2021-10-07 06:11:55	1	0	15	0
   101437	2021-10-07 06:11:57	1	0	15	0
   102526	2021-10-07 06:22:59	1	0	15	0
   108617	2021-10-07 06:38:06	1	0	15	0
    10372	2021-10-07 06:38:29	1	0	15	0
   108654	2021-10-07 06:40:16	1	0	15	0
    10324	2021-10-07 06:43:53	1	0	15	0
   108556	2021-10-07 07:00:21	1	0	15	0
   108662	2021-10-07 07:01:31	1	0	15	0
    10356	2021-10-07 07:05:54	1	0	15	0
   108587	2021-10-07 07:07:17	1	0	15	0
   108630	2021-10-07 07:08:25	1	0	15	0
   108635	2021-10-07 07:09:12	1	0	15	0
   101432	2021-10-07 07:18:54	1	0	15	0
   101451	2021-10-07 07:23:44	1	0	15	0
   108472	2021-10-07 07:24:11	1	0	15	0
    10159	2021-10-07 07:27:16	1	0	15	0
    10278	2021-10-07 07:27:57	1	0	15	0
    10080	2021-10-07 07:31:46	1	0	15	0
   108538	2021-10-07 07:32:23	1	0	15	0
   108585	2021-10-07 07:32:57	1	0	15	0
   108658	2021-10-07 07:34:07	1	0	15	0
   108673	2021-10-07 07:34:12	1	0	15	0
    10033	2021-10-07 07:35:10	1	0	15	0
   108667	2021-10-07 07:35:40	1	0	15	0
   108568	2021-10-07 07:36:03	1	0	15	0
   108638	2021-10-07 07:38:19	1	0	15	0
   108672	2021-10-07 07:38:32	1	0	15	0
   108669	2021-10-07 07:39:33	1	0	15	0
   108549	2021-10-07 07:39:51	1	0	15	0
   108674	2021-10-07 07:42:08	1	0	15	0
    10221	2021-10-07 07:44:28	1	0	15	0
    10129	2021-10-07 07:48:06	1	0	15	0
    10025	2021-10-07 07:49:37	1	0	15	0
    10284	2021-10-07 07:49:48	1	0	15	0
    10284	2021-10-07 07:49:51	1	0	15	0
   108469	2021-10-07 07:53:43	1	0	15	0
   108523	2021-10-07 07:53:56	1	0	15	0
   108663	2021-10-07 07:54:04	1	0	15	0
    10127	2021-10-07 07:54:10	1	0	15	0
   108610	2021-10-07 07:54:18	1	0	15	0
   108489	2021-10-07 07:54:49	1	0	15	0
   108489	2021-10-07 07:54:52	1	0	15	0
   108598	2021-10-07 07:55:00	1	0	15	0
   102524	2021-10-07 07:55:13	1	0	15	0
    10228	2021-10-07 07:56:43	1	0	15	0
   108619	2021-10-07 07:57:10	1	0	15	0
    19980	2021-10-07 07:57:18	1	0	15	0
    10065	2021-10-07 07:57:24	1	0	15	0
    10065	2021-10-07 07:57:26	1	0	15	0
    10065	2021-10-07 07:57:34	1	0	15	0
    10348	2021-10-07 07:58:24	1	0	15	0
   108579	2021-10-07 07:59:56	1	0	15	0
    10309	2021-10-07 08:01:26	1	0	15	0
   102542	2021-10-07 08:01:52	1	0	15	0
   108613	2021-10-07 08:04:16	1	0	15	0
    10063	2021-10-07 08:06:12	1	0	15	0
   108671	2021-10-07 08:06:23	1	0	15	0
    10076	2021-10-07 08:06:28	1	0	15	0
    10138	2021-10-07 08:06:50	1	0	15	0
   108591	2021-10-07 08:10:20	1	0	15	0
   108666	2021-10-07 08:12:32	1	0	15	0
   500001	2021-10-07 08:12:54	1	0	15	0
   108611	2021-10-07 08:15:38	1	0	15	0
   102579	2021-10-07 08:54:38	1	0	15	0
   108630	2021-10-07 16:01:51	1	0	15	0
   108613	2021-10-07 16:01:59	1	0	15	0
   102526	2021-10-07 16:02:13	1	0	15	0
   102526	2021-10-07 16:03:08	1	1	15	0
    10456	2021-10-07 16:03:14	1	1	15	0
    10228	2021-10-07 16:04:01	1	1	15	0
    10324	2021-10-07 16:04:20	1	1	15	0
   101437	2021-10-07 16:04:32	1	1	15	0
    10372	2021-10-07 16:06:51	1	1	15	0
    10284	2021-10-07 16:07:13	1	1	15	0
   108619	2021-10-07 16:08:52	1	1	15	0
    10309	2021-10-07 16:09:06	1	1	15	0
   108469	2021-10-07 16:15:48	1	1	15	0
   108549	2021-10-07 17:01:20	1	1	15	0
    10033	2021-10-07 17:01:35	1	1	15	0
    10458	2021-10-07 17:01:53	1	1	15	0
   102524	2021-10-07 17:02:12	1	1	15	0
   108538	2021-10-07 17:02:25	1	1	15	0
   101451	2021-10-07 17:02:32	1	1	15	0
   108617	2021-10-07 17:02:48	1	1	15	0
   108489	2021-10-07 17:03:10	1	1	15	0
    10080	2021-10-07 17:03:20	1	1	15	0
    19980	2021-10-07 17:03:43	1	1	15	0
   101432	2021-10-07 17:03:51	1	1	15	0
   108568	2021-10-07 17:04:07	1	1	15	0
    10025	2021-10-07 17:04:34	1	1	15	0
    10221	2021-10-07 17:04:47	1	1	15	0
   108638	2021-10-07 17:05:17	1	1	15	0
   108674	2021-10-07 17:06:07	1	1	15	0
   108579	2021-10-07 17:06:20	1	1	15	0
   108673	2021-10-07 17:06:27	1	1	15	0
   108669	2021-10-07 17:06:39	1	1	15	0
   108591	2021-10-07 17:06:51	1	1	15	0
   108611	2021-10-07 17:07:02	1	1	15	0
    10065	2021-10-07 17:07:19	1	1	15	0
   108674	2021-10-07 17:07:44	1	1	15	0
   108556	2021-10-07 17:07:54	1	1	15	0
    10138	2021-10-07 17:08:05	1	1	15	0
   108585	2021-10-07 17:08:13	1	1	15	0
   108635	2021-10-07 17:16:10	1	1	15	0
   500001	2021-10-07 17:21:29	1	1	15	0
   500001	2021-10-07 17:21:32	1	1	15	0
   102579	2021-10-07 17:24:47	1	1	15	0
    10159	2021-10-07 17:38:17	1	1	15	0
   108672	2021-10-07 17:52:29	1	1	15	0
    10063	2021-10-07 17:55:43	1	1	15	0
   108671	2021-10-07 17:56:06	1	1	15	0
    10076	2021-10-07 17:57:13	1	1	15	0
   108667	2021-10-07 18:02:57	1	1	15	0
   108472	2021-10-07 18:03:19	1	1	15	0
    10356	2021-10-07 18:04:03	1	1	15	0
    10278	2021-10-07 18:05:27	1	1	15	0
    10129	2021-10-07 18:44:20	1	1	15	0
   108666	2021-10-07 19:00:41	1	1	15	0
   108587	2021-10-07 20:05:32	1	1	15	0
   108587	2021-10-07 20:05:34	1	1	15	0
   102542	2021-10-07 20:05:55	1	1	15	0
   108523	2021-10-07 20:27:01	1	1	15	0
   108658	2021-10-07 22:01:16	1	1	15	0
   108610	2021-10-07 23:57:21	1	1	15	0
    10127	2021-10-08 01:06:25	1	1	15	0
    10127	2021-10-08 01:06:28	1	1	15	0
   108663	2021-10-08 01:06:36	1	1	15	0
   108598	2021-10-08 01:06:45	1	1	15	0
    10456	2021-10-08 05:45:31	1	0	15	0
   101437	2021-10-08 06:04:06	1	0	15	0
   102526	2021-10-08 06:26:10	1	0	15	0
   108662	2021-10-08 06:42:13	1	0	15	0
   108617	2021-10-08 06:44:39	1	0	15	0
   108630	2021-10-08 06:58:28	1	0	15	0
   108587	2021-10-08 06:59:19	1	0	15	0
   108587	2021-10-08 06:59:22	1	0	15	0
   108556	2021-10-08 07:04:27	1	0	15	0
   108635	2021-10-08 07:14:08	1	0	15	0
   101451	2021-10-08 07:14:23	1	0	15	0
   108533	2021-10-08 07:14:48	1	0	15	0
    10356	2021-10-08 07:16:11	1	0	15	0
    10372	2021-10-08 07:20:53	1	0	15	0
    10080	2021-10-08 07:23:21	1	0	15	0
    10065	2021-10-08 07:23:59	1	0	15	0
    10065	2021-10-08 07:24:01	1	0	15	0
    10065	2021-10-08 07:24:09	1	0	15	0
   108658	2021-10-08 07:24:38	1	0	15	0
    10324	2021-10-08 07:24:52	1	0	15	0
    10278	2021-10-08 07:27:30	1	0	15	0
   108472	2021-10-08 07:27:38	1	0	15	0
   108549	2021-10-08 07:28:06	1	0	15	0
    10033	2021-10-08 07:28:27	1	0	15	0
    10033	2021-10-08 07:28:29	1	0	15	0
   108673	2021-10-08 07:30:07	1	0	15	0
   102542	2021-10-08 07:34:11	1	0	15	0
   108568	2021-10-08 07:36:29	1	0	15	0
    10159	2021-10-08 07:37:15	1	0	15	0
   108667	2021-10-08 07:38:38	1	0	15	0
   108669	2021-10-08 07:39:38	1	0	15	0
   108638	2021-10-08 07:39:47	1	0	15	0
    10127	2021-10-08 07:45:16	1	0	15	0
   108469	2021-10-08 07:45:24	1	0	15	0
   108523	2021-10-08 07:45:41	1	0	15	0
    10129	2021-10-08 07:45:59	1	0	15	0
    10221	2021-10-08 07:47:20	1	0	15	0
   101432	2021-10-08 07:47:43	1	0	15	0
   108674	2021-10-08 07:48:27	1	0	15	0
    10228	2021-10-08 07:52:15	1	0	15	0
    10284	2021-10-08 07:53:28	1	0	15	0
   108619	2021-10-08 07:56:15	1	0	15	0
    19980	2021-10-08 07:56:29	1	0	15	0
    19980	2021-10-08 07:56:31	1	0	15	0
    19980	2021-10-08 07:56:33	1	0	15	0
   108538	2021-10-08 07:57:57	1	0	15	0
   108672	2021-10-08 07:58:36	1	0	15	0
   108489	2021-10-08 07:59:22	1	0	15	0
   102524	2021-10-08 07:59:36	1	0	15	0
    10309	2021-10-08 08:00:31	1	0	15	0
   108579	2021-10-08 08:02:12	1	0	15	0
   108666	2021-10-08 08:03:02	1	0	15	0
   108663	2021-10-08 08:05:42	1	0	15	0
   108610	2021-10-08 08:05:47	1	0	15	0
   108598	2021-10-08 08:05:53	1	0	15	0
    10138	2021-10-08 08:06:24	1	0	15	0
   108591	2021-10-08 08:07:11	1	0	15	0
    10458	2021-10-08 08:09:26	1	0	15	0
    10149	2021-10-08 08:11:35	1	0	15	0
   108671	2021-10-08 08:11:59	1	0	15	0
    10076	2021-10-08 08:12:07	1	0	15	0
   108613	2021-10-08 08:12:55	1	0	15	0
   108613	2021-10-08 08:12:57	1	0	15	0
   500001	2021-10-08 08:24:22	1	0	15	0
    10550	2021-10-08 08:31:24	1	0	15	0
   102579	2021-10-08 08:34:42	1	0	15	0
    10063	2021-10-08 09:28:31	1	0	15	0
   108515	2021-10-08 10:19:45	1	0	15	0
   108630	2021-10-08 16:02:02	1	0	15	0
   108613	2021-10-08 16:02:10	1	0	15	0
    10284	2021-10-08 16:02:46	1	1	15	0
    10456	2021-10-08 16:02:52	1	1	15	0
   101437	2021-10-08 16:03:06	1	1	15	0
   108538	2021-10-08 16:03:15	1	1	15	0
    10278	2021-10-08 16:03:34	1	1	15	0
    10228	2021-10-08 16:03:43	1	1	15	0
   108472	2021-10-08 16:04:10	1	1	15	0
    10356	2021-10-08 16:05:14	1	1	15	0
   108469	2021-10-08 16:30:10	1	1	15	0
   108619	2021-10-08 16:31:58	1	1	15	0
    10324	2021-10-08 17:01:17	1	1	15	0
    10080	2021-10-08 17:01:27	1	1	15	0
   101451	2021-10-08 17:01:36	1	1	15	0
   102524	2021-10-08 17:01:52	1	1	15	0
   108617	2021-10-08 17:02:17	1	1	15	0
    10372	2021-10-08 17:02:28	1	1	15	0
   108489	2021-10-08 17:02:40	1	1	15	0
    10550	2021-10-08 17:02:53	1	1	15	0
   101432	2021-10-08 17:03:04	1	1	15	0
   102526	2021-10-08 17:03:37	1	1	15	0
    10221	2021-10-08 17:04:09	1	1	15	0
   500001	2021-10-08 17:04:25	1	1	15	0
    19980	2021-10-08 17:04:52	1	1	15	0
    19980	2021-10-08 17:04:54	1	1	15	0
    10309	2021-10-08 17:05:30	1	1	15	0
    10033	2021-10-08 17:05:59	1	1	15	0
   108587	2021-10-08 17:06:22	1	1	15	0
   108587	2021-10-08 17:06:24	1	1	15	0
   108638	2021-10-08 17:06:30	1	1	15	0
   108556	2021-10-08 17:06:42	1	1	15	0
   108669	2021-10-08 17:06:51	1	1	15	0
   108673	2021-10-08 17:09:05	1	1	15	0
   108568	2021-10-08 17:09:13	1	1	15	0
    10065	2021-10-08 17:10:11	1	1	15	0
   108635	2021-10-08 17:12:12	1	1	15	0
    10458	2021-10-08 17:12:34	1	1	15	0
    10032	2021-10-08 17:20:37	1	1	15	0
    10159	2021-10-08 17:21:09	1	1	15	0
   108591	2021-10-08 17:29:13	1	1	15	0
   108674	2021-10-08 17:32:42	1	1	15	0
   108672	2021-10-08 17:33:41	1	1	15	0
   108667	2021-10-08 18:05:53	1	1	15	0
   108579	2021-10-08 18:06:01	1	1	15	0
   108671	2021-10-08 18:06:11	1	1	15	0
   102579	2021-10-08 18:33:01	1	1	15	0
    10063	2021-10-08 18:33:11	1	1	15	0
   108610	2021-10-08 18:33:22	1	1	15	0
    10127	2021-10-08 18:35:58	1	1	15	0
    10076	2021-10-08 18:36:17	1	1	15	0
    10149	2021-10-08 18:36:57	1	1	15	0
    10129	2021-10-08 19:22:13	1	1	15	0
   102542	2021-10-08 20:00:58	1	1	15	0
   108533	2021-10-08 20:01:08	1	1	15	0
   108533	2021-10-08 20:01:10	1	1	15	0
   108523	2021-10-08 20:20:53	1	1	15	0
   108549	2021-10-08 21:00:17	1	1	15	0
    10138	2021-10-08 21:00:37	1	1	15	0
   108663	2021-10-08 21:07:11	1	1	15	0
   108515	2021-10-08 21:16:37	1	1	15	0
   108598	2021-10-08 21:34:06	1	1	15	0
   108662	2021-10-08 21:35:02	1	1	15	0
   108658	2021-10-08 21:35:13	1	1	15	0
   108666	2021-10-08 22:00:16	1	1	15	0
    10456	2021-10-09 05:53:12	1	0	15	0
   102526	2021-10-09 06:22:21	1	0	15	0
   108630	2021-10-09 06:39:16	1	0	15	0
    10356	2021-10-09 07:04:43	1	0	15	0
   108538	2021-10-09 07:11:56	1	0	15	0
   108587	2021-10-09 07:13:05	1	0	15	0
   108533	2021-10-09 07:16:11	1	0	15	0
    10033	2021-10-09 07:18:38	1	0	15	0
   108672	2021-10-09 07:19:38	1	0	15	0
   108472	2021-10-09 07:23:37	1	0	15	0
   108549	2021-10-09 07:27:05	1	0	15	0
    10278	2021-10-09 07:32:19	1	0	15	0
    10278	2021-10-09 07:32:21	1	0	15	0
   108671	2021-10-09 07:38:13	1	0	15	0
   108667	2021-10-09 07:38:21	1	0	15	0
   102542	2021-10-09 07:40:15	1	0	15	0
    10129	2021-10-09 07:46:36	1	0	15	0
   108610	2021-10-09 07:48:14	1	0	15	0
   108593	2021-10-09 07:49:07	1	0	15	0
   108469	2021-10-09 07:49:39	1	0	15	0
   108673	2021-10-09 07:51:43	1	0	15	0
   108619	2021-10-09 07:52:03	1	0	15	0
    19980	2021-10-09 07:55:18	1	0	15	0
   108662	2021-10-09 07:59:45	1	0	15	0
   108658	2021-10-09 08:00:11	1	0	15	0
   108523	2021-10-09 08:00:36	1	0	15	0
    10309	2021-10-09 08:00:55	1	0	15	0
   108663	2021-10-09 08:01:33	1	0	15	0
    10348	2021-10-09 08:01:52	1	0	15	0
    10032	2021-10-09 08:04:59	1	0	15	0
    10138	2021-10-09 08:09:14	1	0	15	0
   108515	2021-10-09 08:11:54	1	0	15	0
   108598	2021-10-09 08:12:49	1	0	15	0
    10076	2021-10-09 08:16:59	1	0	15	0
    10127	2021-10-09 09:03:46	1	0	15	0
   102579	2021-10-09 11:55:11	1	0	15	0
   108593	2021-10-09 12:00:31	1	0	15	0
   108630	2021-10-09 12:00:35	1	0	15	0
   108591	2021-10-09 12:29:48	1	0	15	0
    10456	2021-10-09 14:53:36	1	1	15	0
   108672	2021-10-09 15:05:09	1	1	15	0
   108538	2021-10-09 16:01:03	1	1	15	0
   108472	2021-10-09 16:01:18	1	1	15	0
   102526	2021-10-09 16:01:42	1	1	15	0
   108587	2021-10-09 16:02:11	1	1	15	0
   108587	2021-10-09 16:02:13	1	1	15	0
   108619	2021-10-09 16:02:19	1	1	15	0
    10356	2021-10-09 16:02:35	1	1	15	0
   108549	2021-10-09 16:04:02	1	1	15	0
    10309	2021-10-09 16:04:25	1	1	15	0
    10032	2021-10-09 16:07:30	1	1	15	0
    10033	2021-10-09 16:15:52	1	1	15	0
    10348	2021-10-09 16:17:17	1	1	15	0
    10138	2021-10-09 16:18:50	1	1	15	0
   108469	2021-10-09 16:26:49	1	1	15	0
    19980	2021-10-09 16:34:39	1	1	15	0
   108533	2021-10-09 17:00:38	1	1	15	0
    10278	2021-10-09 17:01:12	1	1	15	0
    10129	2021-10-09 17:03:32	1	1	15	0
   102579	2021-10-09 17:04:14	1	1	15	0
    10076	2021-10-09 17:05:36	1	1	15	0
   102542	2021-10-09 17:08:55	1	1	15	0
   108671	2021-10-09 17:10:50	1	1	15	0
   108667	2021-10-09 17:10:58	1	1	15	0
    10127	2021-10-09 17:11:09	1	1	15	0
   108591	2021-10-09 17:17:53	1	1	15	0
   108515	2021-10-09 17:20:47	1	1	15	0
   108515	2021-10-09 17:20:49	1	1	15	0
   108515	2021-10-09 17:20:54	1	1	15	0
   108673	2021-10-09 17:50:20	1	1	15	0
   108658	2021-10-09 17:50:30	1	1	15	0
   108663	2021-10-09 20:37:32	1	1	15	0
   108610	2021-10-09 20:37:40	1	1	15	0
   108598	2021-10-09 20:37:50	1	1	15	0
   108523	2021-10-09 22:14:26	1	1	15	0
   108662	2021-10-09 23:00:56	1	1	15	0
   108472	2021-10-10 06:38:16	1	1	15	0
    10356	2021-10-10 06:39:28	1	1	15	0
    10348	2021-10-10 06:55:19	1	1	15	0
   108472	2021-10-10 11:02:12	1	1	15	0
    10348	2021-10-10 11:02:35	1	1	15	0
    10356	2021-10-10 11:03:17	1	1	15	0
