    10456	2021-05-26 06:08:20	1	0	15	0
   101437	2021-05-26 06:31:09	1	0	15	0
   101437	2021-05-26 06:31:12	1	0	15	0
   102526	2021-05-26 06:36:21	1	0	15	0
   108617	2021-05-26 06:47:08	1	0	15	0
   108533	2021-05-26 07:00:16	1	0	15	0
   108587	2021-05-26 07:01:09	1	0	15	0
   108630	2021-05-26 07:06:04	1	0	15	0
    10214	2021-05-26 07:12:48	1	0	15	0
    10214	2021-05-26 07:12:50	1	0	15	0
    10356	2021-05-26 07:13:31	1	0	15	0
   108472	2021-05-26 07:14:35	1	0	15	0
   101451	2021-05-26 07:16:07	1	0	15	0
   108523	2021-05-26 07:16:18	1	0	15	0
    10033	2021-05-26 07:18:43	1	0	15	0
    10080	2021-05-26 07:19:02	1	0	15	0
   108663	2021-05-26 07:19:46	1	0	15	0
   108593	2021-05-26 07:21:57	1	0	15	0
   108585	2021-05-26 07:23:09	1	0	15	0
   108667	2021-05-26 07:23:46	1	0	15	0
   108654	2021-05-26 07:23:55	1	0	15	0
   108657	2021-05-26 07:24:04	1	0	15	0
   108568	2021-05-26 07:27:28	1	0	15	0
   108670	2021-05-26 07:27:36	1	0	15	0
    10221	2021-05-26 07:31:28	1	0	15	0
   108538	2021-05-26 07:31:38	1	0	15	0
   108549	2021-05-26 07:31:53	1	0	15	0
   108662	2021-05-26 07:32:19	1	0	15	0
    10065	2021-05-26 07:35:28	1	0	15	0
    10284	2021-05-26 07:36:35	1	0	15	0
   108668	2021-05-26 07:39:00	1	0	15	0
   108658	2021-05-26 07:39:29	1	0	15	0
   101432	2021-05-26 07:39:46	1	0	15	0
   108669	2021-05-26 07:40:35	1	0	15	0
   108469	2021-05-26 07:40:46	1	0	15	0
   108673	2021-05-26 07:41:39	1	0	15	0
    10159	2021-05-26 07:42:01	1	0	15	0
    10127	2021-05-26 07:42:12	1	0	15	0
    10025	2021-05-26 07:42:21	1	0	15	0
    10278	2021-05-26 07:43:21	1	0	15	0
    10278	2021-05-26 07:43:23	1	0	15	0
   108556	2021-05-26 07:44:18	1	0	15	0
    10348	2021-05-26 07:44:30	1	0	15	0
   108672	2021-05-26 07:45:50	1	0	15	0
   108598	2021-05-26 07:46:33	1	0	15	0
   108638	2021-05-26 07:47:33	1	0	15	0
   108579	2021-05-26 07:50:42	1	0	15	0
   108635	2021-05-26 07:51:35	1	0	15	0
    19980	2021-05-26 07:51:47	1	0	15	0
    19980	2021-05-26 07:51:49	1	0	15	0
    10228	2021-05-26 07:53:01	1	0	15	0
    10309	2021-05-26 07:53:11	1	0	15	0
    10138	2021-05-26 07:54:25	1	0	15	0
    10129	2021-05-26 07:55:24	1	0	15	0
    10063	2021-05-26 07:56:30	1	0	15	0
    10149	2021-05-26 07:56:40	1	0	15	0
   108610	2021-05-26 07:56:47	1	0	15	0
   108671	2021-05-26 07:56:53	1	0	15	0
    10076	2021-05-26 07:57:06	1	0	15	0
   108619	2021-05-26 07:57:28	1	0	15	0
   102542	2021-05-26 07:58:32	1	0	15	0
   500001	2021-05-26 07:59:18	1	0	15	0
   102579	2021-05-26 07:59:51	1	0	15	0
   102579	2021-05-26 07:59:54	1	0	15	0
   102579	2021-05-26 08:00:01	1	0	15	0
    10032	2021-05-26 08:01:20	1	0	15	0
   108666	2021-05-26 08:01:59	1	0	15	0
   108613	2021-05-26 08:05:44	1	0	15	0
   108591	2021-05-26 08:05:56	1	0	15	0
   108611	2021-05-26 08:19:43	1	0	15	0
    10458	2021-05-26 08:29:52	1	0	15	0
   108505	2021-05-26 08:32:41	1	0	15	0
   102544	2021-05-26 08:33:49	1	0	15	0
   108515	2021-05-26 09:22:24	1	0	15	0
    10550	2021-05-26 09:30:01	1	0	15	0
    10284	2021-05-26 16:01:29	1	1	15	0
   101437	2021-05-26 16:01:45	1	1	15	0
    10456	2021-05-26 16:01:53	1	1	15	0
    10214	2021-05-26 16:02:01	1	1	15	0
   108630	2021-05-26 16:02:07	1	1	15	0
   108538	2021-05-26 16:02:13	1	1	15	0
   108472	2021-05-26 16:02:28	1	1	15	0
    10356	2021-05-26 16:03:06	1	1	15	0
   102526	2021-05-26 16:03:14	1	1	15	0
   108549	2021-05-26 16:04:07	1	1	15	0
    10278	2021-05-26 16:04:20	1	1	15	0
    10278	2021-05-26 16:04:22	1	1	15	0
    10138	2021-05-26 16:04:28	1	1	15	0
    10348	2021-05-26 16:04:37	1	1	15	0
    10309	2021-05-26 16:04:50	1	1	15	0
   108469	2021-05-26 16:06:04	1	1	15	0
    10228	2021-05-26 16:10:07	1	1	15	0
   102544	2021-05-26 16:22:37	1	1	15	0
   102542	2021-05-26 16:43:50	1	1	15	0
   108657	2021-05-26 17:00:12	1	1	15	0
   108613	2021-05-26 17:00:26	1	1	15	0
   108654	2021-05-26 17:00:32	1	1	15	0
   108619	2021-05-26 17:00:39	1	1	15	0
   108619	2021-05-26 17:00:41	1	1	15	0
    10159	2021-05-26 17:00:46	1	1	15	0
   101432	2021-05-26 17:00:56	1	1	15	0
    10080	2021-05-26 17:01:04	1	1	15	0
    10065	2021-05-26 17:01:34	1	1	15	0
   108515	2021-05-26 17:01:41	1	1	15	0
   108617	2021-05-26 17:01:56	1	1	15	0
    19980	2021-05-26 17:02:07	1	1	15	0
   108670	2021-05-26 17:02:26	1	1	15	0
    10550	2021-05-26 17:02:35	1	1	15	0
   108611	2021-05-26 17:02:43	1	1	15	0
   108669	2021-05-26 17:03:02	1	1	15	0
   108673	2021-05-26 17:03:24	1	1	15	0
   108579	2021-05-26 17:03:32	1	1	15	0
   108505	2021-05-26 17:03:40	1	1	15	0
   108635	2021-05-26 17:03:52	1	1	15	0
    10033	2021-05-26 17:04:02	1	1	15	0
    10221	2021-05-26 17:04:14	1	1	15	0
   500001	2021-05-26 17:04:23	1	1	15	0
   108591	2021-05-26 17:04:34	1	1	15	0
    10025	2021-05-26 17:04:57	1	1	15	0
   108668	2021-05-26 17:08:53	1	1	15	0
    10032	2021-05-26 17:09:31	1	1	15	0
   108556	2021-05-26 17:09:53	1	1	15	0
   108667	2021-05-26 17:11:33	1	1	15	0
   108672	2021-05-26 17:13:11	1	1	15	0
   108585	2021-05-26 17:13:58	1	1	15	0
   108585	2021-05-26 17:14:01	1	1	15	0
   108666	2021-05-26 17:17:20	1	1	15	0
   108638	2021-05-26 17:17:36	1	1	15	0
   102579	2021-05-26 17:18:49	1	1	15	0
   108568	2021-05-26 17:19:08	1	1	15	0
   108671	2021-05-26 17:19:44	1	1	15	0
    10063	2021-05-26 17:20:56	1	1	15	0
    10076	2021-05-26 17:21:13	1	1	15	0
    10149	2021-05-26 17:23:34	1	1	15	0
    10458	2021-05-26 18:08:42	1	1	15	0
    10129	2021-05-26 18:22:38	1	1	15	0
   108523	2021-05-26 18:44:43	1	1	15	0
   108593	2021-05-26 19:00:38	1	1	15	0
   108587	2021-05-26 19:01:31	1	1	15	0
   108587	2021-05-26 19:01:33	1	1	15	0
   108610	2021-05-26 20:32:54	1	1	15	0
   108663	2021-05-26 20:33:04	1	1	15	0
   108598	2021-05-26 20:33:14	1	1	15	0
   108658	2021-05-26 20:33:23	1	1	15	0
    10127	2021-05-26 21:52:25	1	1	15	0
   108662	2021-05-26 21:52:34	1	1	15	0
    10214	2021-05-27 02:56:30	1	1	15	0
    10214	2021-05-27 02:56:32	1	1	15	0
    10214	2021-05-27 02:57:23	1	0	15	0
    10356	2021-05-27 02:57:37	1	0	15	0
    10348	2021-05-27 02:58:17	1	0	15	0
    10348	2021-05-27 02:58:19	1	0	15	0
    10456	2021-05-27 06:08:02	1	0	15	0
   101437	2021-05-27 06:25:24	1	0	15	0
   102526	2021-05-27 06:31:29	1	0	15	0
   108587	2021-05-27 07:05:32	1	0	15	0
   108587	2021-05-27 07:05:34	1	0	15	0
   108585	2021-05-27 07:06:16	1	0	15	0
   108617	2021-05-27 07:08:31	1	0	15	0
   108657	2021-05-27 07:14:49	1	0	15	0
   108654	2021-05-27 07:14:55	1	0	15	0
   108630	2021-05-27 07:16:38	1	0	15	0
   108523	2021-05-27 07:16:48	1	0	15	0
   108472	2021-05-27 07:17:36	1	0	15	0
   101451	2021-05-27 07:17:53	1	0	15	0
   101432	2021-05-27 07:21:39	1	0	15	0
   108593	2021-05-27 07:23:35	1	0	15	0
   108670	2021-05-27 07:24:55	1	0	15	0
   108662	2021-05-27 07:26:28	1	0	15	0
   108667	2021-05-27 07:27:01	1	0	15	0
    10550	2021-05-27 07:28:07	1	0	15	0
   108556	2021-05-27 07:28:39	1	0	15	0
    10080	2021-05-27 07:29:49	1	0	15	0
   108638	2021-05-27 07:31:11	1	0	15	0
    10033	2021-05-27 07:38:02	1	0	15	0
   108673	2021-05-27 07:39:11	1	0	15	0
   108663	2021-05-27 07:39:20	1	0	15	0
    10025	2021-05-27 07:39:47	1	0	15	0
   108668	2021-05-27 07:40:29	1	0	15	0
    10138	2021-05-27 07:41:05	1	0	15	0
   108658	2021-05-27 07:41:43	1	0	15	0
   108672	2021-05-27 07:42:29	1	0	15	0
   108672	2021-05-27 07:42:31	1	0	15	0
   108549	2021-05-27 07:43:20	1	0	15	0
   108568	2021-05-27 07:43:29	1	0	15	0
   108469	2021-05-27 07:43:39	1	0	15	0
    10228	2021-05-27 07:43:49	1	0	15	0
   108669	2021-05-27 07:45:10	1	0	15	0
    10278	2021-05-27 07:45:22	1	0	15	0
    10065	2021-05-27 07:45:48	1	0	15	0
    10065	2021-05-27 07:45:50	1	0	15	0
    10065	2021-05-27 07:45:57	1	0	15	0
    10159	2021-05-27 07:47:06	1	0	15	0
   102542	2021-05-27 07:48:14	1	0	15	0
    10032	2021-05-27 07:48:36	1	0	15	0
   108579	2021-05-27 07:49:40	1	0	15	0
    10221	2021-05-27 07:51:10	1	0	15	0
   108591	2021-05-27 07:52:25	1	0	15	0
    19980	2021-05-27 07:53:21	1	0	15	0
    10309	2021-05-27 07:55:19	1	0	15	0
   108505	2021-05-27 07:55:46	1	0	15	0
   108619	2021-05-27 07:56:20	1	0	15	0
    10284	2021-05-27 07:59:33	1	0	15	0
    10063	2021-05-27 08:00:06	1	0	15	0
    10149	2021-05-27 08:00:16	1	0	15	0
    10127	2021-05-27 08:00:24	1	0	15	0
   108610	2021-05-27 08:00:30	1	0	15	0
   108671	2021-05-27 08:00:36	1	0	15	0
    10076	2021-05-27 08:00:48	1	0	15	0
   108666	2021-05-27 08:01:16	1	0	15	0
    10129	2021-05-27 08:01:26	1	0	15	0
   102579	2021-05-27 08:05:18	1	0	15	0
   102544	2021-05-27 08:10:03	1	0	15	0
   108635	2021-05-27 08:10:12	1	0	15	0
   108611	2021-05-27 08:14:15	1	0	15	0
   500001	2021-05-27 08:25:41	1	0	15	0
    10458	2021-05-27 08:30:48	1	0	15	0
   108613	2021-05-27 08:36:48	1	0	15	0
   108515	2021-05-27 09:27:40	1	0	15	0
   108593	2021-05-27 16:00:47	1	1	15	0
   101437	2021-05-27 16:01:14	1	1	15	0
   108472	2021-05-27 16:02:31	1	1	15	0
   102526	2021-05-27 16:04:23	1	1	15	0
    10138	2021-05-27 16:04:46	1	1	15	0
    10456	2021-05-27 16:05:00	1	1	15	0
   108587	2021-05-27 16:06:07	1	1	15	0
   108469	2021-05-27 16:07:02	1	1	15	0
   108619	2021-05-27 16:07:57	1	1	15	0
    10284	2021-05-27 16:08:07	1	1	15	0
    10550	2021-05-27 16:08:19	1	1	15	0
    10278	2021-05-27 16:08:54	1	1	15	0
    10309	2021-05-27 16:11:03	1	1	15	0
   108549	2021-05-27 16:12:01	1	1	15	0
    10228	2021-05-27 16:12:52	1	1	15	0
   102544	2021-05-27 16:33:28	1	1	15	0
   108654	2021-05-27 17:00:12	1	1	15	0
   108657	2021-05-27 17:00:19	1	1	15	0
   108630	2021-05-27 17:00:41	1	1	15	0
   108613	2021-05-27 17:00:53	1	1	15	0
   101451	2021-05-27 17:00:58	1	1	15	0
    10025	2021-05-27 17:01:08	1	1	15	0
   108617	2021-05-27 17:02:08	1	1	15	0
    10080	2021-05-27 17:02:23	1	1	15	0
   108556	2021-05-27 17:02:44	1	1	15	0
    19980	2021-05-27 17:03:04	1	1	15	0
   101432	2021-05-27 17:03:29	1	1	15	0
   108669	2021-05-27 17:03:40	1	1	15	0
   108670	2021-05-27 17:03:52	1	1	15	0
    10221	2021-05-27 17:04:15	1	1	15	0
   108611	2021-05-27 17:04:26	1	1	15	0
    10065	2021-05-27 17:04:35	1	1	15	0
    10065	2021-05-27 17:04:38	1	1	15	0
    10065	2021-05-27 17:04:46	1	1	15	0
   108638	2021-05-27 17:04:54	1	1	15	0
   108579	2021-05-27 17:05:02	1	1	15	0
   108635	2021-05-27 17:05:10	1	1	15	0
   108673	2021-05-27 17:06:41	1	1	15	0
    10033	2021-05-27 17:07:03	1	1	15	0
   500001	2021-05-27 17:07:19	1	1	15	0
   108505	2021-05-27 17:11:11	1	1	15	0
   108591	2021-05-27 17:14:14	1	1	15	0
   108515	2021-05-27 17:16:00	1	1	15	0
   102542	2021-05-27 17:17:06	1	1	15	0
   108568	2021-05-27 17:17:34	1	1	15	0
   108585	2021-05-27 17:17:49	1	1	15	0
    10458	2021-05-27 17:21:47	1	1	15	0
   108668	2021-05-27 17:22:56	1	1	15	0
   108668	2021-05-27 17:22:58	1	1	15	0
    10159	2021-05-27 17:24:59	1	1	15	0
   102579	2021-05-27 17:25:32	1	1	15	0
   108666	2021-05-27 17:26:59	1	1	15	0
    10063	2021-05-27 17:27:11	1	1	15	0
   108671	2021-05-27 17:28:16	1	1	15	0
    10076	2021-05-27 17:30:10	1	1	15	0
   108667	2021-05-27 17:30:37	1	1	15	0
    10149	2021-05-27 17:30:53	1	1	15	0
   108672	2021-05-27 17:34:11	1	1	15	0
   108672	2021-05-27 17:34:13	1	1	15	0
    10032	2021-05-27 17:44:04	1	1	15	0
    10129	2021-05-27 18:21:17	1	1	15	0
   108523	2021-05-27 18:36:04	1	1	15	0
   108658	2021-05-27 20:32:39	1	1	15	0
   108610	2021-05-27 20:32:47	1	1	15	0
   108663	2021-05-27 20:33:22	1	1	15	0
    10356	2021-05-27 21:43:08	1	1	15	0
    10214	2021-05-27 21:43:14	1	1	15	0
    10214	2021-05-27 21:43:17	1	1	15	0
    10348	2021-05-27 21:43:25	1	1	15	0
    10348	2021-05-27 21:43:28	1	1	15	0
    10127	2021-05-27 21:52:46	1	1	15	0
   108662	2021-05-27 21:52:55	1	1	15	0
    10456	2021-05-28 05:59:06	1	0	15	0
   101437	2021-05-28 06:14:27	1	0	15	0
   108657	2021-05-28 06:27:03	1	0	15	0
   108654	2021-05-28 06:27:15	1	0	15	0
   108587	2021-05-28 06:30:40	1	0	15	0
   108587	2021-05-28 06:30:43	1	0	15	0
   102526	2021-05-28 06:32:19	1	0	15	0
    10127	2021-05-28 06:52:06	1	0	15	0
   108617	2021-05-28 06:58:13	1	0	15	0
   108533	2021-05-28 07:05:15	1	0	15	0
   108585	2021-05-28 07:11:36	1	0	15	0
   108630	2021-05-28 07:13:54	1	0	15	0
   108593	2021-05-28 07:19:42	1	0	15	0
    10080	2021-05-28 07:21:49	1	0	15	0
   108523	2021-05-28 07:23:04	1	0	15	0
    10214	2021-05-28 07:25:06	1	0	15	0
    10356	2021-05-28 07:25:45	1	0	15	0
   108472	2021-05-28 07:25:51	1	0	15	0
   108663	2021-05-28 07:26:14	1	0	15	0
   108667	2021-05-28 07:28:58	1	0	15	0
   108568	2021-05-28 07:30:43	1	0	15	0
    10033	2021-05-28 07:35:08	1	0	15	0
   108662	2021-05-28 07:35:30	1	0	15	0
   108672	2021-05-28 07:36:35	1	0	15	0
   108672	2021-05-28 07:36:37	1	0	15	0
   108638	2021-05-28 07:38:49	1	0	15	0
   108673	2021-05-28 07:39:39	1	0	15	0
    10550	2021-05-28 07:40:08	1	0	15	0
    10221	2021-05-28 07:41:54	1	0	15	0
   108556	2021-05-28 07:42:43	1	0	15	0
   108658	2021-05-28 07:43:28	1	0	15	0
   108549	2021-05-28 07:43:40	1	0	15	0
   108668	2021-05-28 07:44:04	1	0	15	0
   108669	2021-05-28 07:44:48	1	0	15	0
    10159	2021-05-28 07:45:03	1	0	15	0
    10032	2021-05-28 07:45:17	1	0	15	0
    10228	2021-05-28 07:45:36	1	0	15	0
    10025	2021-05-28 07:45:50	1	0	15	0
    10025	2021-05-28 07:45:53	1	0	15	0
   108579	2021-05-28 07:46:30	1	0	15	0
   108579	2021-05-28 07:46:32	1	0	15	0
    10284	2021-05-28 07:47:51	1	0	15	0
    10129	2021-05-28 07:49:11	1	0	15	0
    10348	2021-05-28 07:49:26	1	0	15	0
   108591	2021-05-28 07:50:38	1	0	15	0
   102542	2021-05-28 07:51:00	1	0	15	0
    19980	2021-05-28 07:51:23	1	0	15	0
   108469	2021-05-28 07:51:36	1	0	15	0
   108598	2021-05-28 07:52:13	1	0	15	0
   101432	2021-05-28 07:52:55	1	0	15	0
    10065	2021-05-28 07:54:02	1	0	15	0
    10065	2021-05-28 07:54:05	1	0	15	0
    10065	2021-05-28 07:54:11	1	0	15	0
    10065	2021-05-28 07:54:13	1	0	15	0
    10065	2021-05-28 07:54:22	1	0	15	0
   108619	2021-05-28 07:54:45	1	0	15	0
    10309	2021-05-28 07:58:42	1	0	15	0
    10063	2021-05-28 07:59:30	1	0	15	0
    10149	2021-05-28 07:59:37	1	0	15	0
   108610	2021-05-28 07:59:45	1	0	15	0
   108671	2021-05-28 08:00:05	1	0	15	0
    10076	2021-05-28 08:00:20	1	0	15	0
   108611	2021-05-28 08:01:18	1	0	15	0
   108666	2021-05-28 08:02:12	1	0	15	0
   108505	2021-05-28 08:02:38	1	0	15	0
   500001	2021-05-28 08:04:24	1	0	15	0
   102544	2021-05-28 08:05:04	1	0	15	0
   102579	2021-05-28 08:05:20	1	0	15	0
   108635	2021-05-28 08:06:27	1	0	15	0
    10458	2021-05-28 08:27:39	1	0	15	0
   108515	2021-05-28 08:34:44	1	0	15	0
    10025	2021-05-28 12:03:05	1	0	15	0
    10025	2021-05-28 12:03:07	1	0	15	0
    10063	2021-05-28 14:58:06	1	1	15	0
   108549	2021-05-28 16:00:16	1	1	15	0
   108472	2021-05-28 16:00:30	1	1	15	0
   108654	2021-05-28 16:00:47	1	1	15	0
    10284	2021-05-28 16:01:17	1	1	15	0
    10214	2021-05-28 16:01:26	1	1	15	0
    10214	2021-05-28 16:01:28	1	1	15	0
   108657	2021-05-28 16:01:34	1	1	15	0
   108657	2021-05-28 16:01:36	1	1	15	0
    10356	2021-05-28 16:01:46	1	1	15	0
    10456	2021-05-28 16:01:53	1	1	15	0
    10348	2021-05-28 16:01:58	1	1	15	0
   101437	2021-05-28 16:02:09	1	1	15	0
   102526	2021-05-28 16:02:26	1	1	15	0
   102526	2021-05-28 16:02:28	1	1	15	0
    19980	2021-05-28 16:04:03	1	1	15	0
   108469	2021-05-28 16:04:21	1	1	15	0
   108587	2021-05-28 16:05:10	1	1	15	0
    10228	2021-05-28 16:05:46	1	1	15	0
   108533	2021-05-28 16:06:50	1	1	15	0
   108619	2021-05-28 16:07:30	1	1	15	0
    10309	2021-05-28 16:07:42	1	1	15	0
   108593	2021-05-28 16:18:50	1	1	15	0
   102542	2021-05-28 16:43:07	1	1	15	0
   108630	2021-05-28 17:00:27	1	1	15	0
    10080	2021-05-28 17:00:43	1	1	15	0
   500001	2021-05-28 17:01:12	1	1	15	0
   102544	2021-05-28 17:01:30	1	1	15	0
    10550	2021-05-28 17:02:08	1	1	15	0
   108673	2021-05-28 17:02:17	1	1	15	0
   108579	2021-05-28 17:02:30	1	1	15	0
    10221	2021-05-28 17:02:42	1	1	15	0
   108617	2021-05-28 17:02:54	1	1	15	0
   101432	2021-05-28 17:03:28	1	1	15	0
    10033	2021-05-28 17:03:38	1	1	15	0
   108556	2021-05-28 17:03:53	1	1	15	0
   108611	2021-05-28 17:04:08	1	1	15	0
   108669	2021-05-28 17:04:19	1	1	15	0
   108667	2021-05-28 17:04:37	1	1	15	0
   108638	2021-05-28 17:04:46	1	1	15	0
   108635	2021-05-28 17:05:09	1	1	15	0
   108515	2021-05-28 17:05:27	1	1	15	0
    10065	2021-05-28 17:05:51	1	1	15	0
   108505	2021-05-28 17:07:14	1	1	15	0
    10458	2021-05-28 17:07:32	1	1	15	0
   108585	2021-05-28 17:08:05	1	1	15	0
    10159	2021-05-28 17:11:20	1	1	15	0
   108672	2021-05-28 17:13:07	1	1	15	0
   108672	2021-05-28 17:13:10	1	1	15	0
   108591	2021-05-28 17:16:15	1	1	15	0
   108591	2021-05-28 17:16:17	1	1	15	0
    10032	2021-05-28 17:20:47	1	1	15	0
   108668	2021-05-28 17:40:31	1	1	15	0
   108666	2021-05-28 17:50:25	1	1	15	0
   102579	2021-05-28 18:00:39	1	1	15	0
   108568	2021-05-28 18:01:49	1	1	15	0
   108523	2021-05-28 18:02:51	1	1	15	0
    10127	2021-05-28 18:04:09	1	1	15	0
   108671	2021-05-28 18:04:31	1	1	15	0
   108662	2021-05-28 18:05:33	1	1	15	0
    10149	2021-05-28 18:05:50	1	1	15	0
    10076	2021-05-28 18:06:03	1	1	15	0
    10129	2021-05-28 18:12:17	1	1	15	0
   108610	2021-05-28 18:48:28	1	1	15	0
   108658	2021-05-28 20:33:02	1	1	15	0
   108663	2021-05-28 20:33:08	1	1	15	0
   108598	2021-05-28 20:33:16	1	1	15	0
   101437	2021-05-29 06:22:33	1	0	15	0
   102526	2021-05-29 06:31:00	1	0	15	0
   108549	2021-05-29 06:39:06	1	0	15	0
   108469	2021-05-29 06:40:22	1	0	15	0
    10129	2021-05-29 06:56:40	1	0	15	0
   108587	2021-05-29 07:01:58	1	0	15	0
   108533	2021-05-29 07:05:02	1	0	15	0
    10309	2021-05-29 07:52:17	1	0	15	0
    10032	2021-05-29 07:52:44	1	0	15	0
   102542	2021-05-29 08:00:19	1	0	15	0
   108587	2021-05-29 12:56:46	1	0	15	0
   108549	2021-05-29 15:02:36	1	0	15	0
   108549	2021-05-29 15:03:30	1	1	15	0
    10129	2021-05-29 15:11:04	1	1	15	0
   108469	2021-05-29 15:11:30	1	1	15	0
   102526	2021-05-29 16:00:40	1	1	15	0
    10032	2021-05-29 16:01:30	1	1	15	0
   108533	2021-05-29 16:01:55	1	1	15	0
   101437	2021-05-29 16:02:15	1	1	15	0
    10309	2021-05-29 16:02:22	1	1	15	0
   102542	2021-05-29 16:20:38	1	1	15	0
    10456	2021-05-31 06:08:51	1	0	15	0
   102526	2021-05-31 06:21:31	1	0	15	0
   108654	2021-05-31 06:38:09	1	0	15	0
   108657	2021-05-31 06:38:23	1	0	15	0
   108617	2021-05-31 06:40:46	1	0	15	0
   108662	2021-05-31 06:48:35	1	0	15	0
   108579	2021-05-31 07:01:38	1	0	15	0
   108579	2021-05-31 07:01:41	1	0	15	0
    10159	2021-05-31 07:02:23	1	0	15	0
   101451	2021-05-31 07:03:08	1	0	15	0
   108533	2021-05-31 07:05:42	1	0	15	0
    10080	2021-05-31 07:09:30	1	0	15	0
   108670	2021-05-31 07:16:33	1	0	15	0
    10372	2021-05-31 07:21:45	1	0	15	0
    10372	2021-05-31 07:21:47	1	0	15	0
   108630	2021-05-31 07:22:54	1	0	15	0
   108585	2021-05-31 07:23:15	1	0	15	0
   108593	2021-05-31 07:27:06	1	0	15	0
    10214	2021-05-31 07:28:47	1	0	15	0
   108663	2021-05-31 07:28:57	1	0	15	0
    10356	2021-05-31 07:29:24	1	0	15	0
   108667	2021-05-31 07:30:43	1	0	15	0
   108472	2021-05-31 07:32:00	1	0	15	0
   108549	2021-05-31 07:35:03	1	0	15	0
    10065	2021-05-31 07:35:12	1	0	15	0
   108669	2021-05-31 07:35:30	1	0	15	0
   108658	2021-05-31 07:35:47	1	0	15	0
    10025	2021-05-31 07:35:58	1	0	15	0
    10033	2021-05-31 07:36:30	1	0	15	0
    10278	2021-05-31 07:38:16	1	0	15	0
    10127	2021-05-31 07:38:57	1	0	15	0
   108538	2021-05-31 07:39:06	1	0	15	0
    10032	2021-05-31 07:40:11	1	0	15	0
   108673	2021-05-31 07:41:49	1	0	15	0
   108666	2021-05-31 07:42:49	1	0	15	0
   108668	2021-05-31 07:43:09	1	0	15	0
   108505	2021-05-31 07:45:21	1	0	15	0
   108598	2021-05-31 07:46:13	1	0	15	0
    10129	2021-05-31 07:49:41	1	0	15	0
    10221	2021-05-31 07:50:31	1	0	15	0
   102542	2021-05-31 07:52:04	1	0	15	0
   108591	2021-05-31 07:52:15	1	0	15	0
   108638	2021-05-31 07:52:48	1	0	15	0
   108610	2021-05-31 07:52:54	1	0	15	0
   108672	2021-05-31 07:54:31	1	0	15	0
    10309	2021-05-31 07:55:39	1	0	15	0
   108619	2021-05-31 07:57:38	1	0	15	0
   101432	2021-05-31 07:57:51	1	0	15	0
    10348	2021-05-31 08:00:13	1	0	15	0
    10348	2021-05-31 08:00:15	1	0	15	0
    10138	2021-05-31 08:00:35	1	0	15	0
   102544	2021-05-31 08:04:08	1	0	15	0
    19980	2021-05-31 08:06:23	1	0	15	0
   108611	2021-05-31 08:06:40	1	0	15	0
    10063	2021-05-31 08:06:51	1	0	15	0
    10149	2021-05-31 08:07:03	1	0	15	0
    10149	2021-05-31 08:07:05	1	0	15	0
   108671	2021-05-31 08:07:10	1	0	15	0
   108523	2021-05-31 08:07:16	1	0	15	0
    10076	2021-05-31 08:07:34	1	0	15	0
    10284	2021-05-31 08:08:40	1	0	15	0
   500001	2021-05-31 08:11:50	1	0	15	0
   108515	2021-05-31 08:20:33	1	0	15	0
   108635	2021-05-31 08:21:43	1	0	15	0
    10458	2021-05-31 08:36:58	1	0	15	0
   102579	2021-05-31 08:39:34	1	0	15	0
    10550	2021-05-31 08:59:30	1	0	15	0
   108654	2021-05-31 16:00:30	1	1	15	0
   108657	2021-05-31 16:00:50	1	1	15	0
    10284	2021-05-31 16:01:14	1	1	15	0
   108472	2021-05-31 16:01:21	1	1	15	0
   108533	2021-05-31 16:01:32	1	1	15	0
   108538	2021-05-31 16:01:41	1	1	15	0
   108549	2021-05-31 16:02:51	1	1	15	0
    10372	2021-05-31 16:03:47	1	1	15	0
    10138	2021-05-31 16:06:00	1	1	15	0
    10278	2021-05-31 16:07:22	1	1	15	0
    10456	2021-05-31 16:07:30	1	1	15	0
   108593	2021-05-31 16:09:36	1	1	15	0
    10309	2021-05-31 16:14:50	1	1	15	0
   108630	2021-05-31 16:15:10	1	1	15	0
   102526	2021-05-31 16:15:25	1	1	15	0
   102544	2021-05-31 16:15:50	1	1	15	0
   102542	2021-05-31 16:32:56	1	1	15	0
   500001	2021-05-31 17:00:52	1	1	15	0
    10550	2021-05-31 17:01:01	1	1	15	0
    10080	2021-05-31 17:01:10	1	1	15	0
   108619	2021-05-31 17:01:21	1	1	15	0
   108617	2021-05-31 17:01:41	1	1	15	0
   108670	2021-05-31 17:02:00	1	1	15	0
   101451	2021-05-31 17:02:13	1	1	15	0
   101432	2021-05-31 17:02:26	1	1	15	0
    19980	2021-05-31 17:02:44	1	1	15	0
   108668	2021-05-31 17:02:51	1	1	15	0
    10221	2021-05-31 17:03:03	1	1	15	0
    10033	2021-05-31 17:03:23	1	1	15	0
    10025	2021-05-31 17:03:39	1	1	15	0
   108669	2021-05-31 17:03:58	1	1	15	0
   108611	2021-05-31 17:04:13	1	1	15	0
    10127	2021-05-31 17:05:12	1	1	15	0
   108667	2021-05-31 17:05:23	1	1	15	0
   108662	2021-05-31 17:05:29	1	1	15	0
   108638	2021-05-31 17:05:57	1	1	15	0
    10159	2021-05-31 17:06:24	1	1	15	0
    10458	2021-05-31 17:06:33	1	1	15	0
   108672	2021-05-31 17:07:09	1	1	15	0
   108515	2021-05-31 17:08:25	1	1	15	0
    10065	2021-05-31 17:10:31	1	1	15	0
   108635	2021-05-31 17:12:14	1	1	15	0
    10032	2021-05-31 17:12:30	1	1	15	0
   108610	2021-05-31 17:16:05	1	1	15	0
   108673	2021-05-31 17:20:55	1	1	15	0
   108579	2021-05-31 17:21:04	1	1	15	0
   108505	2021-05-31 17:21:20	1	1	15	0
   108658	2021-05-31 17:24:14	1	1	15	0
   108663	2021-05-31 17:24:26	1	1	15	0
   108585	2021-05-31 17:25:04	1	1	15	0
   102579	2021-05-31 17:35:57	1	1	15	0
   108671	2021-05-31 17:36:25	1	1	15	0
    10063	2021-05-31 17:38:14	1	1	15	0
    10149	2021-05-31 17:38:44	1	1	15	0
    10076	2021-05-31 17:39:01	1	1	15	0
    10127	2021-05-31 17:44:15	1	1	15	0
   108662	2021-05-31 17:44:21	1	1	15	0
    10129	2021-05-31 18:05:50	1	1	15	0
   108666	2021-05-31 19:36:17	1	1	15	0
   108523	2021-05-31 19:44:16	1	1	15	0
   108591	2021-05-31 20:13:01	1	1	15	0
   108662	2021-05-31 21:05:52	1	1	15	0
   108598	2021-05-31 21:06:19	1	1	15	0
    10127	2021-05-31 21:06:36	1	1	15	0
    10356	2021-05-31 21:38:24	1	1	15	0
    10214	2021-05-31 21:38:35	1	1	15	0
   101437	2021-06-01 06:13:26	1	0	15	0
   101437	2021-06-01 06:13:28	1	0	15	0
    10456	2021-06-01 06:19:58	1	0	15	0
   102526	2021-06-01 06:28:23	1	0	15	0
   108617	2021-06-01 06:45:22	1	0	15	0
    10033	2021-06-01 07:02:45	1	0	15	0
   108587	2021-06-01 07:06:56	1	0	15	0
   108523	2021-06-01 07:14:32	1	0	15	0
   108585	2021-06-01 07:15:02	1	0	15	0
    10372	2021-06-01 07:17:37	1	0	15	0
   101451	2021-06-01 07:20:28	1	0	15	0
   108670	2021-06-01 07:20:39	1	0	15	0
    10065	2021-06-01 07:22:46	1	0	15	0
    10080	2021-06-01 07:23:27	1	0	15	0
   108638	2021-06-01 07:24:13	1	0	15	0
   108630	2021-06-01 07:24:20	1	0	15	0
   108549	2021-06-01 07:25:32	1	0	15	0
   108669	2021-06-01 07:27:59	1	0	15	0
   108593	2021-06-01 07:28:51	1	0	15	0
   108538	2021-06-01 07:29:00	1	0	15	0
    10214	2021-06-01 07:31:16	1	0	15	0
    10356	2021-06-01 07:31:38	1	0	15	0
   102544	2021-06-01 07:32:07	1	0	15	0
    10127	2021-06-01 07:32:20	1	0	15	0
   108667	2021-06-01 07:32:33	1	0	15	0
   101432	2021-06-01 07:33:41	1	0	15	0
   108469	2021-06-01 07:37:15	1	0	15	0
   108598	2021-06-01 07:37:55	1	0	15	0
    10278	2021-06-01 07:38:35	1	0	15	0
    10278	2021-06-01 07:38:38	1	0	15	0
   108658	2021-06-01 07:38:47	1	0	15	0
   108668	2021-06-01 07:39:20	1	0	15	0
   108505	2021-06-01 07:39:47	1	0	15	0
   108505	2021-06-01 07:39:49	1	0	15	0
    10159	2021-06-01 07:40:35	1	0	15	0
    10284	2021-06-01 07:41:43	1	0	15	0
    10228	2021-06-01 07:41:54	1	0	15	0
    10025	2021-06-01 07:42:59	1	0	15	0
   108663	2021-06-01 07:43:11	1	0	15	0
   108662	2021-06-01 07:45:46	1	0	15	0
   108673	2021-06-01 07:49:06	1	0	15	0
    10221	2021-06-01 07:50:39	1	0	15	0
   108579	2021-06-01 07:52:02	1	0	15	0
    10309	2021-06-01 07:52:42	1	0	15	0
   108672	2021-06-01 07:53:05	1	0	15	0
   108672	2021-06-01 07:53:08	1	0	15	0
    10063	2021-06-01 07:54:00	1	0	15	0
    10149	2021-06-01 07:54:13	1	0	15	0
   108671	2021-06-01 07:54:35	1	0	15	0
    10076	2021-06-01 07:54:51	1	0	15	0
    10076	2021-06-01 07:54:53	1	0	15	0
    10348	2021-06-01 07:56:04	1	0	15	0
   108619	2021-06-01 07:57:23	1	0	15	0
    10032	2021-06-01 07:58:23	1	0	15	0
    10129	2021-06-01 07:59:17	1	0	15	0
   108611	2021-06-01 08:02:57	1	0	15	0
   108472	2021-06-01 08:03:03	1	0	15	0
   102542	2021-06-01 08:03:12	1	0	15	0
   108591	2021-06-01 08:05:12	1	0	15	0
   500001	2021-06-01 08:05:19	1	0	15	0
   108613	2021-06-01 08:05:56	1	0	15	0
   108666	2021-06-01 08:08:33	1	0	15	0
   108635	2021-06-01 08:14:41	1	0	15	0
   102579	2021-06-01 08:16:08	1	0	15	0
    10458	2021-06-01 08:27:55	1	0	15	0
    10550	2021-06-01 09:11:23	1	0	15	0
   108610	2021-06-01 09:43:14	1	0	15	0
    10033	2021-06-01 12:02:42	1	0	15	0
    10033	2021-06-01 12:02:44	1	0	15	0
   108619	2021-06-01 13:07:14	1	0	15	0
    10076	2021-06-01 16:01:42	1	0	15	0
   108538	2021-06-01 16:01:54	1	0	15	0
   101437	2021-06-01 16:02:03	1	0	15	0
   101437	2021-06-01 16:02:06	1	0	15	0
   108472	2021-06-01 16:02:37	1	0	15	0
    10456	2021-06-01 16:02:48	1	0	15	0
    10278	2021-06-01 16:02:56	1	0	15	0
   108593	2021-06-01 16:03:34	1	0	15	0
   108549	2021-06-01 16:03:50	1	0	15	0
   102526	2021-06-01 16:05:46	1	1	15	0
   108587	2021-06-01 16:06:18	1	1	15	0
   108587	2021-06-01 16:06:20	1	1	15	0
    10356	2021-06-01 16:07:15	1	1	15	0
    10284	2021-06-01 16:07:31	1	1	15	0
    10228	2021-06-01 16:09:03	1	1	15	0
    10309	2021-06-01 16:09:10	1	1	15	0
    10214	2021-06-01 16:10:03	1	1	15	0
   108469	2021-06-01 16:10:12	1	1	15	0
    10348	2021-06-01 16:10:21	1	1	15	0
   102544	2021-06-01 16:29:44	1	1	15	0
    10065	2021-06-01 17:00:06	1	1	15	0
   108630	2021-06-01 17:00:13	1	1	15	0
   108613	2021-06-01 17:00:22	1	1	15	0
   101432	2021-06-01 17:00:41	1	1	15	0
    10080	2021-06-01 17:00:50	1	1	15	0
   101451	2021-06-01 17:01:04	1	1	15	0
   108617	2021-06-01 17:01:17	1	1	15	0
    10372	2021-06-01 17:01:24	1	1	15	0
    10372	2021-06-01 17:01:27	1	1	15	0
    10458	2021-06-01 17:01:36	1	1	15	0
   108669	2021-06-01 17:02:26	1	1	15	0
   108668	2021-06-01 17:02:39	1	1	15	0
    10550	2021-06-01 17:03:05	1	1	15	0
   108670	2021-06-01 17:03:46	1	1	15	0
   500001	2021-06-01 17:03:54	1	1	15	0
    10221	2021-06-01 17:04:12	1	1	15	0
    10025	2021-06-01 17:04:23	1	1	15	0
   108673	2021-06-01 17:04:38	1	1	15	0
   108579	2021-06-01 17:04:46	1	1	15	0
   108667	2021-06-01 17:07:04	1	1	15	0
   108611	2021-06-01 17:07:36	1	1	15	0
    10159	2021-06-01 17:13:33	1	1	15	0
   108662	2021-06-01 17:15:31	1	1	15	0
   108638	2021-06-01 17:16:26	1	1	15	0
   108672	2021-06-01 17:21:24	1	1	15	0
   108672	2021-06-01 17:21:26	1	1	15	0
   108585	2021-06-01 17:24:32	1	1	15	0
   102579	2021-06-01 17:26:41	1	1	15	0
   108671	2021-06-01 17:28:02	1	1	15	0
    10032	2021-06-01 17:28:15	1	1	15	0
    10063	2021-06-01 17:41:28	1	1	15	0
   108610	2021-06-01 17:42:12	1	1	15	0
   108591	2021-06-01 17:43:52	1	1	15	0
   108658	2021-06-01 17:44:07	1	1	15	0
   108598	2021-06-01 17:44:28	1	1	15	0
   108663	2021-06-01 17:44:42	1	1	15	0
    10149	2021-06-01 17:47:01	1	1	15	0
    10127	2021-06-01 17:57:45	1	1	15	0
   108515	2021-06-01 18:03:06	1	1	15	0
   108505	2021-06-01 18:03:25	1	1	15	0
   108635	2021-06-01 18:08:43	1	1	15	0
    10129	2021-06-01 19:38:57	1	1	15	0
   108666	2021-06-01 19:40:05	1	1	15	0
   102542	2021-06-01 19:41:12	1	1	15	0
   108523	2021-06-01 19:45:46	1	1	15	0
    10456	2021-06-02 06:09:18	1	0	15	0
   101437	2021-06-02 06:24:15	1	0	15	0
   102526	2021-06-02 06:42:40	1	0	15	0
   108662	2021-06-02 06:45:17	1	0	15	0
   108617	2021-06-02 06:50:20	1	0	15	0
   101451	2021-06-02 06:59:57	1	0	15	0
   101451	2021-06-02 07:00:00	1	0	15	0
    10080	2021-06-02 07:14:50	1	0	15	0
   108533	2021-06-02 07:15:48	1	0	15	0
   108587	2021-06-02 07:19:12	1	0	15	0
   108593	2021-06-02 07:19:39	1	0	15	0
   108630	2021-06-02 07:19:46	1	0	15	0
   108585	2021-06-02 07:21:43	1	0	15	0
   108585	2021-06-02 07:21:46	1	0	15	0
   108505	2021-06-02 07:23:00	1	0	15	0
   108505	2021-06-02 07:23:02	1	0	15	0
   108654	2021-06-02 07:23:46	1	0	15	0
    10214	2021-06-02 07:24:28	1	0	15	0
    10356	2021-06-02 07:24:57	1	0	15	0
    10033	2021-06-02 07:26:44	1	0	15	0
   108670	2021-06-02 07:27:51	1	0	15	0
   102542	2021-06-02 07:28:09	1	0	15	0
   108523	2021-06-02 07:29:18	1	0	15	0
    10065	2021-06-02 07:32:41	1	0	15	0
   108579	2021-06-02 07:34:52	1	0	15	0
    10550	2021-06-02 07:36:16	1	0	15	0
   108667	2021-06-02 07:38:49	1	0	15	0
   108538	2021-06-02 07:39:58	1	0	15	0
    10221	2021-06-02 07:40:54	1	0	15	0
    10159	2021-06-02 07:41:25	1	0	15	0
   108669	2021-06-02 07:41:35	1	0	15	0
   108673	2021-06-02 07:41:48	1	0	15	0
   108598	2021-06-02 07:42:20	1	0	15	0
   108469	2021-06-02 07:43:48	1	0	15	0
   108549	2021-06-02 07:44:00	1	0	15	0
    10025	2021-06-02 07:44:31	1	0	15	0
   108663	2021-06-02 07:44:47	1	0	15	0
   101432	2021-06-02 07:46:42	1	0	15	0
    10228	2021-06-02 07:47:13	1	0	15	0
   108658	2021-06-02 07:49:20	1	0	15	0
   108638	2021-06-02 07:50:07	1	0	15	0
    10372	2021-06-02 07:50:23	1	0	15	0
   108668	2021-06-02 07:50:34	1	0	15	0
    10278	2021-06-02 07:52:05	1	0	15	0
   108672	2021-06-02 07:52:53	1	0	15	0
    10348	2021-06-02 07:53:10	1	0	15	0
    10032	2021-06-02 07:54:59	1	0	15	0
    10284	2021-06-02 07:57:30	1	0	15	0
    10309	2021-06-02 07:59:07	1	0	15	0
   108619	2021-06-02 07:59:50	1	0	15	0
    19980	2021-06-02 08:00:12	1	0	15	0
    10063	2021-06-02 08:01:06	1	0	15	0
    10149	2021-06-02 08:01:15	1	0	15	0
    10127	2021-06-02 08:01:27	1	0	15	0
   108610	2021-06-02 08:01:35	1	0	15	0
   108671	2021-06-02 08:01:40	1	0	15	0
    10076	2021-06-02 08:01:52	1	0	15	0
   102579	2021-06-02 08:02:50	1	0	15	0
   108666	2021-06-02 08:03:29	1	0	15	0
    10129	2021-06-02 08:03:44	1	0	15	0
   108611	2021-06-02 08:09:43	1	0	15	0
    10138	2021-06-02 08:12:04	1	0	15	0
   108591	2021-06-02 08:14:15	1	0	15	0
   102544	2021-06-02 08:15:27	1	0	15	0
    10458	2021-06-02 08:51:02	1	0	15	0
   500001	2021-06-02 08:59:00	1	0	15	0
   108635	2021-06-02 09:49:42	1	0	15	0
   108538	2021-06-02 16:01:17	1	1	15	0
    10284	2021-06-02 16:01:23	1	1	15	0
    10348	2021-06-02 16:01:30	1	1	15	0
    10456	2021-06-02 16:01:38	1	1	15	0
   108533	2021-06-02 16:02:02	1	1	15	0
    10356	2021-06-02 16:02:17	1	1	15	0
   101437	2021-06-02 16:02:26	1	1	15	0
    10214	2021-06-02 16:02:34	1	1	15	0
   108549	2021-06-02 16:02:43	1	1	15	0
   102526	2021-06-02 16:02:59	1	1	15	0
    10278	2021-06-02 16:03:18	1	1	15	0
    10138	2021-06-02 16:04:49	1	1	15	0
    10309	2021-06-02 16:05:33	1	1	15	0
    10228	2021-06-02 16:07:02	1	1	15	0
   108469	2021-06-02 16:07:49	1	1	15	0
   102542	2021-06-02 16:10:58	1	1	15	0
   102544	2021-06-02 16:26:52	1	1	15	0
   108587	2021-06-02 16:28:36	1	1	15	0
   108587	2021-06-02 16:28:39	1	1	15	0
   108593	2021-06-02 17:00:07	1	1	15	0
   108654	2021-06-02 17:00:39	1	1	15	0
    10372	2021-06-02 17:00:50	1	1	15	0
   108630	2021-06-02 17:01:01	1	1	15	0
   108619	2021-06-02 17:01:08	1	1	15	0
    10065	2021-06-02 17:01:17	1	1	15	0
    10025	2021-06-02 17:01:39	1	1	15	0
    10080	2021-06-02 17:02:01	1	1	15	0
   108670	2021-06-02 17:02:15	1	1	15	0
    10033	2021-06-02 17:02:27	1	1	15	0
   108617	2021-06-02 17:02:39	1	1	15	0
   500001	2021-06-02 17:02:58	1	1	15	0
   108668	2021-06-02 17:03:08	1	1	15	0
   108673	2021-06-02 17:04:12	1	1	15	0
   108579	2021-06-02 17:04:26	1	1	15	0
   108669	2021-06-02 17:05:35	1	1	15	0
   108638	2021-06-02 17:06:07	1	1	15	0
   108667	2021-06-02 17:06:49	1	1	15	0
    10127	2021-06-02 17:06:55	1	1	15	0
   108662	2021-06-02 17:07:01	1	1	15	0
   108635	2021-06-02 17:07:27	1	1	15	0
    10550	2021-06-02 17:08:49	1	1	15	0
    10221	2021-06-02 17:08:58	1	1	15	0
   108591	2021-06-02 17:09:30	1	1	15	0
   108672	2021-06-02 17:10:14	1	1	15	0
    19980	2021-06-02 17:11:02	1	1	15	0
   108611	2021-06-02 17:11:57	1	1	15	0
    10063	2021-06-02 17:27:54	1	1	15	0
    10032	2021-06-02 17:28:34	1	1	15	0
    10458	2021-06-02 17:30:13	1	1	15	0
    10159	2021-06-02 17:30:45	1	1	15	0
   108585	2021-06-02 17:31:26	1	1	15	0
   102579	2021-06-02 17:34:21	1	1	15	0
   108610	2021-06-02 17:34:42	1	1	15	0
   108515	2021-06-02 17:36:45	1	1	15	0
   108671	2021-06-02 17:37:50	1	1	15	0
    10076	2021-06-02 17:38:33	1	1	15	0
    10149	2021-06-02 17:38:41	1	1	15	0
    10149	2021-06-02 17:38:43	1	1	15	0
   101432	2021-06-02 17:40:26	1	1	15	0
   101451	2021-06-02 17:43:54	1	1	15	0
   108662	2021-06-02 18:04:48	1	1	15	0
    10129	2021-06-02 18:07:27	1	1	15	0
   108505	2021-06-02 18:09:27	1	1	15	0
   108666	2021-06-02 18:52:32	1	1	15	0
   108523	2021-06-02 19:17:37	1	1	15	0
   108658	2021-06-02 20:02:32	1	1	15	0
   108662	2021-06-02 21:12:55	1	1	15	0
   108663	2021-06-02 21:31:55	1	1	15	0
   108598	2021-06-02 21:32:07	1	1	15	0
    10456	2021-06-03 06:14:52	1	0	15	0
   101437	2021-06-03 06:21:27	1	0	15	0
   108617	2021-06-03 06:43:12	1	0	15	0
   108533	2021-06-03 07:00:02	1	0	15	0
    10372	2021-06-03 07:00:25	1	0	15	0
    10372	2021-06-03 07:00:27	1	0	15	0
   108630	2021-06-03 07:01:48	1	0	15	0
   108472	2021-06-03 07:08:21	1	0	15	0
    10356	2021-06-03 07:10:42	1	0	15	0
    10214	2021-06-03 07:11:01	1	0	15	0
   101451	2021-06-03 07:15:11	1	0	15	0
   108593	2021-06-03 07:16:42	1	0	15	0
   102544	2021-06-03 07:17:32	1	0	15	0
   108523	2021-06-03 07:22:50	1	0	15	0
    10033	2021-06-03 07:25:33	1	0	15	0
   108670	2021-06-03 07:25:58	1	0	15	0
   108610	2021-06-03 07:26:12	1	0	15	0
   108662	2021-06-03 07:26:39	1	0	15	0
   108654	2021-06-03 07:28:34	1	0	15	0
    10127	2021-06-03 07:31:00	1	0	15	0
    10065	2021-06-03 07:33:02	1	0	15	0
   108658	2021-06-03 07:34:34	1	0	15	0
   108673	2021-06-03 07:34:50	1	0	15	0
   108667	2021-06-03 07:37:26	1	0	15	0
   108669	2021-06-03 07:38:04	1	0	15	0
    10278	2021-06-03 07:38:19	1	0	15	0
    10159	2021-06-03 07:38:28	1	0	15	0
   108538	2021-06-03 07:38:54	1	0	15	0
   108579	2021-06-03 07:40:06	1	0	15	0
    10221	2021-06-03 07:40:26	1	0	15	0
   108668	2021-06-03 07:42:36	1	0	15	0
   108598	2021-06-03 07:43:04	1	0	15	0
    10080	2021-06-03 07:43:11	1	0	15	0
   108672	2021-06-03 07:43:23	1	0	15	0
   108549	2021-06-03 07:43:37	1	0	15	0
   101432	2021-06-03 07:44:03	1	0	15	0
    10228	2021-06-03 07:45:34	1	0	15	0
   102542	2021-06-03 07:46:03	1	0	15	0
    10309	2021-06-03 07:46:24	1	0	15	0
   108613	2021-06-03 07:46:55	1	0	15	0
   108613	2021-06-03 07:46:57	1	0	15	0
    10348	2021-06-03 07:48:28	1	0	15	0
    10025	2021-06-03 07:49:39	1	0	15	0
   108663	2021-06-03 07:49:54	1	0	15	0
   108469	2021-06-03 07:50:04	1	0	15	0
   108638	2021-06-03 07:50:27	1	0	15	0
    10138	2021-06-03 07:51:04	1	0	15	0
    19980	2021-06-03 07:53:41	1	0	15	0
    10129	2021-06-03 07:54:40	1	0	15	0
    10284	2021-06-03 07:55:53	1	0	15	0
   108666	2021-06-03 07:56:34	1	0	15	0
   108619	2021-06-03 07:56:44	1	0	15	0
   500001	2021-06-03 07:58:00	1	0	15	0
    10032	2021-06-03 07:58:57	1	0	15	0
   108611	2021-06-03 08:02:17	1	0	15	0
   108591	2021-06-03 08:03:39	1	0	15	0
   108585	2021-06-03 08:03:59	1	0	15	0
   108635	2021-06-03 08:05:45	1	0	15	0
    10063	2021-06-03 08:07:46	1	0	15	0
    10149	2021-06-03 08:08:01	1	0	15	0
    10149	2021-06-03 08:08:03	1	0	15	0
   108671	2021-06-03 08:08:15	1	0	15	0
    10076	2021-06-03 08:08:37	1	0	15	0
    10458	2021-06-03 08:19:50	1	0	15	0
   108515	2021-06-03 08:23:52	1	0	15	0
   108587	2021-06-03 09:55:24	1	0	15	0
    10063	2021-06-03 11:14:28	1	0	15	0
   108538	2021-06-03 16:01:36	1	1	15	0
    10356	2021-06-03 16:01:49	1	1	15	0
   108469	2021-06-03 16:02:10	1	1	15	0
   101437	2021-06-03 16:02:17	1	1	15	0
   101437	2021-06-03 16:02:20	1	1	15	0
    10284	2021-06-03 16:02:26	1	1	15	0
   108472	2021-06-03 16:02:32	1	1	15	0
    10456	2021-06-03 16:02:42	1	1	15	0
    10278	2021-06-03 16:03:36	1	1	15	0
    10278	2021-06-03 16:03:38	1	1	15	0
   108587	2021-06-03 16:03:59	1	1	15	0
   108549	2021-06-03 16:04:20	1	1	15	0
   102544	2021-06-03 16:04:33	1	1	15	0
    10309	2021-06-03 16:06:12	1	1	15	0
    10228	2021-06-03 16:06:41	1	1	15	0
   108533	2021-06-03 16:29:31	1	1	15	0
   102542	2021-06-03 16:36:56	1	1	15	0
   108613	2021-06-03 17:00:16	1	1	15	0
   108593	2021-06-03 17:00:42	1	1	15	0
   108630	2021-06-03 17:00:47	1	1	15	0
    10025	2021-06-03 17:00:55	1	1	15	0
   101432	2021-06-03 17:01:00	1	1	15	0
   108619	2021-06-03 17:01:09	1	1	15	0
    10080	2021-06-03 17:01:37	1	1	15	0
   108670	2021-06-03 17:01:44	1	1	15	0
    10372	2021-06-03 17:01:57	1	1	15	0
    10138	2021-06-03 17:02:06	1	1	15	0
   101451	2021-06-03 17:02:30	1	1	15	0
   108579	2021-06-03 17:02:36	1	1	15	0
   108673	2021-06-03 17:02:45	1	1	15	0
    10065	2021-06-03 17:02:53	1	1	15	0
   108617	2021-06-03 17:03:03	1	1	15	0
    10550	2021-06-03 17:03:09	1	1	15	0
   500001	2021-06-03 17:03:18	1	1	15	0
    10033	2021-06-03 17:03:53	1	1	15	0
    10221	2021-06-03 17:04:27	1	1	15	0
   108672	2021-06-03 17:06:41	1	1	15	0
   108672	2021-06-03 17:06:44	1	1	15	0
   108669	2021-06-03 17:06:51	1	1	15	0
   108611	2021-06-03 17:07:07	1	1	15	0
    19980	2021-06-03 17:07:20	1	1	15	0
   108667	2021-06-03 17:07:40	1	1	15	0
   108667	2021-06-03 17:07:42	1	1	15	0
   108668	2021-06-03 17:08:25	1	1	15	0
   108585	2021-06-03 17:09:04	1	1	15	0
    10032	2021-06-03 17:09:43	1	1	15	0
   108591	2021-06-03 17:10:00	1	1	15	0
   108635	2021-06-03 17:13:35	1	1	15	0
   108638	2021-06-03 17:14:08	1	1	15	0
    10159	2021-06-03 17:15:20	1	1	15	0
    10458	2021-06-03 17:18:39	1	1	15	0
   108515	2021-06-03 17:26:29	1	1	15	0
   108610	2021-06-03 17:29:47	1	1	15	0
   102579	2021-06-03 17:30:13	1	1	15	0
   108671	2021-06-03 17:31:08	1	1	15	0
    10076	2021-06-03 17:34:14	1	1	15	0
    10149	2021-06-03 17:37:15	1	1	15	0
    10129	2021-06-03 18:28:56	1	1	15	0
    10129	2021-06-03 18:28:58	1	1	15	0
   108523	2021-06-03 18:57:26	1	1	15	0
   108658	2021-06-03 20:16:16	1	1	15	0
   108663	2021-06-03 21:09:45	1	1	15	0
   108598	2021-06-03 21:10:53	1	1	15	0
    10127	2021-06-03 21:11:17	1	1	15	0
   108662	2021-06-03 21:11:25	1	1	15	0
    10456	2021-06-04 06:13:40	1	0	15	0
   101437	2021-06-04 06:17:41	1	0	15	0
   102526	2021-06-04 06:24:28	1	0	15	0
   108662	2021-06-04 06:33:55	1	0	15	0
    10025	2021-06-04 06:44:05	1	0	15	0
   108549	2021-06-04 06:46:05	1	0	15	0
   108617	2021-06-04 06:47:05	1	0	15	0
    10033	2021-06-04 06:52:40	1	0	15	0
   108472	2021-06-04 06:58:17	1	0	15	0
   108630	2021-06-04 06:59:52	1	0	15	0
   108587	2021-06-04 07:03:49	1	0	15	0
   108533	2021-06-04 07:09:16	1	0	15	0
   108523	2021-06-04 07:14:47	1	0	15	0
    10065	2021-06-04 07:15:33	1	0	15	0
    10372	2021-06-04 07:15:42	1	0	15	0
   108654	2021-06-04 07:19:11	1	0	15	0
   108668	2021-06-04 07:19:25	1	0	15	0
   108593	2021-06-04 07:25:04	1	0	15	0
   108610	2021-06-04 07:25:53	1	0	15	0
   108670	2021-06-04 07:27:03	1	0	15	0
   101432	2021-06-04 07:27:32	1	0	15	0
    10221	2021-06-04 07:30:48	1	0	15	0
    10278	2021-06-04 07:31:49	1	0	15	0
   108669	2021-06-04 07:32:12	1	0	15	0
   108673	2021-06-04 07:32:38	1	0	15	0
   108638	2021-06-04 07:34:04	1	0	15	0
   108585	2021-06-04 07:34:10	1	0	15	0
   108672	2021-06-04 07:34:46	1	0	15	0
   108672	2021-06-04 07:34:48	1	0	15	0
   102544	2021-06-04 07:36:36	1	0	15	0
   108538	2021-06-04 07:37:49	1	0	15	0
   102542	2021-06-04 07:38:42	1	0	15	0
   108667	2021-06-04 07:38:51	1	0	15	0
   108658	2021-06-04 07:39:10	1	0	15	0
    10080	2021-06-04 07:42:41	1	0	15	0
    10138	2021-06-04 07:44:06	1	0	15	0
   108469	2021-06-04 07:45:05	1	0	15	0
   108663	2021-06-04 07:45:29	1	0	15	0
   108598	2021-06-04 07:46:09	1	0	15	0
   108579	2021-06-04 07:46:45	1	0	15	0
    10284	2021-06-04 07:48:15	1	0	15	0
   108635	2021-06-04 07:49:00	1	0	15	0
    10228	2021-06-04 07:51:17	1	0	15	0
    10309	2021-06-04 07:52:42	1	0	15	0
    19980	2021-06-04 07:55:22	1	0	15	0
   108619	2021-06-04 07:55:32	1	0	15	0
    10129	2021-06-04 07:55:42	1	0	15	0
    10032	2021-06-04 07:57:04	1	0	15	0
    10127	2021-06-04 07:58:06	1	0	15	0
    10063	2021-06-04 08:00:54	1	0	15	0
    10149	2021-06-04 08:01:03	1	0	15	0
   108671	2021-06-04 08:01:26	1	0	15	0
    10076	2021-06-04 08:01:48	1	0	15	0
   108666	2021-06-04 08:02:09	1	0	15	0
    10550	2021-06-04 08:06:12	1	0	15	0
   108515	2021-06-04 08:20:57	1	0	15	0
    10458	2021-06-04 08:23:33	1	0	15	0
   108591	2021-06-04 08:29:37	1	0	15	0
   108591	2021-06-04 08:29:39	1	0	15	0
   500001	2021-06-04 08:42:51	1	0	15	0
   108668	2021-06-04 10:26:26	1	0	15	0
   108611	2021-06-04 11:06:03	1	0	15	0
    10025	2021-06-04 11:06:58	1	0	15	0
   108585	2021-06-04 11:38:05	1	0	15	0
   108585	2021-06-04 11:38:08	1	0	15	0
    10065	2021-06-04 11:41:37	1	0	15	0
    10063	2021-06-04 11:55:44	1	0	15	0
    10149	2021-06-04 11:56:00	1	0	15	0
   108587	2021-06-04 15:11:15	1	0	15	0
    10065	2021-06-04 15:28:54	1	0	15	0
   108585	2021-06-04 15:31:56	1	0	15	0
   108585	2021-06-04 15:31:59	1	0	15	0
   108591	2021-06-04 15:34:03	1	0	15	0
   108591	2021-06-04 15:34:06	1	0	15	0
   108593	2021-06-04 16:00:17	1	1	15	0
   108533	2021-06-04 16:00:33	1	1	15	0
   101437	2021-06-04 16:01:06	1	1	15	0
   102526	2021-06-04 16:01:13	1	1	15	0
    10284	2021-06-04 16:01:24	1	1	15	0
    10456	2021-06-04 16:01:38	1	1	15	0
   108549	2021-06-04 16:02:42	1	1	15	0
    10348	2021-06-04 16:03:26	1	1	15	0
    10348	2021-06-04 16:03:28	1	1	15	0
   108538	2021-06-04 16:03:37	1	1	15	0
    10138	2021-06-04 16:04:05	1	1	15	0
   108469	2021-06-04 16:07:14	1	1	15	0
    10278	2021-06-04 16:07:26	1	1	15	0
    10228	2021-06-04 16:08:43	1	1	15	0
   108472	2021-06-04 16:08:50	1	1	15	0
   108619	2021-06-04 16:09:39	1	1	15	0
   102542	2021-06-04 16:12:55	1	1	15	0
   108630	2021-06-04 17:00:47	1	1	15	0
    10080	2021-06-04 17:00:53	1	1	15	0
    10372	2021-06-04 17:01:03	1	1	15	0
   500001	2021-06-04 17:01:25	1	1	15	0
   108670	2021-06-04 17:01:35	1	1	15	0
   102579	2021-06-04 17:02:14	1	1	15	0
    10076	2021-06-04 17:02:38	1	1	15	0
   108523	2021-06-04 17:02:47	1	1	15	0
    10033	2021-06-04 17:02:54	1	1	15	0
    10033	2021-06-04 17:02:56	1	1	15	0
    10127	2021-06-04 17:03:14	1	1	15	0
   108671	2021-06-04 17:03:20	1	1	15	0
    19980	2021-06-04 17:03:31	1	1	15	0
    10221	2021-06-04 17:03:57	1	1	15	0
   108579	2021-06-04 17:04:06	1	1	15	0
   108673	2021-06-04 17:04:12	1	1	15	0
   101432	2021-06-04 17:04:18	1	1	15	0
   108638	2021-06-04 17:04:24	1	1	15	0
   108617	2021-06-04 17:04:44	1	1	15	0
   108669	2021-06-04 17:05:16	1	1	15	0
    10065	2021-06-04 17:05:36	1	1	15	0
   108672	2021-06-04 17:06:28	1	1	15	0
   108672	2021-06-04 17:06:30	1	1	15	0
   108667	2021-06-04 17:07:00	1	1	15	0
   108662	2021-06-04 17:07:08	1	1	15	0
   108635	2021-06-04 17:07:29	1	1	15	0
   108611	2021-06-04 17:07:43	1	1	15	0
    10159	2021-06-04 17:07:53	1	1	15	0
    10550	2021-06-04 17:10:45	1	1	15	0
   102544	2021-06-04 17:13:43	1	1	15	0
   108515	2021-06-04 17:25:45	1	1	15	0
    10032	2021-06-04 17:32:51	1	1	15	0
   108585	2021-06-04 17:43:40	1	1	15	0
    10458	2021-06-04 18:03:23	1	1	15	0
   108610	2021-06-04 18:07:24	1	1	15	0
   108666	2021-06-04 18:11:55	1	1	15	0
   108658	2021-06-04 18:17:58	1	1	15	0
    10129	2021-06-04 18:20:59	1	1	15	0
   108663	2021-06-04 18:27:08	1	1	15	0
    10309	2021-06-04 20:00:12	1	1	15	0
    10348	2021-06-05 02:58:36	1	0	15	0
   108538	2021-06-05 03:10:21	1	0	15	0
   108538	2021-06-05 03:10:24	1	0	15	0
   108469	2021-06-05 04:08:38	1	0	15	0
    10456	2021-06-05 05:49:57	1	0	15	0
   102526	2021-06-05 06:31:30	1	0	15	0
    10278	2021-06-05 06:31:44	1	0	15	0
   108593	2021-06-05 06:36:51	1	0	15	0
   108587	2021-06-05 06:54:51	1	0	15	0
   108533	2021-06-05 07:10:24	1	0	15	0
   102542	2021-06-05 07:35:18	1	0	15	0
    10309	2021-06-05 07:43:00	1	0	15	0
   108538	2021-06-05 13:22:58	1	0	15	0
   108538	2021-06-05 13:23:27	1	1	15	0
   108469	2021-06-05 13:24:24	1	1	15	0
    10348	2021-06-05 13:26:04	1	1	15	0
   108593	2021-06-05 15:00:09	1	1	15	0
    10456	2021-06-05 15:00:32	1	1	15	0
    10278	2021-06-05 15:01:47	1	1	15	0
   108533	2021-06-05 16:00:23	1	1	15	0
   102526	2021-06-05 16:03:21	1	1	15	0
   108587	2021-06-05 16:03:34	1	1	15	0
   102542	2021-06-05 16:05:06	1	1	15	0
    10309	2021-06-05 20:04:18	1	1	15	0
    10309	2021-06-06 09:45:54	1	1	15	0
    10138	2021-06-06 09:48:52	1	1	15	0
   108538	2021-06-06 09:49:34	1	1	15	0
    10138	2021-06-06 14:12:33	1	1	15	0
   108538	2021-06-06 14:12:45	1	1	15	0
    10309	2021-06-06 20:00:07	1	1	15	0
    10456	2021-06-07 06:04:35	1	0	15	0
    10214	2021-06-07 06:18:48	1	0	15	0
   101437	2021-06-07 06:24:22	1	0	15	0
   102526	2021-06-07 06:27:15	1	0	15	0
   108654	2021-06-07 06:34:46	1	0	15	0
    10372	2021-06-07 06:35:44	1	0	15	0
    10372	2021-06-07 06:35:46	1	0	15	0
   108617	2021-06-07 06:49:18	1	0	15	0
   108598	2021-06-07 07:02:13	1	0	15	0
   108533	2021-06-07 07:03:58	1	0	15	0
   101451	2021-06-07 07:06:42	1	0	15	0
   108587	2021-06-07 07:06:56	1	0	15	0
   108587	2021-06-07 07:06:59	1	0	15	0
    10033	2021-06-07 07:14:55	1	0	15	0
    10080	2021-06-07 07:16:06	1	0	15	0
   108593	2021-06-07 07:23:40	1	0	15	0
   108472	2021-06-07 07:23:51	1	0	15	0
   108670	2021-06-07 07:24:19	1	0	15	0
   108585	2021-06-07 07:26:05	1	0	15	0
    10356	2021-06-07 07:27:23	1	0	15	0
   108630	2021-06-07 07:29:25	1	0	15	0
    10309	2021-06-07 07:30:15	1	0	15	0
   108669	2021-06-07 07:30:51	1	0	15	0
    10065	2021-06-07 07:31:24	1	0	15	0
   101432	2021-06-07 07:31:53	1	0	15	0
   108568	2021-06-07 07:32:03	1	0	15	0
   108667	2021-06-07 07:33:47	1	0	15	0
    10159	2021-06-07 07:34:55	1	0	15	0
   108662	2021-06-07 07:36:20	1	0	15	0
   108658	2021-06-07 07:36:47	1	0	15	0
   108505	2021-06-07 07:37:36	1	0	15	0
   108549	2021-06-07 07:37:58	1	0	15	0
    10032	2021-06-07 07:40:09	1	0	15	0
   108579	2021-06-07 07:40:45	1	0	15	0
    10278	2021-06-07 07:43:46	1	0	15	0
    10221	2021-06-07 07:44:17	1	0	15	0
   108538	2021-06-07 07:44:27	1	0	15	0
   108469	2021-06-07 07:45:34	1	0	15	0
    10348	2021-06-07 07:45:42	1	0	15	0
    10348	2021-06-07 07:45:44	1	0	15	0
    10127	2021-06-07 07:46:10	1	0	15	0
    10284	2021-06-07 07:48:45	1	0	15	0
   108638	2021-06-07 07:50:44	1	0	15	0
    10138	2021-06-07 07:50:56	1	0	15	0
   108613	2021-06-07 07:52:29	1	0	15	0
   108619	2021-06-07 07:52:47	1	0	15	0
   102542	2021-06-07 07:52:56	1	0	15	0
   108672	2021-06-07 07:53:50	1	0	15	0
   108672	2021-06-07 07:53:52	1	0	15	0
   108663	2021-06-07 07:55:01	1	0	15	0
   108666	2021-06-07 07:55:41	1	0	15	0
   102524	2021-06-07 07:56:41	1	0	15	0
   108668	2021-06-07 07:58:46	1	0	15	0
    19980	2021-06-07 08:00:37	1	0	15	0
    10129	2021-06-07 08:01:03	1	0	15	0
    10228	2021-06-07 08:01:09	1	0	15	0
    10063	2021-06-07 08:01:42	1	0	15	0
    10063	2021-06-07 08:01:45	1	0	15	0
    10149	2021-06-07 08:01:51	1	0	15	0
   108610	2021-06-07 08:01:57	1	0	15	0
    10076	2021-06-07 08:02:03	1	0	15	0
   108673	2021-06-07 08:02:08	1	0	15	0
   108671	2021-06-07 08:02:15	1	0	15	0
   108523	2021-06-07 08:02:22	1	0	15	0
    10550	2021-06-07 08:02:31	1	0	15	0
   108635	2021-06-07 08:23:29	1	0	15	0
   500001	2021-06-07 08:23:58	1	0	15	0
   108611	2021-06-07 08:27:45	1	0	15	0
    10458	2021-06-07 08:40:48	1	0	15	0
   108515	2021-06-07 08:46:43	1	0	15	0
   108538	2021-06-07 16:01:34	1	1	15	0
   108533	2021-06-07 16:01:43	1	1	15	0
   102526	2021-06-07 16:02:10	1	1	15	0
   108472	2021-06-07 16:02:21	1	1	15	0
    10278	2021-06-07 16:02:31	1	1	15	0
    10372	2021-06-07 16:02:39	1	1	15	0
   108549	2021-06-07 16:02:44	1	1	15	0
   108654	2021-06-07 16:02:49	1	1	15	0
   101437	2021-06-07 16:02:56	1	1	15	0
   102542	2021-06-07 16:03:42	1	1	15	0
    10309	2021-06-07 16:04:02	1	1	15	0
   108469	2021-06-07 16:04:20	1	1	15	0
   108469	2021-06-07 16:04:22	1	1	15	0
   108587	2021-06-07 16:04:56	1	1	15	0
   108587	2021-06-07 16:04:58	1	1	15	0
    10456	2021-06-07 16:07:18	1	1	15	0
    10138	2021-06-07 16:18:08	1	1	15	0
   108619	2021-06-07 16:19:15	1	1	15	0
    10356	2021-06-07 16:19:38	1	1	15	0
    10214	2021-06-07 16:19:52	1	1	15	0
    10284	2021-06-07 16:42:57	1	1	15	0
    10284	2021-06-07 16:43:00	1	1	15	0
    10073	2021-06-07 16:47:03	1	1	15	0
    10228	2021-06-07 16:56:51	1	1	15	0
   108593	2021-06-07 17:00:16	1	1	15	0
   108613	2021-06-07 17:00:34	1	1	15	0
   108613	2021-06-07 17:00:36	1	1	15	0
   108630	2021-06-07 17:00:39	1	1	15	0
    10080	2021-06-07 17:01:19	1	1	15	0
   108617	2021-06-07 17:01:37	1	1	15	0
   101432	2021-06-07 17:02:57	1	1	15	0
   101451	2021-06-07 17:03:08	1	1	15	0
   108670	2021-06-07 17:03:15	1	1	15	0
   108638	2021-06-07 17:03:26	1	1	15	0
   108669	2021-06-07 17:03:38	1	1	15	0
   108579	2021-06-07 17:04:38	1	1	15	0
    19980	2021-06-07 17:04:59	1	1	15	0
   108515	2021-06-07 17:05:29	1	1	15	0
    10033	2021-06-07 17:05:58	1	1	15	0
   108611	2021-06-07 17:06:36	1	1	15	0
   108673	2021-06-07 17:06:56	1	1	15	0
    10550	2021-06-07 17:07:05	1	1	15	0
    10032	2021-06-07 17:07:31	1	1	15	0
    10065	2021-06-07 17:08:04	1	1	15	0
   108635	2021-06-07 17:09:16	1	1	15	0
    10221	2021-06-07 17:10:41	1	1	15	0
    10073	2021-06-07 17:11:07	1	1	15	0
   500001	2021-06-07 17:11:19	1	1	15	0
   108667	2021-06-07 17:13:17	1	1	15	0
   108610	2021-06-07 17:14:13	1	1	15	0
   108610	2021-06-07 17:14:15	1	1	15	0
   102524	2021-06-07 17:15:04	1	1	15	0
    10063	2021-06-07 17:16:13	1	1	15	0
   108585	2021-06-07 17:16:55	1	1	15	0
    10149	2021-06-07 17:17:10	1	1	15	0
    10149	2021-06-07 17:17:13	1	1	15	0
   108668	2021-06-07 17:17:21	1	1	15	0
   108671	2021-06-07 17:18:26	1	1	15	0
    10159	2021-06-07 17:18:51	1	1	15	0
   102579	2021-06-07 17:19:04	1	1	15	0
   108568	2021-06-07 17:19:47	1	1	15	0
    10076	2021-06-07 17:20:08	1	1	15	0
   108666	2021-06-07 17:24:38	1	1	15	0
    10458	2021-06-07 17:38:11	1	1	15	0
   108505	2021-06-07 17:58:00	1	1	15	0
   108672	2021-06-07 18:28:00	1	1	15	0
   108672	2021-06-07 18:28:02	1	1	15	0
    10129	2021-06-07 18:28:56	1	1	15	0
   108523	2021-06-07 18:44:48	1	1	15	0
   108658	2021-06-07 20:03:35	1	1	15	0
   108598	2021-06-07 20:03:48	1	1	15	0
   108663	2021-06-07 20:03:57	1	1	15	0
    10127	2021-06-07 21:16:58	1	1	15	0
   108662	2021-06-07 21:17:07	1	1	15	0
    10456	2021-06-08 05:55:11	1	0	15	0
   101437	2021-06-08 06:21:04	1	0	15	0
   102526	2021-06-08 06:23:35	1	0	15	0
   108617	2021-06-08 06:44:00	1	0	15	0
   108630	2021-06-08 06:53:48	1	0	15	0
   108533	2021-06-08 06:59:49	1	0	15	0
   108549	2021-06-08 07:06:33	1	0	15	0
   108587	2021-06-08 07:11:26	1	0	15	0
   108472	2021-06-08 07:12:14	1	0	15	0
    10214	2021-06-08 07:14:01	1	0	15	0
    10372	2021-06-08 07:14:47	1	0	15	0
    10356	2021-06-08 07:14:57	1	0	15	0
   108593	2021-06-08 07:15:39	1	0	15	0
    10033	2021-06-08 07:18:15	1	0	15	0
   108654	2021-06-08 07:18:59	1	0	15	0
   101451	2021-06-08 07:23:04	1	0	15	0
   108523	2021-06-08 07:26:26	1	0	15	0
    10065	2021-06-08 07:26:42	1	0	15	0
   108673	2021-06-08 07:27:59	1	0	15	0
   108585	2021-06-08 07:28:30	1	0	15	0
   108638	2021-06-08 07:28:57	1	0	15	0
   108670	2021-06-08 07:29:05	1	0	15	0
    10278	2021-06-08 07:29:15	1	0	15	0
    10278	2021-06-08 07:29:17	1	0	15	0
   108568	2021-06-08 07:30:43	1	0	15	0
   108669	2021-06-08 07:31:24	1	0	15	0
   108610	2021-06-08 07:32:17	1	0	15	0
   108668	2021-06-08 07:32:37	1	0	15	0
   108505	2021-06-08 07:33:19	1	0	15	0
    10138	2021-06-08 07:34:45	1	0	15	0
   108591	2021-06-08 07:35:29	1	0	15	0
   108667	2021-06-08 07:36:09	1	0	15	0
   101432	2021-06-08 07:36:52	1	0	15	0
   108538	2021-06-08 07:37:06	1	0	15	0
   108662	2021-06-08 07:37:46	1	0	15	0
   108658	2021-06-08 07:38:33	1	0	15	0
   108598	2021-06-08 07:38:45	1	0	15	0
    10284	2021-06-08 07:43:32	1	0	15	0
   108663	2021-06-08 07:44:13	1	0	15	0
    10159	2021-06-08 07:49:05	1	0	15	0
   108579	2021-06-08 07:49:32	1	0	15	0
   108469	2021-06-08 07:50:08	1	0	15	0
   108672	2021-06-08 07:50:21	1	0	15	0
    10309	2021-06-08 07:52:20	1	0	15	0
   108619	2021-06-08 07:53:00	1	0	15	0
    10129	2021-06-08 07:53:10	1	0	15	0
    10221	2021-06-08 07:53:26	1	0	15	0
   108613	2021-06-08 07:53:39	1	0	15	0
    10228	2021-06-08 07:54:32	1	0	15	0
    10032	2021-06-08 07:54:59	1	0	15	0
    10080	2021-06-08 07:55:38	1	0	15	0
    10063	2021-06-08 07:56:27	1	0	15	0
    10149	2021-06-08 07:56:35	1	0	15	0
    10149	2021-06-08 07:56:38	1	0	15	0
   108671	2021-06-08 07:56:44	1	0	15	0
    10076	2021-06-08 07:57:09	1	0	15	0
    10348	2021-06-08 07:57:13	1	0	15	0
    10348	2021-06-08 07:57:16	1	0	15	0
   102544	2021-06-08 07:57:28	1	0	15	0
    10073	2021-06-08 07:58:51	1	0	15	0
    10073	2021-06-08 07:58:53	1	0	15	0
    10127	2021-06-08 07:59:12	1	0	15	0
   102524	2021-06-08 08:00:39	1	0	15	0
    19980	2021-06-08 08:02:24	1	0	15	0
   108635	2021-06-08 08:05:18	1	0	15	0
   108611	2021-06-08 08:08:28	1	0	15	0
   108666	2021-06-08 08:13:56	1	0	15	0
   500001	2021-06-08 08:28:55	1	0	15	0
   102579	2021-06-08 08:33:18	1	0	15	0
    10458	2021-06-08 08:52:42	1	0	15	0
    10550	2021-06-08 08:54:58	1	0	15	0
   108515	2021-06-08 09:45:30	1	0	15	0
    10033	2021-06-08 12:19:11	1	0	15	0
    10284	2021-06-08 16:04:11	1	1	15	0
    10284	2021-06-08 16:04:13	1	1	15	0
   108538	2021-06-08 16:04:24	1	1	15	0
   108619	2021-06-08 16:08:18	1	1	15	0
   108472	2021-06-08 16:08:47	1	1	15	0
    10348	2021-06-08 16:10:40	1	1	15	0
   108533	2021-06-08 16:11:07	1	1	15	0
   101437	2021-06-08 16:11:23	1	1	15	0
   108549	2021-06-08 16:12:02	1	1	15	0
    10356	2021-06-08 16:13:42	1	1	15	0
    10214	2021-06-08 16:13:51	1	1	15	0
    10214	2021-06-08 16:13:54	1	1	15	0
   102526	2021-06-08 16:15:18	1	1	15	0
   108587	2021-06-08 16:15:25	1	1	15	0
    10228	2021-06-08 16:16:01	1	1	15	0
    10138	2021-06-08 16:16:12	1	1	15	0
    10309	2021-06-08 16:16:45	1	1	15	0
   102544	2021-06-08 16:21:55	1	1	15	0
   108613	2021-06-08 17:00:24	1	1	15	0
   108630	2021-06-08 17:00:32	1	1	15	0
    10065	2021-06-08 17:01:46	1	1	15	0
   101432	2021-06-08 17:02:28	1	1	15	0
    10080	2021-06-08 17:02:38	1	1	15	0
    10456	2021-06-08 17:02:54	1	1	15	0
   108638	2021-06-08 17:03:21	1	1	15	0
   108670	2021-06-08 17:03:33	1	1	15	0
   108669	2021-06-08 17:04:00	1	1	15	0
   108673	2021-06-08 17:04:11	1	1	15	0
   108579	2021-06-08 17:04:24	1	1	15	0
   108593	2021-06-08 17:05:08	1	1	15	0
   108617	2021-06-08 17:05:30	1	1	15	0
   108668	2021-06-08 17:05:39	1	1	15	0
    10278	2021-06-08 17:05:53	1	1	15	0
   108515	2021-06-08 17:05:59	1	1	15	0
   108611	2021-06-08 17:06:20	1	1	15	0
    10221	2021-06-08 17:06:40	1	1	15	0
   101436	2021-06-08 17:06:50	1	1	15	0
   101451	2021-06-08 17:06:57	1	1	15	0
   108654	2021-06-08 17:07:14	1	1	15	0
   102524	2021-06-08 17:07:51	1	1	15	0
   108667	2021-06-08 17:08:10	1	1	15	0
    10550	2021-06-08 17:09:21	1	1	15	0
    10372	2021-06-08 17:09:46	1	1	15	0
   108635	2021-06-08 17:09:59	1	1	15	0
    19980	2021-06-08 17:11:35	1	1	15	0
   500001	2021-06-08 17:11:50	1	1	15	0
    10159	2021-06-08 17:13:47	1	1	15	0
    10032	2021-06-08 17:14:12	1	1	15	0
   108672	2021-06-08 17:15:24	1	1	15	0
   108469	2021-06-08 17:16:03	1	1	15	0
   108591	2021-06-08 17:16:14	1	1	15	0
   108585	2021-06-08 17:17:03	1	1	15	0
    10073	2021-06-08 17:20:16	1	1	15	0
   108610	2021-06-08 17:21:57	1	1	15	0
   108568	2021-06-08 17:23:35	1	1	15	0
    10063	2021-06-08 17:24:32	1	1	15	0
   108671	2021-06-08 17:27:02	1	1	15	0
   102579	2021-06-08 17:27:25	1	1	15	0
    10076	2021-06-08 17:28:42	1	1	15	0
    10149	2021-06-08 17:30:06	1	1	15	0
   108505	2021-06-08 17:46:38	1	1	15	0
    10458	2021-06-08 18:00:21	1	1	15	0
   108666	2021-06-08 18:00:46	1	1	15	0
    10129	2021-06-08 18:04:48	1	1	15	0
   108663	2021-06-08 20:07:08	1	1	15	0
   108658	2021-06-08 20:07:14	1	1	15	0
   108523	2021-06-08 20:34:50	1	1	15	0
    10127	2021-06-08 20:35:01	1	1	15	0
   108662	2021-06-08 20:35:09	1	1	15	0
    10348	2021-06-09 02:45:52	1	0	15	0
    10214	2021-06-09 03:05:51	1	0	15	0
    10356	2021-06-09 03:06:45	1	0	15	0
    10456	2021-06-09 06:03:57	1	0	15	0
    10456	2021-06-09 06:04:00	1	0	15	0
   102526	2021-06-09 06:28:10	1	0	15	0
   101437	2021-06-09 06:28:37	1	0	15	0
   101437	2021-06-09 06:28:39	1	0	15	0
   108617	2021-06-09 06:42:25	1	0	15	0
   108533	2021-06-09 06:55:14	1	0	15	0
   108587	2021-06-09 07:04:00	1	0	15	0
   101451	2021-06-09 07:07:39	1	0	15	0
   108630	2021-06-09 07:13:10	1	0	15	0
   108662	2021-06-09 07:19:31	1	0	15	0
   108523	2021-06-09 07:19:55	1	0	15	0
    10278	2021-06-09 07:21:27	1	0	15	0
   108549	2021-06-09 07:21:37	1	0	15	0
   108670	2021-06-09 07:22:54	1	0	15	0
   108472	2021-06-09 07:23:03	1	0	15	0
   108585	2021-06-09 07:24:21	1	0	15	0
    10372	2021-06-09 07:25:21	1	0	15	0
    10065	2021-06-09 07:26:26	1	0	15	0
   101432	2021-06-09 07:27:40	1	0	15	0
   108654	2021-06-09 07:29:06	1	0	15	0
   108673	2021-06-09 07:29:29	1	0	15	0
   108568	2021-06-09 07:29:51	1	0	15	0
   108658	2021-06-09 07:30:09	1	0	15	0
   108593	2021-06-09 07:33:11	1	0	15	0
   108668	2021-06-09 07:33:51	1	0	15	0
   108669	2021-06-09 07:35:14	1	0	15	0
    10159	2021-06-09 07:35:37	1	0	15	0
   108538	2021-06-09 07:36:11	1	0	15	0
    10033	2021-06-09 07:36:30	1	0	15	0
   108667	2021-06-09 07:38:57	1	0	15	0
   108610	2021-06-09 07:39:42	1	0	15	0
   108663	2021-06-09 07:39:51	1	0	15	0
   108505	2021-06-09 07:39:59	1	0	15	0
   102542	2021-06-09 07:42:54	1	0	15	0
    10080	2021-06-09 07:43:32	1	0	15	0
    10284	2021-06-09 07:44:42	1	0	15	0
    10138	2021-06-09 07:45:02	1	0	15	0
    10063	2021-06-09 07:47:24	1	0	15	0
    10149	2021-06-09 07:47:32	1	0	15	0
   108671	2021-06-09 07:47:39	1	0	15	0
    10025	2021-06-09 07:48:11	1	0	15	0
    10076	2021-06-09 07:48:57	1	0	15	0
   108613	2021-06-09 07:49:15	1	0	15	0
   108469	2021-06-09 07:49:27	1	0	15	0
   108672	2021-06-09 07:51:18	1	0	15	0
    10228	2021-06-09 07:52:46	1	0	15	0
   108638	2021-06-09 07:53:52	1	0	15	0
    10221	2021-06-09 07:55:51	1	0	15	0
    10309	2021-06-09 07:56:11	1	0	15	0
   108598	2021-06-09 07:56:37	1	0	15	0
    10032	2021-06-09 07:56:52	1	0	15	0
    10127	2021-06-09 07:57:19	1	0	15	0
    10129	2021-06-09 07:57:28	1	0	15	0
   108619	2021-06-09 07:59:07	1	0	15	0
   102544	2021-06-09 08:00:08	1	0	15	0
    19980	2021-06-09 08:03:39	1	0	15	0
   108611	2021-06-09 08:08:55	1	0	15	0
   108591	2021-06-09 08:11:15	1	0	15	0
   102524	2021-06-09 08:15:20	1	0	15	0
   108635	2021-06-09 08:31:32	1	0	15	0
    10073	2021-06-09 08:32:57	1	0	15	0
    10550	2021-06-09 08:33:04	1	0	15	0
    10458	2021-06-09 08:33:17	1	0	15	0
   500001	2021-06-09 08:43:38	1	0	15	0
   108515	2021-06-09 09:27:05	1	0	15	0
   108674	2021-06-09 10:32:08	1	0	15	0
   108674	2021-06-09 10:32:36	1	0	15	0
   108579	2021-06-09 11:58:13	1	0	15	0
   108654	2021-06-09 16:00:59	1	1	15	0
    10372	2021-06-09 16:01:14	1	1	15	0
    10284	2021-06-09 16:01:32	1	1	15	0
   102526	2021-06-09 16:01:43	1	1	15	0
   108619	2021-06-09 16:01:51	1	1	15	0
    10138	2021-06-09 16:02:01	1	1	15	0
   101437	2021-06-09 16:02:13	1	1	15	0
   108533	2021-06-09 16:02:21	1	1	15	0
    10456	2021-06-09 16:02:31	1	1	15	0
    10228	2021-06-09 16:02:44	1	1	15	0
   108472	2021-06-09 16:02:50	1	1	15	0
   108587	2021-06-09 16:03:14	1	1	15	0
    10309	2021-06-09 16:03:32	1	1	15	0
   108549	2021-06-09 16:05:02	1	1	15	0
   108538	2021-06-09 16:05:29	1	1	15	0
    10278	2021-06-09 16:05:52	1	1	15	0
   108469	2021-06-09 16:09:17	1	1	15	0
    10080	2021-06-09 16:12:16	1	1	15	0
   102542	2021-06-09 16:21:01	1	1	15	0
    10073	2021-06-09 16:31:08	1	1	15	0
   108593	2021-06-09 17:00:39	1	1	15	0
   108613	2021-06-09 17:00:59	1	1	15	0
   108630	2021-06-09 17:01:08	1	1	15	0
   101451	2021-06-09 17:01:19	1	1	15	0
   102544	2021-06-09 17:01:40	1	1	15	0
    19980	2021-06-09 17:02:36	1	1	15	0
   108670	2021-06-09 17:02:51	1	1	15	0
   108617	2021-06-09 17:03:16	1	1	15	0
   108515	2021-06-09 17:03:27	1	1	15	0
   108669	2021-06-09 17:03:41	1	1	15	0
   102524	2021-06-09 17:03:55	1	1	15	0
   101432	2021-06-09 17:04:25	1	1	15	0
    10550	2021-06-09 17:04:38	1	1	15	0
    10065	2021-06-09 17:04:45	1	1	15	0
   108668	2021-06-09 17:05:14	1	1	15	0
    10033	2021-06-09 17:05:53	1	1	15	0
   108673	2021-06-09 17:06:10	1	1	15	0
   108579	2021-06-09 17:06:15	1	1	15	0
   108505	2021-06-09 17:06:21	1	1	15	0
   108591	2021-06-09 17:06:29	1	1	15	0
   108611	2021-06-09 17:06:52	1	1	15	0
   108638	2021-06-09 17:07:16	1	1	15	0
    10025	2021-06-09 17:07:51	1	1	15	0
    10221	2021-06-09 17:08:13	1	1	15	0
   108667	2021-06-09 17:09:42	1	1	15	0
   500001	2021-06-09 17:10:39	1	1	15	0
   108635	2021-06-09 17:13:29	1	1	15	0
    10458	2021-06-09 17:14:08	1	1	15	0
    10159	2021-06-09 17:21:40	1	1	15	0
   108585	2021-06-09 17:23:49	1	1	15	0
   108610	2021-06-09 17:38:31	1	1	15	0
   108568	2021-06-09 17:40:38	1	1	15	0
   102579	2021-06-09 17:41:29	1	1	15	0
    10063	2021-06-09 17:42:01	1	1	15	0
   108671	2021-06-09 17:42:12	1	1	15	0
   108674	2021-06-09 17:42:46	1	1	15	0
   108674	2021-06-09 17:42:48	1	1	15	0
    10076	2021-06-09 17:42:57	1	1	15	0
    10149	2021-06-09 17:43:46	1	1	15	0
   108666	2021-06-09 17:57:12	1	1	15	0
   108672	2021-06-09 17:58:45	1	1	15	0
    10032	2021-06-09 18:07:24	1	1	15	0
    10129	2021-06-09 18:19:20	1	1	15	0
   108663	2021-06-09 19:21:16	1	1	15	0
   108658	2021-06-09 20:01:11	1	1	15	0
   108523	2021-06-09 20:21:05	1	1	15	0
    10127	2021-06-09 21:17:54	1	1	15	0
   108662	2021-06-09 21:18:03	1	1	15	0
   108598	2021-06-09 21:18:49	1	1	15	0
    10456	2021-06-10 05:41:15	1	0	15	0
   101437	2021-06-10 06:21:55	1	0	15	0
   108587	2021-06-10 06:35:32	1	0	15	0
   108587	2021-06-10 06:35:34	1	0	15	0
   102526	2021-06-10 06:46:43	1	0	15	0
   108610	2021-06-10 06:55:30	1	0	15	0
    10372	2021-06-10 07:02:20	1	0	15	0
   108630	2021-06-10 07:09:29	1	0	15	0
   108533	2021-06-10 07:09:45	1	0	15	0
   108593	2021-06-10 07:12:49	1	0	15	0
   101451	2021-06-10 07:14:27	1	0	15	0
    10214	2021-06-10 07:21:17	1	0	15	0
    10356	2021-06-10 07:21:50	1	0	15	0
   108673	2021-06-10 07:22:19	1	0	15	0
    10278	2021-06-10 07:22:47	1	0	15	0
   108523	2021-06-10 07:23:38	1	0	15	0
   108670	2021-06-10 07:25:02	1	0	15	0
    10127	2021-06-10 07:28:31	1	0	15	0
   108658	2021-06-10 07:32:51	1	0	15	0
    10033	2021-06-10 07:36:00	1	0	15	0
   108568	2021-06-10 07:36:17	1	0	15	0
   108667	2021-06-10 07:37:04	1	0	15	0
    10080	2021-06-10 07:37:13	1	0	15	0
   108505	2021-06-10 07:37:22	1	0	15	0
   101432	2021-06-10 07:38:27	1	0	15	0
   108549	2021-06-10 07:38:36	1	0	15	0
    10025	2021-06-10 07:41:02	1	0	15	0
   108669	2021-06-10 07:42:49	1	0	15	0
   108662	2021-06-10 07:43:25	1	0	15	0
   108662	2021-06-10 07:43:27	1	0	15	0
    10221	2021-06-10 07:44:26	1	0	15	0
    10065	2021-06-10 07:44:50	1	0	15	0
   108469	2021-06-10 07:45:25	1	0	15	0
   108668	2021-06-10 07:46:07	1	0	15	0
    10159	2021-06-10 07:47:06	1	0	15	0
   108538	2021-06-10 07:47:17	1	0	15	0
   108538	2021-06-10 07:47:19	1	0	15	0
    10228	2021-06-10 07:48:15	1	0	15	0
    10063	2021-06-10 07:48:25	1	0	15	0
    10149	2021-06-10 07:48:33	1	0	15	0
   108671	2021-06-10 07:48:43	1	0	15	0
    10076	2021-06-10 07:49:20	1	0	15	0
   102542	2021-06-10 07:49:32	1	0	15	0
    10309	2021-06-10 07:50:17	1	0	15	0
   108663	2021-06-10 07:50:37	1	0	15	0
   108598	2021-06-10 07:50:57	1	0	15	0
   108672	2021-06-10 07:51:30	1	0	15	0
    10032	2021-06-10 07:51:42	1	0	15	0
   108638	2021-06-10 07:52:33	1	0	15	0
   102544	2021-06-10 07:53:30	1	0	15	0
    19980	2021-06-10 07:54:04	1	0	15	0
    10138	2021-06-10 07:54:13	1	0	15	0
    10284	2021-06-10 07:54:20	1	0	15	0
   108579	2021-06-10 07:57:32	1	0	15	0
   108619	2021-06-10 07:59:29	1	0	15	0
    10129	2021-06-10 07:59:54	1	0	15	0
   102524	2021-06-10 08:03:08	1	0	15	0
   108472	2021-06-10 08:03:35	1	0	15	0
   108611	2021-06-10 08:05:07	1	0	15	0
   108613	2021-06-10 08:05:23	1	0	15	0
   108666	2021-06-10 08:12:18	1	0	15	0
   108591	2021-06-10 08:16:36	1	0	15	0
   102579	2021-06-10 08:19:42	1	0	15	0
    10550	2021-06-10 08:19:55	1	0	15	0
   108585	2021-06-10 08:24:57	1	0	15	0
    10458	2021-06-10 08:26:30	1	0	15	0
   108635	2021-06-10 08:28:12	1	0	15	0
    10073	2021-06-10 08:43:26	1	0	15	0
