   108608	2020-10-26 06:18:26	1	1	15	0
   101437	2020-10-26 06:29:03	1	1	15	0
   102526	2020-10-26 06:33:20	1	1	15	0
    10456	2020-10-26 06:34:43	1	0	15	0
    10456	2020-10-26 06:34:47	1	0	15	0
   108663	2020-10-26 06:41:58	1	0	15	0
   102542	2020-10-26 06:52:23	1	0	15	0
   108533	2020-10-26 06:53:23	1	0	15	0
   108469	2020-10-26 07:00:03	1	0	15	0
    10080	2020-10-26 07:04:50	1	0	15	0
   108556	2020-10-26 07:08:35	1	0	15	0
    10065	2020-10-26 07:10:57	1	0	15	0
   108538	2020-10-26 07:15:39	1	0	15	0
    10278	2020-10-26 07:17:18	1	0	15	0
   108662	2020-10-26 07:17:51	1	0	15	0
   108523	2020-10-26 07:22:41	1	0	15	0
   108650	2020-10-26 07:25:39	1	0	15	0
   108568	2020-10-26 07:29:32	1	0	15	0
   108585	2020-10-26 07:30:53	1	0	15	0
   101451	2020-10-26 07:31:03	1	0	15	0
    10033	2020-10-26 07:32:09	1	0	15	0
   108630	2020-10-26 07:32:21	1	0	15	0
   108472	2020-10-26 07:33:18	1	0	15	0
   108593	2020-10-26 07:33:46	1	0	15	0
    10025	2020-10-26 07:37:01	1	0	15	0
    10221	2020-10-26 07:39:05	1	0	15	0
   108554	2020-10-26 07:44:38	1	0	15	0
   108570	2020-10-26 07:44:51	1	0	15	0
   108661	2020-10-26 07:45:20	1	0	15	0
   108638	2020-10-26 07:50:47	1	0	15	0
   108636	2020-10-26 07:52:41	1	0	15	0
   108658	2020-10-26 07:53:00	1	0	15	0
   108658	2020-10-26 07:53:01	1	0	15	0
   108610	2020-10-26 07:53:17	1	0	15	0
   108610	2020-10-26 07:53:20	1	0	15	0
    10032	2020-10-26 07:53:45	1	0	15	0
   108598	2020-10-26 07:54:25	1	0	15	0
   108619	2020-10-26 07:55:25	1	0	15	0
    10458	2020-10-26 07:58:01	1	0	15	0
    10309	2020-10-26 07:58:43	1	0	15	0
   108611	2020-10-26 08:04:38	1	0	15	0
    19980	2020-10-26 08:04:46	1	0	15	0
    19980	2020-10-26 08:04:49	1	0	15	0
    10138	2020-10-26 08:06:14	1	0	15	0
    10063	2020-10-26 08:09:53	1	0	15	0
    10149	2020-10-26 08:10:06	1	0	15	0
    10076	2020-10-26 08:10:16	1	0	15	0
   108549	2020-10-26 08:11:23	1	0	15	0
    10372	2020-10-26 08:12:32	1	0	15	0
   108591	2020-10-26 08:14:30	1	0	15	0
   108591	2020-10-26 08:14:32	1	0	15	0
   108505	2020-10-26 08:14:44	1	0	15	0
   108515	2020-10-26 08:42:18	1	0	15	0
   102544	2020-10-26 08:44:18	1	0	15	0
   500001	2020-10-26 08:48:12	1	0	15	0
    10025	2020-10-26 12:02:51	1	0	15	0
    10129	2020-10-26 12:12:51	1	0	15	0
    10127	2020-10-26 12:42:18	1	0	15	0
    10076	2020-10-26 12:50:11	1	0	15	0
   108570	2020-10-26 12:51:52	1	0	15	0
   108630	2020-10-26 16:00:09	1	0	15	0
    19980	2020-10-26 16:00:30	1	0	15	0
   102526	2020-10-26 16:00:40	1	0	15	0
   101451	2020-10-26 16:00:51	1	0	15	0
   102544	2020-10-26 16:01:00	1	0	15	0
    10372	2020-10-26 16:01:10	1	0	15	0
    10372	2020-10-26 16:01:12	1	0	15	0
   108533	2020-10-26 16:01:17	1	0	15	0
   108472	2020-10-26 16:01:24	1	0	15	0
   108593	2020-10-26 16:01:35	1	0	15	0
   108538	2020-10-26 16:01:44	1	0	15	0
    10456	2020-10-26 16:01:58	1	0	15	0
   108619	2020-10-26 16:02:21	1	0	15	0
    10309	2020-10-26 16:02:30	1	0	15	0
   108515	2020-10-26 16:02:39	1	0	15	0
    10080	2020-10-26 16:02:52	1	0	15	0
   500001	2020-10-26 16:03:00	1	0	15	0
   108650	2020-10-26 16:03:11	1	0	15	0
    10458	2020-10-26 16:03:52	1	0	15	0
    10138	2020-10-26 16:04:05	1	0	15	0
   108638	2020-10-26 16:04:22	1	0	15	0
   108556	2020-10-26 16:04:31	1	0	15	0
   108611	2020-10-26 16:04:40	1	0	15	0
    10149	2020-10-26 16:05:12	1	0	15	0
    10278	2020-10-26 16:05:33	1	0	15	0
   108585	2020-10-26 16:07:01	1	0	15	0
   108636	2020-10-26 16:09:46	1	0	15	0
   108591	2020-10-26 16:10:59	1	0	15	0
    10065	2020-10-26 16:12:20	1	0	15	0
   108505	2020-10-26 16:14:24	1	0	15	0
    10033	2020-10-26 16:15:28	1	0	15	0
   108554	2020-10-26 16:18:04	1	0	15	0
   108568	2020-10-26 16:20:39	1	0	15	0
   102542	2020-10-26 16:23:31	1	0	15	0
    10221	2020-10-26 16:24:31	1	0	15	0
   108658	2020-10-26 16:46:31	1	0	15	0
   108608	2020-10-26 17:08:00	1	0	15	0
   108469	2020-10-26 17:11:33	1	0	15	0
   108661	2020-10-26 17:14:42	1	0	15	0
   108663	2020-10-26 17:14:50	1	0	15	0
   108610	2020-10-26 17:20:17	1	0	15	0
    10063	2020-10-26 17:23:10	1	0	15	0
   108598	2020-10-26 17:43:06	1	0	15	0
    10032	2020-10-26 18:22:39	1	0	15	0
    10129	2020-10-26 18:37:11	1	0	15	0
    10129	2020-10-26 18:37:13	1	0	15	0
   108523	2020-10-26 21:58:20	1	0	15	0
    10127	2020-10-26 22:35:09	1	0	15	0
    10127	2020-10-26 22:35:12	1	0	15	0
    10127	2020-10-27 05:14:48	1	0	15	0
   108523	2020-10-27 05:20:31	1	0	15	0
   108608	2020-10-27 06:00:41	1	0	15	0
   108638	2020-10-27 06:10:32	1	0	15	0
   102526	2020-10-27 06:19:24	1	0	15	0
   101437	2020-10-27 06:28:51	1	0	15	0
   101437	2020-10-27 06:28:54	1	0	15	0
    10456	2020-10-27 06:29:11	1	0	15	0
   108663	2020-10-27 06:30:35	1	0	15	0
   108662	2020-10-27 06:44:44	1	0	15	0
    10080	2020-10-27 06:54:10	1	0	15	0
    10065	2020-10-27 06:55:52	1	0	15	0
    10065	2020-10-27 06:55:54	1	0	15	0
    10065	2020-10-27 06:56:02	1	0	15	0
   108469	2020-10-27 06:56:09	1	0	15	0
    10372	2020-10-27 06:56:56	1	0	15	0
    10372	2020-10-27 06:56:58	1	0	15	0
   108654	2020-10-27 06:59:26	1	0	15	0
   102542	2020-10-27 07:02:36	1	0	15	0
   108570	2020-10-27 07:04:29	1	0	15	0
   108489	2020-10-27 07:08:59	1	0	15	0
   108538	2020-10-27 07:14:15	1	0	15	0
    10278	2020-10-27 07:15:22	1	0	15	0
   108556	2020-10-27 07:18:47	1	0	15	0
   108585	2020-10-27 07:18:59	1	0	15	0
   108585	2020-10-27 07:19:02	1	0	15	0
   102525	2020-10-27 07:26:03	1	0	15	0
   108472	2020-10-27 07:26:26	1	0	15	0
   108593	2020-10-27 07:30:35	1	0	15	0
   108650	2020-10-27 07:32:05	1	0	15	0
    10025	2020-10-27 07:33:02	1	0	15	0
    10025	2020-10-27 07:33:04	1	0	15	0
    10032	2020-10-27 07:34:11	1	0	15	0
   101451	2020-10-27 07:38:26	1	0	15	0
   108554	2020-10-27 07:41:26	1	0	15	0
    10221	2020-10-27 07:41:41	1	0	15	0
   108661	2020-10-27 07:42:06	1	0	15	0
   108549	2020-10-27 07:44:49	1	0	15	0
   108549	2020-10-27 07:44:51	1	0	15	0
    10033	2020-10-27 07:48:11	1	0	15	0
   108629	2020-10-27 07:49:49	1	0	15	0
   108598	2020-10-27 07:50:18	1	0	15	0
   108658	2020-10-27 07:50:25	1	0	15	0
    10309	2020-10-27 07:51:28	1	0	15	0
    10138	2020-10-27 07:52:51	1	0	15	0
    10138	2020-10-27 07:52:54	1	0	15	0
   500001	2020-10-27 07:53:01	1	0	15	0
    19980	2020-10-27 07:54:10	1	0	15	0
   108619	2020-10-27 07:57:46	1	0	15	0
   108636	2020-10-27 07:59:40	1	0	15	0
    10458	2020-10-27 08:00:51	1	0	15	0
   108591	2020-10-27 08:02:05	1	0	15	0
   108505	2020-10-27 08:02:37	1	0	15	0
   108610	2020-10-27 08:05:18	1	0	15	0
   108635	2020-10-27 08:16:24	1	0	15	0
    10076	2020-10-27 08:20:44	1	0	15	0
    10025	2020-10-27 12:02:33	1	0	15	0
   108591	2020-10-27 12:09:18	1	0	15	0
    10129	2020-10-27 12:16:42	1	0	15	0
   108638	2020-10-27 13:31:31	1	0	15	0
   108593	2020-10-27 16:01:18	1	1	15	0
   108654	2020-10-27 16:01:40	1	1	15	0
   101451	2020-10-27 16:01:45	1	1	15	0
    10456	2020-10-27 16:01:52	1	1	15	0
   102526	2020-10-27 16:01:58	1	1	15	0
   101437	2020-10-27 16:02:06	1	1	15	0
    10458	2020-10-27 16:02:13	1	1	15	0
    19980	2020-10-27 16:02:21	1	1	15	0
   108472	2020-10-27 16:02:27	1	1	15	0
    10309	2020-10-27 16:02:42	1	1	15	0
   108619	2020-10-27 16:02:51	1	1	15	0
    10033	2020-10-27 16:03:16	1	1	15	0
    10076	2020-10-27 16:03:22	1	1	15	0
   108636	2020-10-27 16:03:28	1	1	15	0
    10372	2020-10-27 16:03:39	1	1	15	0
   102525	2020-10-27 16:03:49	1	1	15	0
   108489	2020-10-27 16:04:05	1	1	15	0
    10221	2020-10-27 16:04:15	1	1	15	0
   108635	2020-10-27 16:04:26	1	1	15	0
   108556	2020-10-27 16:04:57	1	1	15	0
   108538	2020-10-27 16:05:06	1	1	15	0
   108650	2020-10-27 16:05:14	1	1	15	0
   500001	2020-10-27 16:05:20	1	1	15	0
    10080	2020-10-27 16:05:32	1	1	15	0
   108554	2020-10-27 16:05:45	1	1	15	0
   108515	2020-10-27 16:08:28	1	1	15	0
   102542	2020-10-27 16:08:51	1	1	15	0
   108505	2020-10-27 16:09:25	1	1	15	0
    10065	2020-10-27 16:10:09	1	1	15	0
   108585	2020-10-27 16:10:51	1	1	15	0
    10032	2020-10-27 17:04:10	1	1	15	0
    10032	2020-10-27 17:04:12	1	1	15	0
   108469	2020-10-27 17:16:37	1	1	15	0
    10129	2020-10-27 17:58:37	1	1	15	0
   108610	2020-10-27 18:07:03	1	1	15	0
   108663	2020-10-27 18:16:34	1	1	15	0
   108663	2020-10-27 18:16:37	1	1	15	0
   108658	2020-10-27 19:11:35	1	1	15	0
   108629	2020-10-27 19:12:12	1	1	15	0
   108661	2020-10-27 19:22:27	1	1	15	0
   108608	2020-10-27 21:31:08	1	1	15	0
   108570	2020-10-27 21:33:30	1	1	15	0
    10278	2020-10-27 22:03:14	1	1	15	0
    10278	2020-10-27 22:03:16	1	1	15	0
    10138	2020-10-27 22:07:02	1	1	15	0
   108523	2020-10-27 22:10:42	1	1	15	0
    10127	2020-10-28 00:10:03	1	1	15	0
    10127	2020-10-28 05:02:33	1	1	15	0
   108523	2020-10-28 05:17:37	1	1	15	0
   108570	2020-10-28 05:52:56	1	1	15	0
   108662	2020-10-28 06:04:20	1	1	15	0
   108608	2020-10-28 06:11:01	1	1	15	0
   102526	2020-10-28 06:17:57	1	1	15	0
    10456	2020-10-28 06:22:15	1	0	15	0
    10456	2020-10-28 06:22:17	1	0	15	0
   101437	2020-10-28 06:26:54	1	0	15	0
   102542	2020-10-28 06:39:27	1	0	15	0
   108663	2020-10-28 06:41:53	1	0	15	0
   108533	2020-10-28 06:48:49	1	0	15	0
   108469	2020-10-28 06:57:42	1	0	15	0
   108630	2020-10-28 06:58:17	1	0	15	0
   108654	2020-10-28 07:06:39	1	0	15	0
    10372	2020-10-28 07:07:28	1	0	15	0
   108661	2020-10-28 07:09:21	1	0	15	0
   108556	2020-10-28 07:10:56	1	0	15	0
   108538	2020-10-28 07:12:47	1	0	15	0
   108617	2020-10-28 07:15:55	1	0	15	0
   108611	2020-10-28 07:18:24	1	0	15	0
   108585	2020-10-28 07:19:08	1	0	15	0
   108593	2020-10-28 07:21:57	1	0	15	0
    10221	2020-10-28 07:23:31	1	0	15	0
   101451	2020-10-28 07:25:54	1	0	15	0
    10278	2020-10-28 07:26:04	1	0	15	0
   108650	2020-10-28 07:27:19	1	0	15	0
   108613	2020-10-28 07:31:49	1	0	15	0
    10033	2020-10-28 07:32:22	1	0	15	0
   108568	2020-10-28 07:34:09	1	0	15	0
   108472	2020-10-28 07:36:39	1	0	15	0
    10309	2020-10-28 07:39:49	1	0	15	0
   108554	2020-10-28 07:39:58	1	0	15	0
   108591	2020-10-28 07:40:04	1	0	15	0
    10025	2020-10-28 07:42:33	1	0	15	0
   108636	2020-10-28 07:45:11	1	0	15	0
   102544	2020-10-28 07:49:52	1	0	15	0
   108629	2020-10-28 07:54:45	1	0	15	0
   108598	2020-10-28 07:55:01	1	0	15	0
   108658	2020-10-28 07:55:11	1	0	15	0
   500001	2020-10-28 07:55:55	1	0	15	0
    10032	2020-10-28 07:57:10	1	0	15	0
    19980	2020-10-28 07:57:34	1	0	15	0
   108638	2020-10-28 07:57:42	1	0	15	0
   108610	2020-10-28 07:58:52	1	0	15	0
   108635	2020-10-28 07:59:11	1	0	15	0
   108549	2020-10-28 08:01:28	1	0	15	0
    10458	2020-10-28 08:02:06	1	0	15	0
    10063	2020-10-28 08:12:31	1	0	15	0
    10149	2020-10-28 08:12:40	1	0	15	0
   108489	2020-10-28 08:12:52	1	0	15	0
    10076	2020-10-28 08:13:04	1	0	15	0
    10550	2020-10-28 09:25:23	1	0	15	0
   108515	2020-10-28 09:35:25	1	0	15	0
   108619	2020-10-28 10:00:22	1	0	15	0
    10025	2020-10-28 12:06:45	1	0	15	0
    10025	2020-10-28 12:06:46	1	0	15	0
    10129	2020-10-28 12:11:54	1	0	15	0
   108570	2020-10-28 15:03:31	1	0	15	0
   108593	2020-10-28 16:00:06	1	1	15	0
   108549	2020-10-28 16:00:27	1	1	15	0
   108533	2020-10-28 16:00:34	1	1	15	0
   101451	2020-10-28 16:00:43	1	1	15	0
    10033	2020-10-28 16:00:54	1	1	15	0
   101437	2020-10-28 16:01:06	1	1	15	0
   102526	2020-10-28 16:01:18	1	1	15	0
   108472	2020-10-28 16:01:23	1	1	15	0
   108538	2020-10-28 16:01:36	1	1	15	0
   108613	2020-10-28 16:02:05	1	1	15	0
   108617	2020-10-28 16:02:27	1	1	15	0
    10458	2020-10-28 16:02:36	1	1	15	0
   108556	2020-10-28 16:02:46	1	1	15	0
   108619	2020-10-28 16:02:55	1	1	15	0
   108554	2020-10-28 16:03:03	1	1	15	0
    10149	2020-10-28 16:03:39	1	1	15	0
   108638	2020-10-28 16:03:58	1	1	15	0
   108636	2020-10-28 16:04:06	1	1	15	0
    10456	2020-10-28 16:04:13	1	1	15	0
   108515	2020-10-28 16:04:20	1	1	15	0
    19980	2020-10-28 16:04:29	1	1	15	0
   108585	2020-10-28 16:05:14	1	1	15	0
   108650	2020-10-28 16:05:27	1	1	15	0
    10278	2020-10-28 16:05:37	1	1	15	0
    10278	2020-10-28 16:05:39	1	1	15	0
    10550	2020-10-28 16:05:50	1	1	15	0
   108611	2020-10-28 16:06:07	1	1	15	0
   108635	2020-10-28 16:06:14	1	1	15	0
   102544	2020-10-28 16:08:07	1	1	15	0
   108568	2020-10-28 16:13:51	1	1	15	0
   108654	2020-10-28 16:22:49	1	1	15	0
   500001	2020-10-28 16:22:59	1	1	15	0
    10372	2020-10-28 16:23:22	1	1	15	0
   108489	2020-10-28 16:23:37	1	1	15	0
   108489	2020-10-28 16:23:39	1	1	15	0
   108591	2020-10-28 16:24:58	1	1	15	0
   108630	2020-10-28 16:25:29	1	1	15	0
   108505	2020-10-28 16:25:46	1	1	15	0
    10221	2020-10-28 16:26:02	1	1	15	0
    10076	2020-10-28 16:38:21	1	1	15	0
    10063	2020-10-28 16:42:05	1	1	15	0
   102542	2020-10-28 16:53:53	1	1	15	0
    10309	2020-10-28 16:59:23	1	1	15	0
   108469	2020-10-28 17:08:36	1	1	15	0
   108608	2020-10-28 17:09:05	1	1	15	0
    10129	2020-10-28 18:19:59	1	1	15	0
   108663	2020-10-28 18:25:14	1	1	15	0
   108661	2020-10-28 18:25:55	1	1	15	0
    10127	2020-10-28 19:12:17	1	1	15	0
    10127	2020-10-28 19:12:19	1	1	15	0
   108610	2020-10-28 20:04:40	1	1	15	0
   108629	2020-10-28 20:13:11	1	1	15	0
   108658	2020-10-28 20:15:22	1	1	15	0
   108523	2020-10-28 20:43:03	1	1	15	0
   108662	2020-10-29 05:54:45	1	1	15	0
   108608	2020-10-29 06:06:47	1	1	15	0
   101437	2020-10-29 06:26:06	1	1	15	0
   108523	2020-10-29 06:30:06	1	1	15	0
   108663	2020-10-29 06:35:31	1	1	15	0
   108617	2020-10-29 06:44:30	1	1	15	0
   108469	2020-10-29 06:50:29	1	1	15	0
   108489	2020-10-29 06:54:08	1	1	15	0
   108556	2020-10-29 06:58:02	1	1	15	0
    10080	2020-10-29 07:02:04	1	1	15	0
    10065	2020-10-29 07:06:08	1	1	15	0
    10228	2020-10-29 07:06:54	1	1	15	0
    10025	2020-10-29 07:10:16	1	1	15	0
    10372	2020-10-29 07:14:32	1	1	15	0
   108593	2020-10-29 07:17:46	1	1	15	0
   108654	2020-10-29 07:18:54	1	0	15	0
   108610	2020-10-29 07:22:24	1	0	15	0
   108538	2020-10-29 07:23:18	1	0	15	0
    10398	2020-10-29 07:23:37	1	0	15	0
    10398	2020-10-29 07:23:39	1	0	15	0
   108587	2020-10-29 07:26:03	1	0	15	0
   108472	2020-10-29 07:28:46	1	0	15	0
   108661	2020-10-29 07:29:55	1	0	15	0
    10120	2020-10-29 07:31:35	1	0	15	0
   108568	2020-10-29 07:32:54	1	0	15	0
   108650	2020-10-29 07:33:25	1	0	15	0
   108613	2020-10-29 07:35:52	1	0	15	0
   108471	2020-10-29 07:39:12	1	0	15	0
    10033	2020-10-29 07:41:05	1	0	15	0
   102525	2020-10-29 07:41:26	1	0	15	0
   108570	2020-10-29 07:42:07	1	0	15	0
    10221	2020-10-29 07:45:23	1	0	15	0
    10076	2020-10-29 07:45:31	1	0	15	0
   108658	2020-10-29 07:47:49	1	0	15	0
   108629	2020-10-29 07:48:01	1	0	15	0
   108598	2020-10-29 07:48:22	1	0	15	0
    10127	2020-10-29 07:53:35	1	0	15	0
   108638	2020-10-29 07:55:19	1	0	15	0
   108636	2020-10-29 07:55:41	1	0	15	0
   108619	2020-10-29 07:59:28	1	0	15	0
    10032	2020-10-29 08:00:57	1	0	15	0
    10458	2020-10-29 08:03:04	1	0	15	0
   108591	2020-10-29 08:07:58	1	0	15	0
   108505	2020-10-29 08:08:18	1	0	15	0
   108635	2020-10-29 08:09:26	1	0	15	0
   500001	2020-10-29 08:16:52	1	0	15	0
    10550	2020-10-29 08:47:10	1	0	15	0
    10025	2020-10-29 12:10:34	1	0	15	0
    10129	2020-10-29 12:15:32	1	0	15	0
    10033	2020-10-29 14:04:08	1	0	15	0
   108489	2020-10-29 14:06:55	1	0	15	0
   108570	2020-10-29 15:03:26	1	0	15	0
   102525	2020-10-29 16:01:01	1	1	15	0
   108654	2020-10-29 16:01:14	1	1	15	0
   108593	2020-10-29 16:01:21	1	1	15	0
    10398	2020-10-29 16:01:31	1	1	15	0
   108515	2020-10-29 16:01:37	1	1	15	0
    10120	2020-10-29 16:01:44	1	1	15	0
    10550	2020-10-29 16:01:50	1	1	15	0
   108538	2020-10-29 16:02:03	1	1	15	0
   108619	2020-10-29 16:02:09	1	1	15	0
   101437	2020-10-29 16:02:19	1	1	15	0
   108617	2020-10-29 16:02:28	1	1	15	0
   108613	2020-10-29 16:02:47	1	1	15	0
   108472	2020-10-29 16:02:58	1	1	15	0
    10372	2020-10-29 16:03:09	1	1	15	0
    10372	2020-10-29 16:03:11	1	1	15	0
   500001	2020-10-29 16:03:25	1	1	15	0
    10080	2020-10-29 16:04:03	1	1	15	0
    10221	2020-10-29 16:04:14	1	1	15	0
   108635	2020-10-29 16:05:10	1	1	15	0
   108471	2020-10-29 16:05:16	1	1	15	0
    10076	2020-10-29 16:05:27	1	1	15	0
   108556	2020-10-29 16:06:32	1	1	15	0
    10065	2020-10-29 16:06:54	1	1	15	0
    10065	2020-10-29 16:06:57	1	1	15	0
    10065	2020-10-29 16:07:05	1	1	15	0
   108650	2020-10-29 16:07:17	1	1	15	0
   108636	2020-10-29 16:08:11	1	1	15	0
    10228	2020-10-29 16:09:10	1	1	15	0
   108587	2020-10-29 16:10:26	1	1	15	0
   108587	2020-10-29 16:10:29	1	1	15	0
    10458	2020-10-29 16:11:39	1	1	15	0
   108591	2020-10-29 16:13:06	1	1	15	0
   108505	2020-10-29 16:13:50	1	1	15	0
   108523	2020-10-29 16:19:27	1	1	15	0
   108658	2020-10-29 16:19:34	1	1	15	0
   108598	2020-10-29 16:19:43	1	1	15	0
   108638	2020-10-29 16:32:29	1	1	15	0
   108638	2020-10-29 16:32:31	1	1	15	0
   108608	2020-10-29 16:46:59	1	1	15	0
   108568	2020-10-29 17:01:21	1	1	15	0
   108469	2020-10-29 17:06:19	1	1	15	0
    10032	2020-10-29 17:10:35	1	1	15	0
   108661	2020-10-29 18:03:10	1	1	15	0
   108663	2020-10-29 18:03:17	1	1	15	0
    10127	2020-10-29 18:11:01	1	1	15	0
   108610	2020-10-29 18:11:11	1	1	15	0
    10129	2020-10-29 18:17:56	1	1	15	0
   108629	2020-10-29 19:24:58	1	1	15	0
   101437	2020-10-30 06:30:40	1	1	15	0
   108617	2020-10-30 06:41:39	1	1	15	0
    10080	2020-10-30 06:52:14	1	1	15	0
   108533	2020-10-30 06:53:43	1	1	15	0
    10065	2020-10-30 06:54:25	1	1	15	0
    10065	2020-10-30 06:54:27	1	1	15	0
    10065	2020-10-30 06:54:40	1	1	15	0
   102542	2020-10-30 07:00:51	1	1	15	0
   108469	2020-10-30 07:02:05	1	1	15	0
   108587	2020-10-30 07:02:55	1	1	15	0
   108587	2020-10-30 07:02:57	1	1	15	0
    10372	2020-10-30 07:06:04	1	1	15	0
    10372	2020-10-30 07:06:06	1	1	15	0
    10228	2020-10-30 07:07:28	1	1	15	0
   108556	2020-10-30 07:08:54	1	1	15	0
   108538	2020-10-30 07:19:37	1	1	15	0
    10278	2020-10-30 07:21:34	1	1	15	0
    10278	2020-10-30 07:21:36	1	1	15	0
   108585	2020-10-30 07:22:16	1	1	15	0
    10221	2020-10-30 07:23:17	1	1	15	0
   108568	2020-10-30 07:25:49	1	1	15	0
   108630	2020-10-30 07:26:18	1	1	15	0
   108523	2020-10-30 07:26:54	1	1	15	0
   108654	2020-10-30 07:28:29	1	0	15	0
   108471	2020-10-30 07:30:04	1	0	15	0
    10398	2020-10-30 07:31:26	1	0	15	0
    10398	2020-10-30 07:31:28	1	0	15	0
   108611	2020-10-30 07:31:58	1	0	15	0
   108472	2020-10-30 07:32:41	1	0	15	0
   108593	2020-10-30 07:34:06	1	0	15	0
   108663	2020-10-30 07:34:31	1	0	15	0
   108661	2020-10-30 07:37:27	1	0	15	0
   108650	2020-10-30 07:39:17	1	0	15	0
   108610	2020-10-30 07:41:06	1	0	15	0
   108658	2020-10-30 07:41:50	1	0	15	0
   108598	2020-10-30 07:42:00	1	0	15	0
    10033	2020-10-30 07:42:29	1	0	15	0
    10025	2020-10-30 07:43:07	1	0	15	0
   102525	2020-10-30 07:45:40	1	0	15	0
    10127	2020-10-30 07:48:31	1	0	15	0
    10127	2020-10-30 07:48:33	1	0	15	0
   500001	2020-10-30 07:56:17	1	0	15	0
   108636	2020-10-30 07:56:27	1	0	15	0
   101432	2020-10-30 07:56:53	1	0	15	0
    10032	2020-10-30 07:57:29	1	0	15	0
    10458	2020-10-30 08:04:43	1	0	15	0
    10076	2020-10-30 08:08:16	1	0	15	0
   108489	2020-10-30 08:08:25	1	0	15	0
    10149	2020-10-30 08:08:35	1	0	15	0
   108570	2020-10-30 08:15:01	1	0	15	0
   108608	2020-10-30 08:15:42	1	0	15	0
   108591	2020-10-30 08:15:51	1	0	15	0
   108505	2020-10-30 08:16:00	1	0	15	0
    10138	2020-10-30 08:16:07	1	0	15	0
   108635	2020-10-30 08:30:41	1	0	15	0
    10025	2020-10-30 12:09:26	1	0	15	0
    10129	2020-10-30 12:17:15	1	0	15	0
   108570	2020-10-30 12:24:52	1	0	15	0
    10550	2020-10-30 12:44:13	1	0	15	0
    10080	2020-10-30 14:12:41	1	0	15	0
    10127	2020-10-30 15:27:20	1	0	15	0
   101432	2020-10-30 16:00:54	1	0	15	0
   108630	2020-10-30 16:01:01	1	0	15	0
   108654	2020-10-30 16:01:24	1	1	15	0
   108593	2020-10-30 16:01:33	1	1	15	0
   102525	2020-10-30 16:01:47	1	1	15	0
   108472	2020-10-30 16:01:58	1	1	15	0
   101437	2020-10-30 16:02:07	1	1	15	0
    10372	2020-10-30 16:02:20	1	1	15	0
    10149	2020-10-30 16:03:36	1	1	15	0
   108538	2020-10-30 16:03:47	1	1	15	0
   108617	2020-10-30 16:04:05	1	1	15	0
   108489	2020-10-30 16:04:30	1	1	15	0
    10120	2020-10-30 16:05:14	1	1	15	0
   108556	2020-10-30 16:05:29	1	1	15	0
    10458	2020-10-30 16:05:41	1	1	15	0
    10221	2020-10-30 16:06:00	1	1	15	0
    10550	2020-10-30 16:06:12	1	1	15	0
   108636	2020-10-30 16:06:51	1	1	15	0
    10065	2020-10-30 16:07:10	1	1	15	0
   108650	2020-10-30 16:07:19	1	1	15	0
   108587	2020-10-30 16:08:06	1	1	15	0
    10033	2020-10-30 16:09:44	1	1	15	0
   108611	2020-10-30 16:10:09	1	1	15	0
   500001	2020-10-30 16:13:45	1	1	15	0
   108471	2020-10-30 16:16:55	1	1	15	0
   108635	2020-10-30 16:19:42	1	1	15	0
   108591	2020-10-30 16:19:50	1	1	15	0
   108585	2020-10-30 16:20:56	1	1	15	0
   108585	2020-10-30 16:20:58	1	1	15	0
    10228	2020-10-30 16:21:52	1	1	15	0
   108610	2020-10-30 16:34:48	1	1	15	0
   108658	2020-10-30 16:34:55	1	1	15	0
   108663	2020-10-30 16:35:07	1	1	15	0
   108505	2020-10-30 16:41:50	1	1	15	0
   102542	2020-10-30 16:43:49	1	1	15	0
   108523	2020-10-30 16:59:42	1	1	15	0
   108608	2020-10-30 17:05:24	1	1	15	0
   108568	2020-10-30 17:07:50	1	1	15	0
    10076	2020-10-30 17:30:06	1	1	15	0
    10398	2020-10-30 18:01:34	1	1	15	0
    10398	2020-10-30 18:01:36	1	1	15	0
    10032	2020-10-30 18:17:31	1	1	15	0
   108661	2020-10-30 18:48:16	1	1	15	0
    10129	2020-10-30 18:48:57	1	1	15	0
    10138	2020-10-30 21:37:58	1	1	15	0
    10278	2020-10-30 21:38:07	1	1	15	0
    10278	2020-10-30 21:38:09	1	1	15	0
   108469	2020-10-30 21:38:16	1	1	15	0
   102542	2020-10-31 06:31:39	1	1	15	0
    10228	2020-10-31 07:01:05	1	1	15	0
   108587	2020-10-31 07:01:14	1	1	15	0
   108533	2020-10-31 07:03:39	1	1	15	0
    10372	2020-10-31 07:13:57	1	1	15	0
    10372	2020-10-31 07:14:00	1	1	15	0
   108472	2020-10-31 07:22:51	1	1	15	0
   108654	2020-10-31 07:24:13	1	0	15	0
   108538	2020-10-31 07:27:04	1	0	15	0
    10278	2020-10-31 07:27:12	1	0	15	0
   102544	2020-10-31 07:36:55	1	0	15	0
   102544	2020-10-31 07:36:58	1	0	15	0
   108469	2020-10-31 07:37:10	1	0	15	0
    10033	2020-10-31 07:40:47	1	0	15	0
   108471	2020-10-31 07:50:19	1	0	15	0
    10129	2020-10-31 07:56:01	1	0	15	0
    10138	2020-10-31 08:29:20	1	0	15	0
    10033	2020-10-31 12:10:30	1	0	15	0
   108538	2020-10-31 16:00:25	1	0	15	0
   108533	2020-10-31 16:00:32	1	0	15	0
   108654	2020-10-31 16:01:19	1	1	15	0
   108472	2020-10-31 16:01:57	1	1	15	0
    10372	2020-10-31 16:02:42	1	1	15	0
   108471	2020-10-31 16:05:05	1	1	15	0
   108587	2020-10-31 16:05:19	1	1	15	0
   108587	2020-10-31 16:05:22	1	1	15	0
   108469	2020-10-31 16:06:04	1	1	15	0
    10228	2020-10-31 16:06:17	1	1	15	0
   102542	2020-10-31 16:16:52	1	1	15	0
    10278	2020-10-31 21:37:36	1	1	15	0
    10138	2020-10-31 21:40:45	1	1	15	0
    10138	2020-10-31 21:40:48	1	1	15	0
    10129	2020-10-31 21:42:55	1	1	15	0
   108538	2020-11-02 07:16:30	1	1	15	0
   108469	2020-11-02 07:38:55	1	1	15	0
    10033	2020-11-02 07:59:09	1	1	15	0
    10033	2020-11-02 09:13:14	1	1	15	0
   108538	2020-11-02 16:31:15	1	1	15	0
   108469	2020-11-02 16:31:21	1	1	15	0
    10456	2020-11-03 06:23:43	1	0	15	0
   108654	2020-11-03 06:32:37	1	0	15	0
    10372	2020-11-03 06:34:37	1	0	15	0
    10372	2020-11-03 06:34:39	1	0	15	0
   108556	2020-11-03 06:36:56	1	0	15	0
   108662	2020-11-03 06:40:12	1	0	15	0
   108469	2020-11-03 06:47:27	1	0	15	0
   108533	2020-11-03 07:02:50	1	0	15	0
   102542	2020-11-03 07:02:56	1	0	15	0
    10228	2020-11-03 07:03:33	1	0	15	0
   108587	2020-11-03 07:06:46	1	0	15	0
   108593	2020-11-03 07:12:02	1	0	15	0
    10278	2020-11-03 07:20:55	1	0	15	0
    10221	2020-11-03 07:21:31	1	0	15	0
   108568	2020-11-03 07:23:48	1	0	15	0
    10080	2020-11-03 07:23:56	1	0	15	0
    10033	2020-11-03 07:25:24	1	0	15	0
    10120	2020-11-03 07:26:41	1	0	15	0
    10065	2020-11-03 07:27:45	1	0	15	0
   108650	2020-11-03 07:31:25	1	0	15	0
    10398	2020-11-03 07:31:59	1	0	15	0
    10025	2020-11-03 07:35:51	1	0	15	0
   108661	2020-11-03 07:36:03	1	0	15	0
   108663	2020-11-03 07:36:25	1	0	15	0
   108549	2020-11-03 07:39:57	1	0	15	0
   108554	2020-11-03 07:42:56	1	0	15	0
   102525	2020-11-03 07:44:08	1	0	15	0
   101432	2020-11-03 07:48:06	1	0	15	0
   108471	2020-11-03 07:49:27	1	0	15	0
   108471	2020-11-03 07:49:29	1	0	15	0
   108658	2020-11-03 07:50:00	1	0	15	0
   108598	2020-11-03 07:50:20	1	0	15	0
   108611	2020-11-03 07:52:27	1	0	15	0
   101451	2020-11-03 07:53:30	1	0	15	0
   101451	2020-11-03 07:53:32	1	0	15	0
   108629	2020-11-03 07:55:37	1	0	15	0
   108608	2020-11-03 07:56:07	1	0	15	0
   108619	2020-11-03 07:57:43	1	0	15	0
   108635	2020-11-03 07:57:54	1	0	15	0
    19980	2020-11-03 07:58:07	1	0	15	0
    10138	2020-11-03 08:00:27	1	0	15	0
    10348	2020-11-03 08:00:52	1	0	15	0
    10348	2020-11-03 08:00:54	1	0	15	0
   108636	2020-11-03 08:01:01	1	0	15	0
   500001	2020-11-03 08:02:38	1	0	15	0
    10458	2020-11-03 08:05:00	1	0	15	0
   108638	2020-11-03 08:05:09	1	0	15	0
   108638	2020-11-03 08:05:11	1	0	15	0
   108591	2020-11-03 08:09:03	1	0	15	0
   108505	2020-11-03 08:09:14	1	0	15	0
   108570	2020-11-03 08:31:32	1	0	15	0
   108610	2020-11-03 08:31:54	1	0	15	0
    10063	2020-11-03 08:33:14	1	0	15	0
    10149	2020-11-03 08:33:26	1	0	15	0
    10076	2020-11-03 08:33:33	1	0	15	0
    10127	2020-11-03 08:33:43	1	0	15	0
   108515	2020-11-03 08:37:02	1	0	15	0
   108471	2020-11-03 08:55:34	1	0	15	0
    10033	2020-11-03 10:08:37	1	0	15	0
    10129	2020-11-03 12:15:13	1	0	15	0
   108608	2020-11-03 12:19:40	1	0	15	0
    10025	2020-11-03 12:20:03	1	0	15	0
   108654	2020-11-03 15:00:21	1	1	15	0
    10372	2020-11-03 15:01:54	1	1	15	0
   108570	2020-11-03 15:03:50	1	1	15	0
    10348	2020-11-03 16:01:50	1	1	15	0
   108549	2020-11-03 16:02:06	1	1	15	0
   108549	2020-11-03 16:02:08	1	1	15	0
   108533	2020-11-03 16:02:15	1	1	15	0
    10120	2020-11-03 16:02:20	1	1	15	0
    10120	2020-11-03 16:02:23	1	1	15	0
    10033	2020-11-03 16:02:34	1	1	15	0
    10033	2020-11-03 16:02:36	1	1	15	0
   101432	2020-11-03 16:02:43	1	1	15	0
   101451	2020-11-03 16:02:52	1	1	15	0
   500001	2020-11-03 16:03:03	1	1	15	0
   102525	2020-11-03 16:03:10	1	1	15	0
   108619	2020-11-03 16:03:21	1	1	15	0
    10456	2020-11-03 16:03:29	1	1	15	0
   102542	2020-11-03 16:03:35	1	1	15	0
    10398	2020-11-03 16:03:43	1	1	15	0
   108638	2020-11-03 16:03:51	1	1	15	0
    10221	2020-11-03 16:04:01	1	1	15	0
   108568	2020-11-03 16:04:07	1	1	15	0
   108593	2020-11-03 16:04:15	1	1	15	0
    10080	2020-11-03 16:04:28	1	1	15	0
   108650	2020-11-03 16:05:15	1	1	15	0
    19980	2020-11-03 16:05:45	1	1	15	0
   108611	2020-11-03 16:06:55	1	1	15	0
    10228	2020-11-03 16:07:54	1	1	15	0
   108554	2020-11-03 16:08:17	1	1	15	0
    10149	2020-11-03 16:08:34	1	1	15	0
   108587	2020-11-03 16:09:36	1	1	15	0
    10458	2020-11-03 16:09:48	1	1	15	0
   108505	2020-11-03 16:09:58	1	1	15	0
   108635	2020-11-03 16:10:07	1	1	15	0
   108556	2020-11-03 16:10:34	1	1	15	0
   108636	2020-11-03 16:10:52	1	1	15	0
    10065	2020-11-03 16:11:07	1	1	15	0
   108610	2020-11-03 16:13:28	1	1	15	0
    10076	2020-11-03 16:14:36	1	1	15	0
    10076	2020-11-03 16:14:38	1	1	15	0
    10063	2020-11-03 16:15:13	1	1	15	0
   108515	2020-11-03 16:33:18	1	1	15	0
   108591	2020-11-03 16:34:49	1	1	15	0
    10278	2020-11-03 17:00:59	1	1	15	0
    10278	2020-11-03 17:01:01	1	1	15	0
   108644	2020-11-03 17:01:06	1	1	15	0
   108663	2020-11-03 17:02:44	1	1	15	0
   108658	2020-11-03 17:13:51	1	1	15	0
   108598	2020-11-03 17:14:43	1	1	15	0
   108629	2020-11-03 17:17:10	1	1	15	0
   108661	2020-11-03 17:53:42	1	1	15	0
    10127	2020-11-03 17:53:55	1	1	15	0
    10129	2020-11-03 19:09:09	1	1	15	0
   108469	2020-11-03 21:06:53	1	1	15	0
    10138	2020-11-03 21:10:58	1	1	15	0
   108608	2020-11-04 06:05:51	1	1	15	0
    10456	2020-11-04 06:30:00	1	0	15	0
    10456	2020-11-04 06:30:03	1	0	15	0
   101437	2020-11-04 06:33:03	1	0	15	0
   108617	2020-11-04 06:34:48	1	0	15	0
   108533	2020-11-04 06:43:06	1	0	15	0
    10065	2020-11-04 06:47:28	1	0	15	0
    10065	2020-11-04 06:47:31	1	0	15	0
    10065	2020-11-04 06:47:44	1	0	15	0
   108556	2020-11-04 06:52:36	1	0	15	0
   108469	2020-11-04 06:56:08	1	0	15	0
    10080	2020-11-04 06:59:44	1	0	15	0
   108587	2020-11-04 07:00:54	1	0	15	0
   108523	2020-11-04 07:05:33	1	0	15	0
    10228	2020-11-04 07:07:45	1	0	15	0
    10127	2020-11-04 07:15:33	1	0	15	0
    10278	2020-11-04 07:17:01	1	0	15	0
   108661	2020-11-04 07:18:11	1	0	15	0
   108662	2020-11-04 07:19:38	1	0	15	0
   108654	2020-11-04 07:21:25	1	0	15	0
   108630	2020-11-04 07:22:06	1	0	15	0
    10372	2020-11-04 07:24:45	1	0	15	0
    10033	2020-11-04 07:25:21	1	0	15	0
   108568	2020-11-04 07:26:00	1	0	15	0
    10120	2020-11-04 07:28:45	1	0	15	0
   108650	2020-11-04 07:32:10	1	0	15	0
   108663	2020-11-04 07:32:40	1	0	15	0
    10221	2020-11-04 07:32:58	1	0	15	0
   108593	2020-11-04 07:35:50	1	0	15	0
   101451	2020-11-04 07:36:39	1	0	15	0
   102542	2020-11-04 07:37:12	1	0	15	0
    10398	2020-11-04 07:37:29	1	0	15	0
   108638	2020-11-04 07:40:20	1	0	15	0
   108638	2020-11-04 07:40:22	1	0	15	0
    10309	2020-11-04 07:42:28	1	0	15	0
    10025	2020-11-04 07:42:45	1	0	15	0
   108610	2020-11-04 07:45:07	1	0	15	0
   108554	2020-11-04 07:45:46	1	0	15	0
   108554	2020-11-04 07:45:49	1	0	15	0
   108613	2020-11-04 07:47:13	1	0	15	0
   108549	2020-11-04 07:49:11	1	0	15	0
   108489	2020-11-04 07:50:07	1	0	15	0
   102524	2020-11-04 07:50:17	1	0	15	0
   108611	2020-11-04 07:52:30	1	0	15	0
   108644	2020-11-04 07:52:51	1	0	15	0
    19980	2020-11-04 07:56:40	1	0	15	0
    19980	2020-11-04 07:56:43	1	0	15	0
   108658	2020-11-04 07:58:31	1	0	15	0
   108629	2020-11-04 07:58:39	1	0	15	0
   108598	2020-11-04 07:58:46	1	0	15	0
   108636	2020-11-04 07:59:18	1	0	15	0
    10032	2020-11-04 07:59:43	1	0	15	0
   108591	2020-11-04 08:01:25	1	0	15	0
   108505	2020-11-04 08:01:35	1	0	15	0
   108635	2020-11-04 08:06:36	1	0	15	0
   500001	2020-11-04 08:08:41	1	0	15	0
   101432	2020-11-04 08:10:31	1	0	15	0
    10063	2020-11-04 08:11:12	1	0	15	0
    10149	2020-11-04 08:11:24	1	0	15	0
    10076	2020-11-04 08:11:39	1	0	15	0
   102525	2020-11-04 08:38:55	1	0	15	0
   102544	2020-11-04 08:50:30	1	0	15	0
    10025	2020-11-04 12:10:03	1	0	15	0
    10025	2020-11-04 12:10:05	1	0	15	0
    10129	2020-11-04 12:15:47	1	0	15	0
    10550	2020-11-04 14:19:23	1	0	15	0
   108549	2020-11-04 16:00:21	1	0	15	0
   108593	2020-11-04 16:00:57	1	0	15	0
   108630	2020-11-04 16:01:12	1	0	15	0
   108654	2020-11-04 16:01:19	1	0	15	0
   101451	2020-11-04 16:02:00	1	0	15	0
    10456	2020-11-04 16:02:06	1	0	15	0
   102544	2020-11-04 16:02:48	1	0	15	0
   101437	2020-11-04 16:03:12	1	0	15	0
    10228	2020-11-04 16:03:21	1	0	15	0
   102542	2020-11-04 16:03:26	1	0	15	0
   101432	2020-11-04 16:03:36	1	0	15	0
   108613	2020-11-04 16:03:45	1	0	15	0
   102525	2020-11-04 16:03:53	1	0	15	0
   108644	2020-11-04 16:04:03	1	0	15	0
    10221	2020-11-04 16:04:14	1	0	15	0
   108489	2020-11-04 16:04:25	1	0	15	0
   108636	2020-11-04 16:04:37	1	0	15	0
   500001	2020-11-04 16:04:43	1	0	15	0
   108638	2020-11-04 16:04:52	1	0	15	0
   108617	2020-11-04 16:05:04	1	0	15	0
    10372	2020-11-04 16:05:12	1	0	15	0
    10372	2020-11-04 16:05:15	1	0	15	0
    10309	2020-11-04 16:05:25	1	0	15	0
    19980	2020-11-04 16:05:44	1	0	15	0
    19980	2020-11-04 16:05:46	1	0	15	0
    10080	2020-11-04 16:05:53	1	0	15	0
   102524	2020-11-04 16:06:03	1	0	15	0
   108611	2020-11-04 16:06:16	1	0	15	0
    10398	2020-11-04 16:06:22	1	0	15	0
   108587	2020-11-04 16:06:33	1	0	15	0
   108505	2020-11-04 16:06:53	1	0	15	0
   108554	2020-11-04 16:07:01	1	0	15	0
   108556	2020-11-04 16:07:52	1	0	15	0
   108556	2020-11-04 16:07:54	1	0	15	0
    10065	2020-11-04 16:08:05	1	0	15	0
   108591	2020-11-04 16:08:21	1	0	15	0
   108650	2020-11-04 16:08:31	1	0	15	0
   108568	2020-11-04 16:08:41	1	0	15	0
   108635	2020-11-04 16:12:20	1	0	15	0
   108515	2020-11-04 16:17:00	1	0	15	0
    10033	2020-11-04 16:33:20	1	0	15	0
    10076	2020-11-04 16:37:49	1	0	15	0
   108469	2020-11-04 17:01:44	1	0	15	0
   108608	2020-11-04 17:02:14	1	0	15	0
   108663	2020-11-04 17:04:55	1	0	15	0
    10032	2020-11-04 17:33:41	1	0	15	0
   108523	2020-11-04 17:33:51	1	0	15	0
    10063	2020-11-04 17:42:26	1	0	15	0
   108610	2020-11-04 17:50:55	1	0	15	0
    10127	2020-11-04 17:53:00	1	0	15	0
    10149	2020-11-04 17:54:53	1	0	15	0
   108661	2020-11-04 18:02:59	1	0	15	0
    10129	2020-11-04 18:26:13	1	0	15	0
   108629	2020-11-04 19:33:57	1	0	15	0
   108658	2020-11-04 19:34:03	1	0	15	0
   108598	2020-11-04 19:34:38	1	0	15	0
    10278	2020-11-04 21:40:58	1	0	15	0
    10278	2020-11-04 21:41:00	1	0	15	0
   108608	2020-11-05 05:58:34	1	0	15	0
    10456	2020-11-05 06:20:08	1	0	15	0
   108617	2020-11-05 06:41:20	1	0	15	0
   108662	2020-11-05 06:43:59	1	0	15	0
   108533	2020-11-05 07:02:50	1	0	15	0
   102526	2020-11-05 07:03:27	1	0	15	0
    10080	2020-11-05 07:04:04	1	0	15	0
    10065	2020-11-05 07:06:44	1	0	15	0
    10372	2020-11-05 07:11:08	1	0	15	0
    10127	2020-11-05 07:12:09	1	0	15	0
   108661	2020-11-05 07:12:33	1	0	15	0
   108523	2020-11-05 07:12:42	1	0	15	0
    10228	2020-11-05 07:15:36	1	0	15	0
   108538	2020-11-05 07:15:46	1	0	15	0
   108469	2020-11-05 07:18:49	1	0	15	0
   102542	2020-11-05 07:24:23	1	0	15	0
   108556	2020-11-05 07:28:03	1	0	15	0
   108556	2020-11-05 07:28:05	1	0	15	0
   108472	2020-11-05 07:28:36	1	0	15	0
    10120	2020-11-05 07:30:40	1	0	15	0
   108654	2020-11-05 07:31:04	1	0	15	0
   108568	2020-11-05 07:33:06	1	0	15	0
   108650	2020-11-05 07:34:26	1	0	15	0
   108577	2020-11-05 07:40:10	1	0	15	0
   108577	2020-11-05 07:40:13	1	0	15	0
    10032	2020-11-05 07:40:29	1	0	15	0
    10025	2020-11-05 07:42:43	1	0	15	0
    10033	2020-11-05 07:42:54	1	0	15	0
   108585	2020-11-05 07:43:17	1	0	15	0
   101451	2020-11-05 07:46:47	1	0	15	0
   108471	2020-11-05 07:48:21	1	0	15	0
    10221	2020-11-05 07:49:15	1	0	15	0
   108663	2020-11-05 07:52:22	1	0	15	0
    10309	2020-11-05 07:53:01	1	0	15	0
   108638	2020-11-05 07:53:31	1	0	15	0
   108505	2020-11-05 07:55:40	1	0	15	0
   108658	2020-11-05 07:57:42	1	0	15	0
   108629	2020-11-05 07:57:51	1	0	15	0
   108598	2020-11-05 07:58:20	1	0	15	0
   500001	2020-11-05 07:58:42	1	0	15	0
   108619	2020-11-05 08:00:15	1	0	15	0
    10458	2020-11-05 08:04:04	1	0	15	0
   108570	2020-11-05 08:04:36	1	0	15	0
   108636	2020-11-05 08:05:15	1	0	15	0
   108635	2020-11-05 08:06:35	1	0	15	0
   108489	2020-11-05 08:08:39	1	0	15	0
   102524	2020-11-05 08:08:49	1	0	15	0
    10076	2020-11-05 08:09:10	1	0	15	0
   102525	2020-11-05 08:13:33	1	0	15	0
   108613	2020-11-05 08:20:01	1	0	15	0
   108610	2020-11-05 08:49:34	1	0	15	0
   108554	2020-11-05 08:57:30	1	0	15	0
    10550	2020-11-05 09:33:49	1	0	15	0
   108591	2020-11-05 12:04:42	1	0	15	0
    10129	2020-11-05 12:11:49	1	0	15	0
    10025	2020-11-05 12:14:31	1	0	15	0
    10033	2020-11-05 13:05:27	1	0	15	0
   108570	2020-11-05 15:01:12	1	0	15	0
    10550	2020-11-05 15:17:26	1	0	15	0
   108654	2020-11-05 16:00:36	1	1	15	0
   101451	2020-11-05 16:00:42	1	1	15	0
   102526	2020-11-05 16:00:51	1	1	15	0
   108472	2020-11-05 16:00:55	1	1	15	0
    10372	2020-11-05 16:01:08	1	1	15	0
    10372	2020-11-05 16:01:10	1	1	15	0
   108533	2020-11-05 16:01:18	1	1	15	0
   108538	2020-11-05 16:01:29	1	1	15	0
   108577	2020-11-05 16:01:43	1	1	15	0
    10456	2020-11-05 16:01:53	1	1	15	0
   108619	2020-11-05 16:02:11	1	1	15	0
   108471	2020-11-05 16:02:16	1	1	15	0
   500001	2020-11-05 16:02:24	1	1	15	0
   108638	2020-11-05 16:02:35	1	1	15	0
    10228	2020-11-05 16:03:22	1	1	15	0
   108617	2020-11-05 16:03:46	1	1	15	0
    10309	2020-11-05 16:04:00	1	1	15	0
   102542	2020-11-05 16:04:09	1	1	15	0
    10080	2020-11-05 16:04:33	1	1	15	0
   108489	2020-11-05 16:05:04	1	1	15	0
   108613	2020-11-05 16:05:22	1	1	15	0
    10065	2020-11-05 16:05:34	1	1	15	0
   102525	2020-11-05 16:05:43	1	1	15	0
   108636	2020-11-05 16:06:19	1	1	15	0
   108554	2020-11-05 16:06:25	1	1	15	0
   108650	2020-11-05 16:06:32	1	1	15	0
   108635	2020-11-05 16:06:45	1	1	15	0
    10221	2020-11-05 16:09:05	1	1	15	0
    10076	2020-11-05 16:10:29	1	1	15	0
   108515	2020-11-05 16:10:43	1	1	15	0
   102524	2020-11-05 16:33:38	1	1	15	0
   108505	2020-11-05 16:53:45	1	1	15	0
   108568	2020-11-05 17:00:51	1	1	15	0
   108469	2020-11-05 17:01:00	1	1	15	0
   108663	2020-11-05 17:14:45	1	1	15	0
   108610	2020-11-05 17:33:14	1	1	15	0
   108629	2020-11-05 17:43:48	1	1	15	0
   108598	2020-11-05 17:45:20	1	1	15	0
   108658	2020-11-05 17:45:36	1	1	15	0
   108523	2020-11-05 17:45:48	1	1	15	0
    10032	2020-11-05 17:46:35	1	1	15	0
   108608	2020-11-05 18:02:42	1	1	15	0
    10129	2020-11-05 18:06:25	1	1	15	0
   108661	2020-11-05 18:07:48	1	1	15	0
    10127	2020-11-05 18:18:44	1	1	15	0
   108608	2020-11-06 05:57:04	1	1	15	0
    10456	2020-11-06 06:13:55	1	0	15	0
   108617	2020-11-06 06:43:23	1	0	15	0
   108662	2020-11-06 06:45:14	1	0	15	0
   102526	2020-11-06 06:51:15	1	0	15	0
    10372	2020-11-06 06:56:41	1	0	15	0
    10228	2020-11-06 06:57:11	1	0	15	0
   108654	2020-11-06 07:01:25	1	0	15	0
    10127	2020-11-06 07:01:51	1	0	15	0
   108523	2020-11-06 07:02:42	1	0	15	0
   108538	2020-11-06 07:03:44	1	0	15	0
   108556	2020-11-06 07:08:18	1	0	15	0
   101437	2020-11-06 07:17:16	1	0	15	0
    10221	2020-11-06 07:17:39	1	0	15	0
   108663	2020-11-06 07:18:11	1	0	15	0
   108630	2020-11-06 07:19:10	1	0	15	0
   108585	2020-11-06 07:23:26	1	0	15	0
   108585	2020-11-06 07:23:28	1	0	15	0
   101451	2020-11-06 07:25:37	1	0	15	0
   108469	2020-11-06 07:25:46	1	0	15	0
   108577	2020-11-06 07:25:55	1	0	15	0
   108472	2020-11-06 07:26:48	1	0	15	0
   108568	2020-11-06 07:27:53	1	0	15	0
    10065	2020-11-06 07:30:30	1	0	15	0
    10033	2020-11-06 07:34:15	1	0	15	0
   108533	2020-11-06 07:34:42	1	0	15	0
   108650	2020-11-06 07:36:10	1	0	15	0
   108661	2020-11-06 07:38:29	1	0	15	0
    10025	2020-11-06 07:39:29	1	0	15	0
    10025	2020-11-06 07:39:32	1	0	15	0
   108610	2020-11-06 07:45:07	1	0	15	0
   108471	2020-11-06 07:47:36	1	0	15	0
   108489	2020-11-06 07:47:48	1	0	15	0
   102524	2020-11-06 07:48:14	1	0	15	0
    10309	2020-11-06 07:48:54	1	0	15	0
   108611	2020-11-06 07:49:55	1	0	15	0
    10458	2020-11-06 07:51:11	1	0	15	0
   108613	2020-11-06 07:51:58	1	0	15	0
    10032	2020-11-06 07:52:47	1	0	15	0
   108658	2020-11-06 07:55:07	1	0	15	0
   108598	2020-11-06 07:55:20	1	0	15	0
   108636	2020-11-06 07:56:22	1	0	15	0
   101432	2020-11-06 07:57:13	1	0	15	0
   108515	2020-11-06 08:01:54	1	0	15	0
   108635	2020-11-06 08:02:56	1	0	15	0
   108505	2020-11-06 08:05:51	1	0	15	0
    10063	2020-11-06 08:06:55	1	0	15	0
    10149	2020-11-06 08:07:14	1	0	15	0
    10076	2020-11-06 08:07:25	1	0	15	0
    10348	2020-11-06 08:10:57	1	0	15	0
    10348	2020-11-06 08:10:59	1	0	15	0
   108570	2020-11-06 08:13:34	1	0	15	0
   108591	2020-11-06 08:16:28	1	0	15	0
    10138	2020-11-06 08:16:50	1	0	15	0
    10025	2020-11-06 12:03:07	1	0	15	0
    10129	2020-11-06 12:10:16	1	0	15	0
   108570	2020-11-06 15:02:33	1	0	15	0
   101432	2020-11-06 16:00:37	1	0	15	0
   108471	2020-11-06 16:00:43	1	0	15	0
   108613	2020-11-06 16:01:19	1	0	15	0
   108613	2020-11-06 16:01:22	1	0	15	0
   102526	2020-11-06 16:01:29	1	0	15	0
   101451	2020-11-06 16:01:53	1	0	15	0
   108630	2020-11-06 16:01:59	1	0	15	0
   500001	2020-11-06 16:02:11	1	0	15	0
   500001	2020-11-06 16:02:16	1	0	15	0
    10456	2020-11-06 16:02:23	1	0	15	0
   108654	2020-11-06 16:02:33	1	1	15	0
   101437	2020-11-06 16:02:40	1	1	15	0
    10309	2020-11-06 16:02:49	1	1	15	0
    10458	2020-11-06 16:03:26	1	1	15	0
   108469	2020-11-06 16:03:32	1	1	15	0
   108617	2020-11-06 16:04:00	1	1	15	0
   108650	2020-11-06 16:04:30	1	1	15	0
   108611	2020-11-06 16:04:52	1	1	15	0
   108472	2020-11-06 16:05:06	1	1	15	0
   108591	2020-11-06 16:05:16	1	1	15	0
    10372	2020-11-06 16:05:39	1	1	15	0
   108538	2020-11-06 16:05:54	1	1	15	0
   102524	2020-11-06 16:06:03	1	1	15	0
   108489	2020-11-06 16:06:18	1	1	15	0
   108489	2020-11-06 16:06:20	1	1	15	0
   108556	2020-11-06 16:08:09	1	1	15	0
   108556	2020-11-06 16:08:11	1	1	15	0
   108636	2020-11-06 16:09:14	1	1	15	0
    10138	2020-11-06 16:09:38	1	1	15	0
    10221	2020-11-06 16:17:37	1	1	15	0
   108515	2020-11-06 16:22:24	1	1	15	0
    10076	2020-11-06 16:25:41	1	1	15	0
    10127	2020-11-06 16:36:43	1	1	15	0
   108585	2020-11-06 16:42:56	1	1	15	0
   108585	2020-11-06 16:42:59	1	1	15	0
   108635	2020-11-06 16:46:13	1	1	15	0
   108610	2020-11-06 16:50:59	1	1	15	0
   108505	2020-11-06 16:51:08	1	1	15	0
    10063	2020-11-06 16:52:25	1	1	15	0
    10033	2020-11-06 16:54:14	1	1	15	0
    10149	2020-11-06 16:55:01	1	1	15	0
    10065	2020-11-06 17:06:12	1	1	15	0
    10065	2020-11-06 17:06:14	1	1	15	0
    10065	2020-11-06 17:06:23	1	1	15	0
   108663	2020-11-06 17:07:08	1	1	15	0
   108608	2020-11-06 17:10:25	1	1	15	0
   108568	2020-11-06 17:13:15	1	1	15	0
    10032	2020-11-06 17:36:20	1	1	15	0
   108598	2020-11-06 17:50:29	1	1	15	0
   108658	2020-11-06 17:50:52	1	1	15	0
   108523	2020-11-06 17:51:12	1	1	15	0
   108661	2020-11-06 18:39:00	1	1	15	0
    10228	2020-11-06 19:02:22	1	1	15	0
   108577	2020-11-06 19:04:20	1	1	15	0
    10129	2020-11-06 19:18:18	1	1	15	0
   102526	2020-11-07 06:27:52	1	1	15	0
    10372	2020-11-07 07:00:10	1	1	15	0
    10372	2020-11-07 07:00:12	1	1	15	0
    10228	2020-11-07 07:02:05	1	1	15	0
   108538	2020-11-07 07:13:16	1	1	15	0
   108654	2020-11-07 07:15:24	1	0	15	0
   108471	2020-11-07 07:36:13	1	0	15	0
   108613	2020-11-07 07:40:17	1	0	15	0
    10120	2020-11-07 07:41:55	1	0	15	0
   108472	2020-11-07 07:47:46	1	0	15	0
    10309	2020-11-07 07:49:34	1	0	15	0
    10138	2020-11-07 08:21:28	1	0	15	0
   108471	2020-11-07 16:00:07	1	0	15	0
    10309	2020-11-07 16:00:28	1	0	15	0
   102526	2020-11-07 16:00:49	1	0	15	0
   108577	2020-11-07 16:00:54	1	0	15	0
   108654	2020-11-07 16:01:05	1	1	15	0
    10228	2020-11-07 16:01:58	1	1	15	0
   108613	2020-11-07 16:02:09	1	1	15	0
   108613	2020-11-07 16:02:11	1	1	15	0
   108538	2020-11-07 16:02:17	1	1	15	0
   108472	2020-11-07 16:02:35	1	1	15	0
    10372	2020-11-07 16:03:04	1	1	15	0
    10138	2020-11-07 16:03:51	1	1	15	0
    10138	2020-11-07 16:03:54	1	1	15	0
   108608	2020-11-09 06:04:49	1	1	15	0
   101437	2020-11-09 06:20:30	1	1	15	0
   102526	2020-11-09 06:21:42	1	1	15	0
    10456	2020-11-09 06:33:06	1	0	15	0
   108662	2020-11-09 06:48:34	1	0	15	0
   108662	2020-11-09 06:48:36	1	0	15	0
   108523	2020-11-09 07:09:35	1	0	15	0
   108469	2020-11-09 07:11:54	1	0	15	0
    10372	2020-11-09 07:15:29	1	0	15	0
    10372	2020-11-09 07:15:31	1	0	15	0
   108593	2020-11-09 07:16:58	1	0	15	0
   108663	2020-11-09 07:19:59	1	0	15	0
    10221	2020-11-09 07:20:24	1	0	15	0
   108630	2020-11-09 07:21:40	1	0	15	0
   108654	2020-11-09 07:23:44	1	0	15	0
    10065	2020-11-09 07:23:59	1	0	15	0
   108472	2020-11-09 07:25:29	1	0	15	0
    10278	2020-11-09 07:26:38	1	0	15	0
   108538	2020-11-09 07:27:33	1	0	15	0
   108585	2020-11-09 07:29:03	1	0	15	0
   108650	2020-11-09 07:31:26	1	0	15	0
   108661	2020-11-09 07:34:44	1	0	15	0
   108661	2020-11-09 07:34:47	1	0	15	0
   108549	2020-11-09 07:35:18	1	0	15	0
    10080	2020-11-09 07:38:47	1	0	15	0
    10033	2020-11-09 07:40:29	1	0	15	0
    10033	2020-11-09 07:40:31	1	0	15	0
   101451	2020-11-09 07:43:59	1	0	15	0
    10025	2020-11-09 07:45:48	1	0	15	0
   108611	2020-11-09 07:50:37	1	0	15	0
   108638	2020-11-09 07:51:26	1	0	15	0
    10309	2020-11-09 07:52:41	1	0	15	0
   108598	2020-11-09 07:52:59	1	0	15	0
   108636	2020-11-09 07:53:16	1	0	15	0
   108658	2020-11-09 07:53:23	1	0	15	0
   101432	2020-11-09 07:53:44	1	0	15	0
   108610	2020-11-09 07:55:00	1	0	15	0
   108644	2020-11-09 07:55:45	1	0	15	0
   108591	2020-11-09 07:57:06	1	0	15	0
    19980	2020-11-09 07:58:11	1	0	15	0
   102544	2020-11-09 08:00:36	1	0	15	0
    10138	2020-11-09 08:02:15	1	0	15	0
   108619	2020-11-09 08:02:25	1	0	15	0
    10458	2020-11-09 08:04:01	1	0	15	0
    10063	2020-11-09 08:11:31	1	0	15	0
    10076	2020-11-09 08:11:41	1	0	15	0
    10149	2020-11-09 08:11:54	1	0	15	0
    10032	2020-11-09 08:12:01	1	0	15	0
    10032	2020-11-09 08:12:04	1	0	15	0
   108635	2020-11-09 08:12:10	1	0	15	0
   500001	2020-11-09 08:22:30	1	0	15	0
   108570	2020-11-09 08:32:41	1	0	15	0
    10127	2020-11-09 08:35:03	1	0	15	0
    10025	2020-11-09 12:01:25	1	0	15	0
    10129	2020-11-09 12:10:31	1	0	15	0
   108556	2020-11-09 12:11:41	1	0	15	0
   108556	2020-11-09 12:11:44	1	0	15	0
   108570	2020-11-09 15:04:23	1	0	15	0
   108654	2020-11-09 15:06:47	1	1	15	0
   108630	2020-11-09 16:03:08	1	1	15	0
   102544	2020-11-09 16:03:29	1	1	15	0
   108472	2020-11-09 16:04:33	1	1	15	0
   108538	2020-11-09 16:04:42	1	1	15	0
    10348	2020-11-09 16:04:48	1	1	15	0
    10348	2020-11-09 16:04:51	1	1	15	0
   101437	2020-11-09 16:06:43	1	1	15	0
    10138	2020-11-09 16:08:37	1	1	15	0
   101432	2020-11-09 17:00:59	1	1	15	0
   101436	2020-11-09 17:01:23	1	1	15	0
    10456	2020-11-09 17:01:36	1	1	15	0
   108644	2020-11-09 17:01:43	1	1	15	0
   108619	2020-11-09 17:01:51	1	1	15	0
    10372	2020-11-09 17:01:56	1	1	15	0
    10033	2020-11-09 17:02:05	1	1	15	0
   108608	2020-11-09 17:02:11	1	1	15	0
   102526	2020-11-09 17:02:21	1	1	15	0
    19980	2020-11-09 17:02:44	1	1	15	0
    10309	2020-11-09 17:02:55	1	1	15	0
    10080	2020-11-09 17:03:07	1	1	15	0
    10278	2020-11-09 17:03:17	1	1	15	0
   108591	2020-11-09 17:03:26	1	1	15	0
   108549	2020-11-09 17:03:42	1	1	15	0
    10221	2020-11-09 17:04:16	1	1	15	0
   108636	2020-11-09 17:04:27	1	1	15	0
   500001	2020-11-09 17:04:35	1	1	15	0
   101451	2020-11-09 17:04:44	1	1	15	0
   108638	2020-11-09 17:04:53	1	1	15	0
   108556	2020-11-09 17:05:01	1	1	15	0
   108611	2020-11-09 17:05:11	1	1	15	0
   108650	2020-11-09 17:05:21	1	1	15	0
   108598	2020-11-09 17:05:40	1	1	15	0
   108658	2020-11-09 17:05:50	1	1	15	0
    10149	2020-11-09 17:06:50	1	1	15	0
   108663	2020-11-09 17:07:20	1	1	15	0
    10065	2020-11-09 17:07:54	1	1	15	0
   108585	2020-11-09 17:09:05	1	1	15	0
   108523	2020-11-09 17:09:58	1	1	15	0
   108635	2020-11-09 17:10:31	1	1	15	0
    10032	2020-11-09 17:21:29	1	1	15	0
   108469	2020-11-09 17:32:03	1	1	15	0
    10063	2020-11-09 17:34:32	1	1	15	0
    10076	2020-11-09 17:56:57	1	1	15	0
   108610	2020-11-09 17:57:06	1	1	15	0
    10127	2020-11-09 17:57:19	1	1	15	0
   108661	2020-11-09 18:09:43	1	1	15	0
    10129	2020-11-09 18:45:25	1	1	15	0
   108608	2020-11-10 06:22:54	1	1	15	0
   101437	2020-11-10 06:25:58	1	1	15	0
    10456	2020-11-10 06:30:01	1	0	15	0
    10372	2020-11-10 06:30:49	1	0	15	0
   108617	2020-11-10 06:32:20	1	0	15	0
   102526	2020-11-10 06:32:34	1	0	15	0
   108533	2020-11-10 06:36:54	1	0	15	0
   108593	2020-11-10 06:39:31	1	0	15	0
   108654	2020-11-10 06:45:11	1	0	15	0
    10127	2020-11-10 06:47:20	1	0	15	0
   108662	2020-11-10 06:54:07	1	0	15	0
   108661	2020-11-10 06:54:14	1	0	15	0
   108489	2020-11-10 07:03:12	1	0	15	0
    10065	2020-11-10 07:04:51	1	0	15	0
   108523	2020-11-10 07:06:23	1	0	15	0
   108556	2020-11-10 07:14:47	1	0	15	0
   108469	2020-11-10 07:15:01	1	0	15	0
    10080	2020-11-10 07:16:41	1	0	15	0
    10221	2020-11-10 07:19:59	1	0	15	0
   108472	2020-11-10 07:21:51	1	0	15	0
   108538	2020-11-10 07:22:34	1	0	15	0
    10278	2020-11-10 07:27:32	1	0	15	0
   108554	2020-11-10 07:29:00	1	0	15	0
   108568	2020-11-10 07:30:34	1	0	15	0
   108663	2020-11-10 07:31:09	1	0	15	0
   108585	2020-11-10 07:36:19	1	0	15	0
   108585	2020-11-10 07:36:21	1	0	15	0
   108650	2020-11-10 07:39:14	1	0	15	0
    10033	2020-11-10 07:41:03	1	0	15	0
   101451	2020-11-10 07:41:48	1	0	15	0
   108658	2020-11-10 07:45:07	1	0	15	0
   108629	2020-11-10 07:45:14	1	0	15	0
   108598	2020-11-10 07:45:41	1	0	15	0
   108505	2020-11-10 07:46:45	1	0	15	0
    10309	2020-11-10 07:48:59	1	0	15	0
    10025	2020-11-10 07:49:17	1	0	15	0
   108638	2020-11-10 07:49:48	1	0	15	0
    10356	2020-11-10 07:52:20	1	0	15	0
   108644	2020-11-10 07:52:47	1	0	15	0
    19980	2020-11-10 07:52:55	1	0	15	0
   108553	2020-11-10 07:53:58	1	0	15	0
   108612	2020-11-10 07:54:55	1	0	15	0
   108612	2020-11-10 07:54:58	1	0	15	0
   108635	2020-11-10 07:57:00	1	0	15	0
   108619	2020-11-10 07:58:56	1	0	15	0
   108515	2020-11-10 07:59:21	1	0	15	0
    10348	2020-11-10 08:00:39	1	0	15	0
    10138	2020-11-10 08:01:04	1	0	15	0
   108636	2020-11-10 08:02:27	1	0	15	0
    10458	2020-11-10 08:02:42	1	0	15	0
   108610	2020-11-10 08:07:13	1	0	15	0
   108591	2020-11-10 08:14:46	1	0	15	0
   500001	2020-11-10 08:22:42	1	0	15	0
    10076	2020-11-10 08:31:31	1	0	15	0
    10025	2020-11-10 12:03:41	1	0	15	0
    10025	2020-11-10 12:03:45	1	0	15	0
    10129	2020-11-10 12:14:56	1	0	15	0
    10076	2020-11-10 12:42:57	1	0	15	0
    10033	2020-11-10 14:05:41	1	0	15	0
   108533	2020-11-10 16:00:59	1	0	15	0
   108533	2020-11-10 16:01:01	1	0	15	0
   101437	2020-11-10 16:01:09	1	0	15	0
    10221	2020-11-10 16:02:38	1	0	15	0
    10372	2020-11-10 16:03:27	1	0	15	0
   108654	2020-11-10 16:04:09	1	1	15	0
   102526	2020-11-10 16:04:18	1	1	15	0
   108553	2020-11-10 16:05:49	1	1	15	0
   108472	2020-11-10 16:06:19	1	1	15	0
   108538	2020-11-10 16:07:31	1	1	15	0
   108554	2020-11-10 16:11:18	1	1	15	0
   108469	2020-11-10 16:27:55	1	1	15	0
    10309	2020-11-10 16:29:18	1	1	15	0
    10348	2020-11-10 17:00:25	1	1	15	0
   101451	2020-11-10 17:00:34	1	1	15	0
   108568	2020-11-10 17:00:41	1	1	15	0
   108593	2020-11-10 17:00:49	1	1	15	0
    10456	2020-11-10 17:00:57	1	1	15	0
   108619	2020-11-10 17:01:11	1	1	15	0
   108636	2020-11-10 17:01:19	1	1	15	0
   108515	2020-11-10 17:01:25	1	1	15	0
   108612	2020-11-10 17:01:44	1	1	15	0
   500001	2020-11-10 17:01:52	1	1	15	0
   108638	2020-11-10 17:01:58	1	1	15	0
   108617	2020-11-10 17:02:06	1	1	15	0
   108556	2020-11-10 17:02:17	1	1	15	0
    10065	2020-11-10 17:02:24	1	1	15	0
    10080	2020-11-10 17:02:34	1	1	15	0
    10080	2020-11-10 17:02:37	1	1	15	0
    10138	2020-11-10 17:02:47	1	1	15	0
   108489	2020-11-10 17:03:00	1	1	15	0
   108650	2020-11-10 17:03:13	1	1	15	0
   108608	2020-11-10 17:03:35	1	1	15	0
    10278	2020-11-10 17:03:43	1	1	15	0
    10458	2020-11-10 17:03:51	1	1	15	0
   108635	2020-11-10 17:05:59	1	1	15	0
   108591	2020-11-10 17:06:11	1	1	15	0
   108591	2020-11-10 17:06:13	1	1	15	0
    19980	2020-11-10 17:10:02	1	1	15	0
    10032	2020-11-10 17:22:40	1	1	15	0
   108663	2020-11-10 17:23:15	1	1	15	0
   108610	2020-11-10 17:33:37	1	1	15	0
    10127	2020-11-10 17:33:47	1	1	15	0
   108523	2020-11-10 18:01:16	1	1	15	0
   108598	2020-11-10 18:02:38	1	1	15	0
   108629	2020-11-10 18:02:49	1	1	15	0
   108658	2020-11-10 18:03:03	1	1	15	0
   108661	2020-11-10 18:25:57	1	1	15	0
    10129	2020-11-10 18:35:08	1	1	15	0
