    10214	2021-05-11 03:12:20	1	1	15	0
    10356	2021-05-11 03:13:41	1	0	15	0
    10214	2021-05-11 03:13:48	1	0	15	0
    10214	2021-05-11 03:13:50	1	0	15	0
   108538	2021-05-11 03:24:45	1	0	15	0
   108538	2021-05-11 03:24:47	1	0	15	0
    10456	2021-05-11 05:56:55	1	0	15	0
   101437	2021-05-11 06:21:48	1	0	15	0
   102526	2021-05-11 06:22:03	1	0	15	0
   108598	2021-05-11 06:33:18	1	0	15	0
   108533	2021-05-11 06:43:43	1	0	15	0
   108617	2021-05-11 06:50:17	1	0	15	0
   108568	2021-05-11 06:57:07	1	0	15	0
   108587	2021-05-11 07:02:24	1	0	15	0
   108587	2021-05-11 07:02:27	1	0	15	0
   108657	2021-05-11 07:04:32	1	0	15	0
   108657	2021-05-11 07:04:34	1	0	15	0
   108654	2021-05-11 07:04:42	1	0	15	0
   101451	2021-05-11 07:05:22	1	0	15	0
   108523	2021-05-11 07:06:54	1	0	15	0
   108593	2021-05-11 07:13:06	1	0	15	0
   108630	2021-05-11 07:16:04	1	0	15	0
   108472	2021-05-11 07:18:31	1	0	15	0
   108549	2021-05-11 07:20:02	1	0	15	0
   108662	2021-05-11 07:20:28	1	0	15	0
   108612	2021-05-11 07:22:13	1	0	15	0
    10033	2021-05-11 07:22:53	1	0	15	0
    10080	2021-05-11 07:23:56	1	0	15	0
   108556	2021-05-11 07:25:31	1	0	15	0
   108667	2021-05-11 07:28:43	1	0	15	0
   108505	2021-05-11 07:30:13	1	0	15	0
   108673	2021-05-11 07:32:21	1	0	15	0
    10159	2021-05-11 07:32:45	1	0	15	0
   108670	2021-05-11 07:33:09	1	0	15	0
    10550	2021-05-11 07:34:18	1	0	15	0
   102544	2021-05-11 07:34:23	1	0	15	0
    10278	2021-05-11 07:34:33	1	0	15	0
    10065	2021-05-11 07:35:19	1	0	15	0
   101432	2021-05-11 07:35:28	1	0	15	0
   108668	2021-05-11 07:35:53	1	0	15	0
   108669	2021-05-11 07:37:21	1	0	15	0
   108658	2021-05-11 07:38:58	1	0	15	0
   108613	2021-05-11 07:40:11	1	0	15	0
   108579	2021-05-11 07:41:57	1	0	15	0
   102542	2021-05-11 07:42:07	1	0	15	0
   108469	2021-05-11 07:42:13	1	0	15	0
    10025	2021-05-11 07:42:45	1	0	15	0
    10221	2021-05-11 07:42:59	1	0	15	0
    10063	2021-05-11 07:44:36	1	0	15	0
    10149	2021-05-11 07:44:45	1	0	15	0
    10149	2021-05-11 07:44:47	1	0	15	0
   108671	2021-05-11 07:44:56	1	0	15	0
    10076	2021-05-11 07:45:09	1	0	15	0
   108585	2021-05-11 07:45:46	1	0	15	0
   102524	2021-05-11 07:46:48	1	0	15	0
    10138	2021-05-11 07:47:00	1	0	15	0
    10284	2021-05-11 07:48:04	1	0	15	0
   108635	2021-05-11 07:48:20	1	0	15	0
    10129	2021-05-11 07:49:35	1	0	15	0
   108638	2021-05-11 07:51:11	1	0	15	0
   108672	2021-05-11 07:53:47	1	0	15	0
   108672	2021-05-11 07:53:49	1	0	15	0
   108636	2021-05-11 07:55:54	1	0	15	0
    10309	2021-05-11 07:56:15	1	0	15	0
    19980	2021-05-11 07:58:41	1	0	15	0
   108619	2021-05-11 07:59:20	1	0	15	0
   108663	2021-05-11 08:00:02	1	0	15	0
    10032	2021-05-11 08:00:18	1	0	15	0
    10348	2021-05-11 08:00:51	1	0	15	0
    10127	2021-05-11 08:01:17	1	0	15	0
   500001	2021-05-11 08:01:56	1	0	15	0
   108666	2021-05-11 08:03:06	1	0	15	0
   108611	2021-05-11 08:04:59	1	0	15	0
    10458	2021-05-11 08:10:19	1	0	15	0
   108591	2021-05-11 08:21:02	1	0	15	0
   108515	2021-05-11 08:49:15	1	0	15	0
   102579	2021-05-11 10:54:53	1	0	15	0
   108629	2021-05-11 12:40:15	1	0	15	0
    10356	2021-05-11 13:04:14	1	1	15	0
    10214	2021-05-11 13:04:32	1	1	15	0
   108538	2021-05-11 13:05:30	1	1	15	0
   108549	2021-05-11 16:00:28	1	1	15	0
   101437	2021-05-11 16:00:46	1	1	15	0
   102526	2021-05-11 16:00:55	1	1	15	0
    10456	2021-05-11 16:01:12	1	1	15	0
   108612	2021-05-11 16:01:19	1	1	15	0
   108593	2021-05-11 16:01:29	1	1	15	0
   108533	2021-05-11 16:01:38	1	1	15	0
    10309	2021-05-11 16:01:46	1	1	15	0
   108472	2021-05-11 16:02:01	1	1	15	0
    10278	2021-05-11 16:02:12	1	1	15	0
   108587	2021-05-11 16:03:03	1	1	15	0
    10138	2021-05-11 16:05:44	1	1	15	0
    10284	2021-05-11 16:06:00	1	1	15	0
   102542	2021-05-11 16:09:31	1	1	15	0
    10348	2021-05-11 16:26:42	1	1	15	0
   108469	2021-05-11 16:31:20	1	1	15	0
   108630	2021-05-11 17:00:05	1	1	15	0
   108613	2021-05-11 17:00:20	1	1	15	0
   108654	2021-05-11 17:00:26	1	1	15	0
   102544	2021-05-11 17:00:42	1	1	15	0
   108657	2021-05-11 17:00:50	1	1	15	0
   108568	2021-05-11 17:01:07	1	1	15	0
   101451	2021-05-11 17:01:18	1	1	15	0
   108515	2021-05-11 17:01:25	1	1	15	0
   500001	2021-05-11 17:01:55	1	1	15	0
   108670	2021-05-11 17:02:18	1	1	15	0
   108619	2021-05-11 17:02:43	1	1	15	0
    10025	2021-05-11 17:02:52	1	1	15	0
   101432	2021-05-11 17:02:59	1	1	15	0
    10080	2021-05-11 17:03:09	1	1	15	0
    10550	2021-05-11 17:03:15	1	1	15	0
   108579	2021-05-11 17:03:22	1	1	15	0
   108579	2021-05-11 17:03:25	1	1	15	0
   108611	2021-05-11 17:03:42	1	1	15	0
   108617	2021-05-11 17:03:56	1	1	15	0
   108636	2021-05-11 17:04:21	1	1	15	0
   108669	2021-05-11 17:04:47	1	1	15	0
    10033	2021-05-11 17:05:03	1	1	15	0
    10221	2021-05-11 17:05:42	1	1	15	0
    19980	2021-05-11 17:06:09	1	1	15	0
   108668	2021-05-11 17:06:20	1	1	15	0
   108556	2021-05-11 17:06:30	1	1	15	0
    10065	2021-05-11 17:06:42	1	1	15	0
   108635	2021-05-11 17:07:50	1	1	15	0
   108673	2021-05-11 17:07:57	1	1	15	0
    10458	2021-05-11 17:08:13	1	1	15	0
   102524	2021-05-11 17:10:39	1	1	15	0
   108667	2021-05-11 17:13:04	1	1	15	0
   108667	2021-05-11 17:13:06	1	1	15	0
   108667	2021-05-11 17:13:15	1	1	15	0
   108667	2021-05-11 17:13:17	1	1	15	0
    10032	2021-05-11 17:14:15	1	1	15	0
    10159	2021-05-11 17:14:53	1	1	15	0
   108638	2021-05-11 17:15:01	1	1	15	0
   108585	2021-05-11 17:16:23	1	1	15	0
   108591	2021-05-11 17:17:44	1	1	15	0
   108672	2021-05-11 17:19:12	1	1	15	0
   108672	2021-05-11 17:19:15	1	1	15	0
   108671	2021-05-11 17:21:54	1	1	15	0
   102579	2021-05-11 17:23:05	1	1	15	0
    10076	2021-05-11 17:25:31	1	1	15	0
    10063	2021-05-11 17:26:18	1	1	15	0
   108666	2021-05-11 17:27:37	1	1	15	0
    10149	2021-05-11 17:27:45	1	1	15	0
   108505	2021-05-11 17:43:51	1	1	15	0
    10129	2021-05-11 18:25:03	1	1	15	0
   108523	2021-05-11 18:33:31	1	1	15	0
   108663	2021-05-11 21:00:27	1	1	15	0
   108658	2021-05-11 21:00:34	1	1	15	0
   108598	2021-05-11 22:06:43	1	1	15	0
   108662	2021-05-11 22:06:55	1	1	15	0
    10127	2021-05-11 22:07:20	1	1	15	0
   108538	2021-05-12 03:08:42	1	1	15	0
   108538	2021-05-12 03:08:45	1	1	15	0
   108538	2021-05-12 03:08:48	1	1	15	0
    10214	2021-05-12 03:12:57	1	1	15	0
    10356	2021-05-12 03:13:24	1	1	15	0
    10456	2021-05-12 06:01:55	1	0	15	0
   101437	2021-05-12 06:21:49	1	0	15	0
   108657	2021-05-12 06:30:41	1	0	15	0
   108654	2021-05-12 06:30:53	1	0	15	0
   108617	2021-05-12 06:47:28	1	0	15	0
   108533	2021-05-12 06:56:15	1	0	15	0
   108630	2021-05-12 07:00:13	1	0	15	0
   108612	2021-05-12 07:00:46	1	0	15	0
   108587	2021-05-12 07:01:00	1	0	15	0
   108587	2021-05-12 07:01:03	1	0	15	0
   108593	2021-05-12 07:05:00	1	0	15	0
   108613	2021-05-12 07:07:54	1	0	15	0
   101451	2021-05-12 07:08:04	1	0	15	0
   108523	2021-05-12 07:14:03	1	0	15	0
   108472	2021-05-12 07:14:49	1	0	15	0
    10080	2021-05-12 07:16:04	1	0	15	0
   101432	2021-05-12 07:16:57	1	0	15	0
   108658	2021-05-12 07:18:05	1	0	15	0
   108598	2021-05-12 07:25:51	1	0	15	0
   108505	2021-05-12 07:25:58	1	0	15	0
   108662	2021-05-12 07:26:07	1	0	15	0
   108667	2021-05-12 07:27:10	1	0	15	0
   108670	2021-05-12 07:27:50	1	0	15	0
   108635	2021-05-12 07:28:51	1	0	15	0
   108585	2021-05-12 07:29:24	1	0	15	0
   108579	2021-05-12 07:29:34	1	0	15	0
   108673	2021-05-12 07:29:40	1	0	15	0
   102542	2021-05-12 07:29:58	1	0	15	0
    10065	2021-05-12 07:31:06	1	0	15	0
   108669	2021-05-12 07:32:24	1	0	15	0
    10284	2021-05-12 07:33:45	1	0	15	0
   108663	2021-05-12 07:35:36	1	0	15	0
   108549	2021-05-12 07:39:53	1	0	15	0
    10033	2021-05-12 07:40:02	1	0	15	0
   108568	2021-05-12 07:40:31	1	0	15	0
    10025	2021-05-12 07:41:31	1	0	15	0
    10025	2021-05-12 07:41:34	1	0	15	0
    10221	2021-05-12 07:41:49	1	0	15	0
    10278	2021-05-12 07:42:17	1	0	15	0
   108668	2021-05-12 07:42:25	1	0	15	0
    10063	2021-05-12 07:43:19	1	0	15	0
    10149	2021-05-12 07:43:27	1	0	15	0
   108671	2021-05-12 07:43:33	1	0	15	0
    10076	2021-05-12 07:43:45	1	0	15	0
   108638	2021-05-12 07:43:59	1	0	15	0
   108672	2021-05-12 07:45:24	1	0	15	0
    10159	2021-05-12 07:45:34	1	0	15	0
   108469	2021-05-12 07:46:14	1	0	15	0
    10228	2021-05-12 07:48:06	1	0	15	0
    10129	2021-05-12 07:49:36	1	0	15	0
    10309	2021-05-12 07:50:45	1	0	15	0
   102544	2021-05-12 07:52:15	1	0	15	0
   102524	2021-05-12 07:52:36	1	0	15	0
   108619	2021-05-12 07:53:33	1	0	15	0
    19980	2021-05-12 07:55:53	1	0	15	0
   108636	2021-05-12 07:57:40	1	0	15	0
    10138	2021-05-12 07:57:50	1	0	15	0
    10032	2021-05-12 07:58:38	1	0	15	0
   108556	2021-05-12 08:02:37	1	0	15	0
   108611	2021-05-12 08:02:51	1	0	15	0
   108666	2021-05-12 08:03:11	1	0	15	0
    10550	2021-05-12 08:03:52	1	0	15	0
   108591	2021-05-12 08:09:54	1	0	15	0
    10458	2021-05-12 08:10:04	1	0	15	0
   500001	2021-05-12 08:26:29	1	0	15	0
   108515	2021-05-12 08:46:40	1	0	15	0
    10127	2021-05-12 09:04:14	1	0	15	0
   102579	2021-05-12 09:17:45	1	0	15	0
   102524	2021-05-12 11:44:45	1	0	15	0
    10356	2021-05-12 12:20:59	1	1	15	0
   108538	2021-05-12 12:21:15	1	1	15	0
    10214	2021-05-12 12:23:44	1	1	15	0
    10214	2021-05-12 12:23:47	1	1	15	0
    10456	2021-05-12 16:02:39	1	1	15	0
   101437	2021-05-12 16:04:53	1	1	15	0
   108533	2021-05-12 16:05:48	1	1	15	0
   108549	2021-05-12 16:06:45	1	1	15	0
   108657	2021-05-12 16:06:58	1	1	15	0
   102526	2021-05-12 16:07:58	1	1	15	0
   108587	2021-05-12 16:08:50	1	1	15	0
   108587	2021-05-12 16:08:53	1	1	15	0
   108472	2021-05-12 16:09:23	1	1	15	0
    10284	2021-05-12 16:10:23	1	1	15	0
    10309	2021-05-12 16:12:58	1	1	15	0
   108612	2021-05-12 16:13:07	1	1	15	0
   108469	2021-05-12 16:14:50	1	1	15	0
   102542	2021-05-12 16:15:34	1	1	15	0
   102544	2021-05-12 16:30:06	1	1	15	0
    10228	2021-05-12 16:41:41	1	1	15	0
   108630	2021-05-12 17:00:44	1	1	15	0
   101451	2021-05-12 17:00:51	1	1	15	0
    10080	2021-05-12 17:01:03	1	1	15	0
   108613	2021-05-12 17:01:35	1	1	15	0
   108593	2021-05-12 17:02:22	1	1	15	0
    10550	2021-05-12 17:02:36	1	1	15	0
   108617	2021-05-12 17:02:58	1	1	15	0
   108668	2021-05-12 17:03:34	1	1	15	0
   108635	2021-05-12 17:04:11	1	1	15	0
    19980	2021-05-12 17:05:38	1	1	15	0
   108611	2021-05-12 17:05:59	1	1	15	0
   108579	2021-05-12 17:06:08	1	1	15	0
   108673	2021-05-12 17:06:14	1	1	15	0
   108515	2021-05-12 17:06:24	1	1	15	0
   108669	2021-05-12 17:06:40	1	1	15	0
   108638	2021-05-12 17:07:03	1	1	15	0
   108619	2021-05-12 17:07:09	1	1	15	0
    10065	2021-05-12 17:07:17	1	1	15	0
   101432	2021-05-12 17:07:48	1	1	15	0
    10221	2021-05-12 17:08:23	1	1	15	0
    10063	2021-05-12 17:08:34	1	1	15	0
    10159	2021-05-12 17:09:16	1	1	15	0
   108585	2021-05-12 17:09:28	1	1	15	0
   500001	2021-05-12 17:09:43	1	1	15	0
   108670	2021-05-12 17:09:52	1	1	15	0
   108556	2021-05-12 17:10:18	1	1	15	0
    10033	2021-05-12 17:10:27	1	1	15	0
    10033	2021-05-12 17:10:29	1	1	15	0
   108636	2021-05-12 17:10:49	1	1	15	0
   108672	2021-05-12 17:14:52	1	1	15	0
    10458	2021-05-12 17:15:29	1	1	15	0
   108591	2021-05-12 17:19:00	1	1	15	0
   108568	2021-05-12 17:22:27	1	1	15	0
   102579	2021-05-12 17:27:19	1	1	15	0
   108671	2021-05-12 17:27:38	1	1	15	0
    10127	2021-05-12 17:28:37	1	1	15	0
    10076	2021-05-12 17:29:45	1	1	15	0
   108662	2021-05-12 17:30:42	1	1	15	0
   108667	2021-05-12 17:30:50	1	1	15	0
    10149	2021-05-12 17:32:23	1	1	15	0
    10032	2021-05-12 17:35:04	1	1	15	0
   108505	2021-05-12 17:43:09	1	1	15	0
    10278	2021-05-12 18:03:00	1	1	15	0
    10138	2021-05-12 18:06:25	1	1	15	0
    10129	2021-05-12 18:15:51	1	1	15	0
   108523	2021-05-12 18:53:37	1	1	15	0
   108663	2021-05-12 20:09:37	1	1	15	0
   108658	2021-05-12 20:09:49	1	1	15	0
   108598	2021-05-12 20:10:03	1	1	15	0
    10456	2021-05-14 06:03:29	1	0	15	0
   108662	2021-05-14 06:17:02	1	0	15	0
   108538	2021-05-14 06:22:52	1	0	15	0
   101437	2021-05-14 06:23:38	1	0	15	0
   101437	2021-05-14 06:23:40	1	0	15	0
   108657	2021-05-14 06:27:31	1	0	15	0
    10278	2021-05-14 06:42:46	1	0	15	0
   108654	2021-05-14 06:46:49	1	0	15	0
   108617	2021-05-14 06:51:01	1	0	15	0
    10214	2021-05-14 06:52:53	1	0	15	0
    10356	2021-05-14 06:53:25	1	0	15	0
   108533	2021-05-14 06:56:03	1	0	15	0
   108612	2021-05-14 07:06:58	1	0	15	0
   108587	2021-05-14 07:11:16	1	0	15	0
   108630	2021-05-14 07:13:44	1	0	15	0
   108593	2021-05-14 07:14:02	1	0	15	0
   108613	2021-05-14 07:16:24	1	0	15	0
    10033	2021-05-14 07:18:22	1	0	15	0
   108523	2021-05-14 07:19:18	1	0	15	0
   108585	2021-05-14 07:19:28	1	0	15	0
   108667	2021-05-14 07:21:40	1	0	15	0
   108469	2021-05-14 07:23:38	1	0	15	0
   108568	2021-05-14 07:24:28	1	0	15	0
   108670	2021-05-14 07:25:26	1	0	15	0
   108556	2021-05-14 07:25:53	1	0	15	0
   108638	2021-05-14 07:26:03	1	0	15	0
   101432	2021-05-14 07:28:16	1	0	15	0
   108598	2021-05-14 07:28:25	1	0	15	0
    10080	2021-05-14 07:29:04	1	0	15	0
   108673	2021-05-14 07:29:49	1	0	15	0
    10221	2021-05-14 07:31:53	1	0	15	0
   108668	2021-05-14 07:32:18	1	0	15	0
   108658	2021-05-14 07:32:46	1	0	15	0
    10065	2021-05-14 07:35:05	1	0	15	0
    10065	2021-05-14 07:35:07	1	0	15	0
    10065	2021-05-14 07:35:16	1	0	15	0
   108472	2021-05-14 07:35:32	1	0	15	0
   108663	2021-05-14 07:36:20	1	0	15	0
   102542	2021-05-14 07:37:08	1	0	15	0
   108669	2021-05-14 07:38:19	1	0	15	0
   108505	2021-05-14 07:39:38	1	0	15	0
    10025	2021-05-14 07:44:38	1	0	15	0
   108635	2021-05-14 07:45:01	1	0	15	0
    10159	2021-05-14 07:50:12	1	0	15	0
    10129	2021-05-14 07:50:20	1	0	15	0
   102544	2021-05-14 07:50:31	1	0	15	0
   108579	2021-05-14 07:51:03	1	0	15	0
    10063	2021-05-14 07:51:39	1	0	15	0
    10149	2021-05-14 07:51:46	1	0	15	0
    10149	2021-05-14 07:51:48	1	0	15	0
   108671	2021-05-14 07:51:53	1	0	15	0
    10076	2021-05-14 07:51:59	1	0	15	0
    10127	2021-05-14 07:52:21	1	0	15	0
    10309	2021-05-14 07:53:36	1	0	15	0
   108619	2021-05-14 07:53:43	1	0	15	0
   108549	2021-05-14 07:54:00	1	0	15	0
    10032	2021-05-14 07:54:08	1	0	15	0
    10228	2021-05-14 07:54:30	1	0	15	0
   108636	2021-05-14 07:56:09	1	0	15	0
   108672	2021-05-14 07:58:57	1	0	15	0
   108672	2021-05-14 07:58:59	1	0	15	0
    10550	2021-05-14 07:59:06	1	0	15	0
   500001	2021-05-14 08:02:50	1	0	15	0
   108591	2021-05-14 08:03:56	1	0	15	0
    19980	2021-05-14 08:05:00	1	0	15	0
    10138	2021-05-14 08:05:08	1	0	15	0
   108611	2021-05-14 08:07:24	1	0	15	0
    10458	2021-05-14 08:15:55	1	0	15	0
   102579	2021-05-14 08:23:43	1	0	15	0
   108515	2021-05-14 08:24:27	1	0	15	0
   108666	2021-05-14 08:34:07	1	0	15	0
    10456	2021-05-14 15:03:06	1	1	15	0
   108538	2021-05-14 15:04:24	1	1	15	0
    10278	2021-05-14 15:09:09	1	1	15	0
   108593	2021-05-14 16:00:19	1	1	15	0
   101437	2021-05-14 16:00:58	1	1	15	0
   108630	2021-05-14 16:01:11	1	1	15	0
   108654	2021-05-14 16:01:16	1	1	15	0
   108657	2021-05-14 16:01:22	1	1	15	0
   102544	2021-05-14 16:01:40	1	1	15	0
    10356	2021-05-14 16:02:08	1	1	15	0
   108533	2021-05-14 16:02:15	1	1	15	0
   108472	2021-05-14 16:02:22	1	1	15	0
    10214	2021-05-14 16:02:29	1	1	15	0
   108549	2021-05-14 16:02:39	1	1	15	0
    10550	2021-05-14 16:02:51	1	1	15	0
   102526	2021-05-14 16:03:31	1	1	15	0
   108469	2021-05-14 16:04:00	1	1	15	0
   108587	2021-05-14 16:05:53	1	1	15	0
   108587	2021-05-14 16:05:55	1	1	15	0
   102542	2021-05-14 16:06:04	1	1	15	0
    10228	2021-05-14 16:06:28	1	1	15	0
   108612	2021-05-14 16:07:58	1	1	15	0
    10309	2021-05-14 16:09:12	1	1	15	0
   108619	2021-05-14 16:12:07	1	1	15	0
    10138	2021-05-14 16:14:59	1	1	15	0
   108613	2021-05-14 17:00:50	1	1	15	0
    10458	2021-05-14 17:01:19	1	1	15	0
    10080	2021-05-14 17:01:51	1	1	15	0
   101432	2021-05-14 17:02:11	1	1	15	0
    19980	2021-05-14 17:02:49	1	1	15	0
   500001	2021-05-14 17:04:01	1	1	15	0
   108670	2021-05-14 17:04:11	1	1	15	0
   108670	2021-05-14 17:04:13	1	1	15	0
    10025	2021-05-14 17:04:51	1	1	15	0
   108579	2021-05-14 17:05:16	1	1	15	0
   108617	2021-05-14 17:05:28	1	1	15	0
    10033	2021-05-14 17:05:39	1	1	15	0
   108669	2021-05-14 17:05:48	1	1	15	0
   108611	2021-05-14 17:06:11	1	1	15	0
   108635	2021-05-14 17:07:05	1	1	15	0
   108668	2021-05-14 17:08:16	1	1	15	0
    10065	2021-05-14 17:08:27	1	1	15	0
    10159	2021-05-14 17:08:43	1	1	15	0
   108662	2021-05-14 17:08:55	1	1	15	0
   108667	2021-05-14 17:09:06	1	1	15	0
    10032	2021-05-14 17:09:23	1	1	15	0
    10032	2021-05-14 17:09:25	1	1	15	0
   108585	2021-05-14 17:10:16	1	1	15	0
   108556	2021-05-14 17:11:13	1	1	15	0
   108672	2021-05-14 17:11:52	1	1	15	0
   108672	2021-05-14 17:11:55	1	1	15	0
   108636	2021-05-14 17:14:58	1	1	15	0
   108636	2021-05-14 17:15:00	1	1	15	0
   108591	2021-05-14 17:16:31	1	1	15	0
   108638	2021-05-14 17:17:32	1	1	15	0
    10221	2021-05-14 17:22:04	1	1	15	0
    10076	2021-05-14 17:24:01	1	1	15	0
   108523	2021-05-14 17:30:44	1	1	15	0
   108673	2021-05-14 17:33:59	1	1	15	0
   108671	2021-05-14 17:34:05	1	1	15	0
   102579	2021-05-14 17:34:12	1	1	15	0
    10127	2021-05-14 17:34:32	1	1	15	0
   108515	2021-05-14 17:35:03	1	1	15	0
    10063	2021-05-14 17:36:34	1	1	15	0
    10149	2021-05-14 17:37:59	1	1	15	0
   108505	2021-05-14 17:46:28	1	1	15	0
   108666	2021-05-14 18:11:44	1	1	15	0
    10129	2021-05-14 18:16:59	1	1	15	0
   108658	2021-05-14 19:30:55	1	1	15	0
   108663	2021-05-14 19:31:02	1	1	15	0
   108598	2021-05-14 19:31:10	1	1	15	0
    10214	2021-05-15 06:20:39	1	1	15	0
    10356	2021-05-15 06:21:38	1	0	15	0
    10214	2021-05-15 06:21:50	1	0	15	0
    10214	2021-05-15 06:21:52	1	0	15	0
   102526	2021-05-15 06:21:56	1	0	15	0
   101437	2021-05-15 06:22:14	1	0	15	0
   108657	2021-05-15 06:36:30	1	0	15	0
    10348	2021-05-15 06:44:38	1	0	15	0
   101436	2021-05-15 06:57:31	1	0	15	0
   108472	2021-05-15 06:57:47	1	0	15	0
   108587	2021-05-15 07:13:49	1	0	15	0
   108549	2021-05-15 07:23:08	1	0	15	0
    10033	2021-05-15 07:27:33	1	0	15	0
   102542	2021-05-15 07:35:47	1	0	15	0
   108538	2021-05-15 07:39:57	1	0	15	0
    10278	2021-05-15 07:45:09	1	0	15	0
    10309	2021-05-15 07:52:29	1	0	15	0
   108619	2021-05-15 07:56:29	1	0	15	0
   108515	2021-05-15 08:05:21	1	0	15	0
   108515	2021-05-15 08:05:23	1	0	15	0
   108657	2021-05-15 15:00:24	1	0	15	0
   108657	2021-05-15 15:00:51	1	1	15	0
   101437	2021-05-15 15:01:18	1	1	15	0
   108472	2021-05-15 15:01:24	1	1	15	0
   108538	2021-05-15 15:05:16	1	1	15	0
   108549	2021-05-15 16:01:09	1	1	15	0
    10278	2021-05-15 16:01:18	1	1	15	0
    10278	2021-05-15 16:01:20	1	1	15	0
   108619	2021-05-15 16:01:27	1	1	15	0
   102526	2021-05-15 16:02:13	1	1	15	0
   108587	2021-05-15 16:02:24	1	1	15	0
   108587	2021-05-15 16:02:27	1	1	15	0
    10309	2021-05-15 16:03:09	1	1	15	0
   102542	2021-05-15 16:12:00	1	1	15	0
    10356	2021-05-15 16:36:32	1	1	15	0
    10214	2021-05-15 16:36:41	1	1	15	0
    10214	2021-05-15 16:36:43	1	1	15	0
    10348	2021-05-15 16:37:01	1	1	15	0
   108515	2021-05-15 17:04:12	1	1	15	0
   108657	2021-05-17 06:11:36	1	0	15	0
   101437	2021-05-17 06:14:57	1	0	15	0
   108662	2021-05-17 06:30:37	1	0	15	0
   102526	2021-05-17 06:45:52	1	0	15	0
   108617	2021-05-17 06:46:49	1	0	15	0
   108591	2021-05-17 06:57:33	1	0	15	0
    10356	2021-05-17 07:01:02	1	0	15	0
    10214	2021-05-17 07:07:22	1	0	15	0
   108593	2021-05-17 07:07:39	1	0	15	0
   108587	2021-05-17 07:08:28	1	0	15	0
   101451	2021-05-17 07:09:07	1	0	15	0
   108630	2021-05-17 07:13:38	1	0	15	0
    10159	2021-05-17 07:20:00	1	0	15	0
   108533	2021-05-17 07:21:08	1	0	15	0
   108667	2021-05-17 07:21:33	1	0	15	0
   108667	2021-05-17 07:21:36	1	0	15	0
   108472	2021-05-17 07:23:28	1	0	15	0
   108585	2021-05-17 07:25:46	1	0	15	0
   108556	2021-05-17 07:26:46	1	0	15	0
   108505	2021-05-17 07:26:53	1	0	15	0
   108538	2021-05-17 07:27:27	1	0	15	0
   101432	2021-05-17 07:31:12	1	0	15	0
    10065	2021-05-17 07:32:18	1	0	15	0
    10221	2021-05-17 07:33:38	1	0	15	0
   108638	2021-05-17 07:33:49	1	0	15	0
   108658	2021-05-17 07:36:03	1	0	15	0
    10278	2021-05-17 07:37:49	1	0	15	0
   108669	2021-05-17 07:38:10	1	0	15	0
   108663	2021-05-17 07:38:57	1	0	15	0
   108672	2021-05-17 07:41:31	1	0	15	0
   108598	2021-05-17 07:41:49	1	0	15	0
    10080	2021-05-17 07:42:21	1	0	15	0
   108668	2021-05-17 07:43:02	1	0	15	0
   102542	2021-05-17 07:43:32	1	0	15	0
    10284	2021-05-17 07:46:48	1	0	15	0
    10309	2021-05-17 07:48:17	1	0	15	0
    10025	2021-05-17 07:48:29	1	0	15	0
    10033	2021-05-17 07:48:51	1	0	15	0
   108670	2021-05-17 07:49:05	1	0	15	0
   108568	2021-05-17 07:50:17	1	0	15	0
    10228	2021-05-17 07:52:23	1	0	15	0
   108579	2021-05-17 07:53:30	1	0	15	0
   108619	2021-05-17 07:53:46	1	0	15	0
    10129	2021-05-17 07:55:20	1	0	15	0
   108549	2021-05-17 07:55:27	1	0	15	0
    10063	2021-05-17 07:56:30	1	0	15	0
    10149	2021-05-17 07:56:41	1	0	15	0
    10149	2021-05-17 07:56:44	1	0	15	0
    10076	2021-05-17 07:56:57	1	0	15	0
   108523	2021-05-17 07:57:04	1	0	15	0
   108671	2021-05-17 07:57:13	1	0	15	0
   108673	2021-05-17 07:57:21	1	0	15	0
    19980	2021-05-17 07:57:46	1	0	15	0
   108635	2021-05-17 08:00:18	1	0	15	0
   102544	2021-05-17 08:02:25	1	0	15	0
   108636	2021-05-17 08:06:07	1	0	15	0
   108611	2021-05-17 08:09:22	1	0	15	0
   108666	2021-05-17 08:15:14	1	0	15	0
    10138	2021-05-17 08:16:38	1	0	15	0
    10550	2021-05-17 08:22:02	1	0	15	0
   500001	2021-05-17 08:24:59	1	0	15	0
    10458	2021-05-17 08:27:27	1	0	15	0
   102579	2021-05-17 08:28:13	1	0	15	0
   108515	2021-05-17 08:55:57	1	0	15	0
   102544	2021-05-17 16:00:06	1	1	15	0
   108630	2021-05-17 16:00:12	1	1	15	0
   108593	2021-05-17 16:00:27	1	1	15	0
   108549	2021-05-17 16:00:43	1	1	15	0
   108657	2021-05-17 16:00:50	1	1	15	0
   108472	2021-05-17 16:00:57	1	1	15	0
   101437	2021-05-17 16:01:04	1	1	15	0
   108533	2021-05-17 16:01:13	1	1	15	0
   102526	2021-05-17 16:01:23	1	1	15	0
   108538	2021-05-17 16:01:40	1	1	15	0
   108587	2021-05-17 16:01:56	1	1	15	0
   108587	2021-05-17 16:01:58	1	1	15	0
   102542	2021-05-17 16:03:52	1	1	15	0
    10138	2021-05-17 16:04:24	1	1	15	0
    10284	2021-05-17 16:04:40	1	1	15	0
    10309	2021-05-17 16:07:22	1	1	15	0
    10278	2021-05-17 16:09:43	1	1	15	0
    10228	2021-05-17 16:14:27	1	1	15	0
   108619	2021-05-17 16:14:37	1	1	15	0
    10080	2021-05-17 17:01:06	1	1	15	0
   101451	2021-05-17 17:01:14	1	1	15	0
   108617	2021-05-17 17:01:43	1	1	15	0
    10458	2021-05-17 17:02:00	1	1	15	0
    10065	2021-05-17 17:02:08	1	1	15	0
   101432	2021-05-17 17:02:18	1	1	15	0
   108669	2021-05-17 17:02:26	1	1	15	0
    10550	2021-05-17 17:02:34	1	1	15	0
    19980	2021-05-17 17:02:50	1	1	15	0
    19980	2021-05-17 17:02:52	1	1	15	0
   108552	2021-05-17 17:03:19	1	1	15	0
   108515	2021-05-17 17:04:30	1	1	15	0
    10221	2021-05-17 17:04:38	1	1	15	0
    10033	2021-05-17 17:04:46	1	1	15	0
   108635	2021-05-17 17:04:55	1	1	15	0
   108635	2021-05-17 17:04:58	1	1	15	0
   108638	2021-05-17 17:05:07	1	1	15	0
    10025	2021-05-17 17:05:23	1	1	15	0
   108611	2021-05-17 17:06:54	1	1	15	0
   500001	2021-05-17 17:07:18	1	1	15	0
   108670	2021-05-17 17:07:24	1	1	15	0
    10159	2021-05-17 17:09:14	1	1	15	0
   108591	2021-05-17 17:09:54	1	1	15	0
   108585	2021-05-17 17:10:09	1	1	15	0
   108579	2021-05-17 17:12:57	1	1	15	0
   108673	2021-05-17 17:13:06	1	1	15	0
   108598	2021-05-17 17:14:27	1	1	15	0
   108658	2021-05-17 17:14:37	1	1	15	0
   108663	2021-05-17 17:14:48	1	1	15	0
   108671	2021-05-17 17:29:38	1	1	15	0
   102579	2021-05-17 17:30:01	1	1	15	0
   108568	2021-05-17 17:31:59	1	1	15	0
   108556	2021-05-17 17:32:22	1	1	15	0
    10076	2021-05-17 17:33:11	1	1	15	0
    10063	2021-05-17 17:34:30	1	1	15	0
   108672	2021-05-17 17:34:43	1	1	15	0
    10149	2021-05-17 17:35:17	1	1	15	0
   108636	2021-05-17 17:41:02	1	1	15	0
   108505	2021-05-17 17:44:48	1	1	15	0
   108668	2021-05-17 18:02:45	1	1	15	0
   108666	2021-05-17 18:06:08	1	1	15	0
   108523	2021-05-17 18:15:29	1	1	15	0
    10129	2021-05-17 18:25:30	1	1	15	0
   108667	2021-05-17 19:04:16	1	1	15	0
    10127	2021-05-17 21:07:14	1	1	15	0
   108662	2021-05-17 21:07:23	1	1	15	0
   108538	2021-05-18 03:27:22	1	1	15	0
   108538	2021-05-18 03:27:25	1	1	15	0
    10278	2021-05-18 03:28:25	1	0	15	0
   108538	2021-05-18 03:28:45	1	0	15	0
    10456	2021-05-18 06:05:09	1	0	15	0
   101437	2021-05-18 06:19:18	1	0	15	0
   102526	2021-05-18 06:23:25	1	0	15	0
   108617	2021-05-18 06:55:35	1	0	15	0
   108523	2021-05-18 06:56:09	1	0	15	0
   108663	2021-05-18 07:01:39	1	0	15	0
   108657	2021-05-18 07:02:41	1	0	15	0
   108657	2021-05-18 07:02:43	1	0	15	0
   108662	2021-05-18 07:04:20	1	0	15	0
   108587	2021-05-18 07:07:16	1	0	15	0
   108587	2021-05-18 07:07:18	1	0	15	0
   108668	2021-05-18 07:08:13	1	0	15	0
   101451	2021-05-18 07:13:28	1	0	15	0
    10065	2021-05-18 07:15:12	1	0	15	0
   108630	2021-05-18 07:20:16	1	0	15	0
   108667	2021-05-18 07:22:58	1	0	15	0
   108556	2021-05-18 07:23:37	1	0	15	0
   108670	2021-05-18 07:27:20	1	0	15	0
   108673	2021-05-18 07:27:35	1	0	15	0
   108613	2021-05-18 07:27:55	1	0	15	0
   108472	2021-05-18 07:28:12	1	0	15	0
   108505	2021-05-18 07:29:48	1	0	15	0
   108598	2021-05-18 07:30:01	1	0	15	0
   102542	2021-05-18 07:30:23	1	0	15	0
   108585	2021-05-18 07:31:18	1	0	15	0
    10221	2021-05-18 07:31:33	1	0	15	0
   108636	2021-05-18 07:31:58	1	0	15	0
   108669	2021-05-18 07:34:45	1	0	15	0
    10033	2021-05-18 07:35:57	1	0	15	0
   108658	2021-05-18 07:37:31	1	0	15	0
   108469	2021-05-18 07:37:40	1	0	15	0
   101432	2021-05-18 07:41:34	1	0	15	0
   108635	2021-05-18 07:41:49	1	0	15	0
   108638	2021-05-18 07:42:04	1	0	15	0
    10550	2021-05-18 07:42:51	1	0	15	0
    10159	2021-05-18 07:43:19	1	0	15	0
   108568	2021-05-18 07:44:02	1	0	15	0
   102544	2021-05-18 07:47:40	1	0	15	0
   108672	2021-05-18 07:47:54	1	0	15	0
   108672	2021-05-18 07:47:57	1	0	15	0
    10284	2021-05-18 07:48:36	1	0	15	0
    10025	2021-05-18 07:50:18	1	0	15	0
    10138	2021-05-18 07:51:02	1	0	15	0
    19980	2021-05-18 07:52:00	1	0	15	0
   108619	2021-05-18 07:52:13	1	0	15	0
    10309	2021-05-18 07:53:28	1	0	15	0
    10063	2021-05-18 07:54:39	1	0	15	0
    10149	2021-05-18 07:54:47	1	0	15	0
    10149	2021-05-18 07:54:50	1	0	15	0
    10127	2021-05-18 07:55:03	1	0	15	0
   108671	2021-05-18 07:55:12	1	0	15	0
    10076	2021-05-18 07:55:25	1	0	15	0
    10129	2021-05-18 07:56:01	1	0	15	0
   108549	2021-05-18 07:56:11	1	0	15	0
   108579	2021-05-18 07:56:45	1	0	15	0
    10080	2021-05-18 07:57:35	1	0	15	0
   108666	2021-05-18 08:01:54	1	0	15	0
    10458	2021-05-18 08:18:39	1	0	15	0
    10458	2021-05-18 08:18:42	1	0	15	0
   500001	2021-05-18 08:20:14	1	0	15	0
   108611	2021-05-18 08:23:38	1	0	15	0
   108591	2021-05-18 08:24:39	1	0	15	0
   102579	2021-05-18 09:19:54	1	0	15	0
   108515	2021-05-18 09:39:02	1	0	15	0
   102526	2021-05-18 16:01:33	1	0	15	0
   102526	2021-05-18 16:01:35	1	0	15	0
   108472	2021-05-18 16:02:03	1	0	15	0
   108533	2021-05-18 16:02:12	1	0	15	0
   108538	2021-05-18 16:02:19	1	0	15	0
    10278	2021-05-18 16:02:30	1	0	15	0
    10456	2021-05-18 16:03:04	1	1	15	0
   108587	2021-05-18 16:03:12	1	1	15	0
   108619	2021-05-18 16:03:25	1	1	15	0
   108613	2021-05-18 16:03:51	1	1	15	0
   108549	2021-05-18 16:05:02	1	1	15	0
    10138	2021-05-18 16:05:15	1	1	15	0
    10309	2021-05-18 16:06:07	1	1	15	0
   102542	2021-05-18 16:06:37	1	1	15	0
    10284	2021-05-18 16:07:25	1	1	15	0
   108469	2021-05-18 16:12:53	1	1	15	0
   102544	2021-05-18 16:19:30	1	1	15	0
   101437	2021-05-18 16:22:15	1	1	15	0
   101437	2021-05-18 16:22:17	1	1	15	0
   108657	2021-05-18 17:00:12	1	1	15	0
   108630	2021-05-18 17:00:28	1	1	15	0
   101432	2021-05-18 17:00:36	1	1	15	0
    10550	2021-05-18 17:01:45	1	1	15	0
   108617	2021-05-18 17:02:10	1	1	15	0
    10458	2021-05-18 17:02:16	1	1	15	0
   101451	2021-05-18 17:02:30	1	1	15	0
   108670	2021-05-18 17:02:50	1	1	15	0
   108579	2021-05-18 17:03:11	1	1	15	0
   108638	2021-05-18 17:03:21	1	1	15	0
   108669	2021-05-18 17:03:35	1	1	15	0
    19980	2021-05-18 17:03:59	1	1	15	0
   500001	2021-05-18 17:04:12	1	1	15	0
    10033	2021-05-18 17:04:21	1	1	15	0
   108673	2021-05-18 17:05:29	1	1	15	0
   108611	2021-05-18 17:06:15	1	1	15	0
    10221	2021-05-18 17:06:52	1	1	15	0
   108635	2021-05-18 17:08:25	1	1	15	0
   108658	2021-05-18 17:08:49	1	1	15	0
   108591	2021-05-18 17:09:31	1	1	15	0
    10065	2021-05-18 17:09:51	1	1	15	0
    10025	2021-05-18 17:10:02	1	1	15	0
   108672	2021-05-18 17:10:28	1	1	15	0
   108515	2021-05-18 17:13:58	1	1	15	0
   108556	2021-05-18 17:15:38	1	1	15	0
    10159	2021-05-18 17:15:52	1	1	15	0
   108636	2021-05-18 17:16:01	1	1	15	0
   108585	2021-05-18 17:19:42	1	1	15	0
   108666	2021-05-18 17:27:28	1	1	15	0
   102579	2021-05-18 17:29:15	1	1	15	0
   108671	2021-05-18 17:29:32	1	1	15	0
    10063	2021-05-18 17:30:53	1	1	15	0
   108568	2021-05-18 17:31:02	1	1	15	0
    10080	2021-05-18 17:31:15	1	1	15	0
    10076	2021-05-18 17:32:20	1	1	15	0
    10149	2021-05-18 17:32:33	1	1	15	0
   108505	2021-05-18 17:52:30	1	1	15	0
    10129	2021-05-18 18:23:38	1	1	15	0
   108663	2021-05-18 18:25:02	1	1	15	0
   108667	2021-05-18 18:33:08	1	1	15	0
   108668	2021-05-18 19:26:43	1	1	15	0
   108523	2021-05-18 20:29:20	1	1	15	0
    10127	2021-05-18 21:09:47	1	1	15	0
   108662	2021-05-18 21:09:55	1	1	15	0
    10456	2021-05-19 06:08:46	1	0	15	0
   102526	2021-05-19 06:19:31	1	0	15	0
   101437	2021-05-19 06:21:48	1	0	15	0
   108587	2021-05-19 06:39:06	1	0	15	0
   108617	2021-05-19 06:50:40	1	0	15	0
   108662	2021-05-19 06:56:37	1	0	15	0
   108523	2021-05-19 07:00:05	1	0	15	0
   108538	2021-05-19 07:01:19	1	0	15	0
   108630	2021-05-19 07:09:52	1	0	15	0
   108657	2021-05-19 07:11:32	1	0	15	0
   108654	2021-05-19 07:11:47	1	0	15	0
   108593	2021-05-19 07:14:46	1	0	15	0
   108670	2021-05-19 07:20:50	1	0	15	0
    10356	2021-05-19 07:22:19	1	0	15	0
   108667	2021-05-19 07:25:59	1	0	15	0
   101451	2021-05-19 07:27:53	1	0	15	0
   108585	2021-05-19 07:28:02	1	0	15	0
   108505	2021-05-19 07:32:22	1	0	15	0
   108663	2021-05-19 07:32:55	1	0	15	0
    10065	2021-05-19 07:33:46	1	0	15	0
   108472	2021-05-19 07:34:07	1	0	15	0
   108673	2021-05-19 07:35:50	1	0	15	0
   108636	2021-05-19 07:38:02	1	0	15	0
    10278	2021-05-19 07:38:27	1	0	15	0
    10278	2021-05-19 07:38:29	1	0	15	0
   108669	2021-05-19 07:40:17	1	0	15	0
    10221	2021-05-19 07:41:39	1	0	15	0
   108579	2021-05-19 07:42:41	1	0	15	0
    10159	2021-05-19 07:42:54	1	0	15	0
    10309	2021-05-19 07:43:31	1	0	15	0
   108638	2021-05-19 07:43:42	1	0	15	0
    10033	2021-05-19 07:44:11	1	0	15	0
    10063	2021-05-19 07:44:31	1	0	15	0
    10149	2021-05-19 07:44:40	1	0	15	0
   108671	2021-05-19 07:45:04	1	0	15	0
    10076	2021-05-19 07:45:09	1	0	15	0
   101432	2021-05-19 07:45:19	1	0	15	0
   108598	2021-05-19 07:45:42	1	0	15	0
   108672	2021-05-19 07:45:51	1	0	15	0
   102542	2021-05-19 07:46:02	1	0	15	0
   108469	2021-05-19 07:46:19	1	0	15	0
   108568	2021-05-19 07:46:47	1	0	15	0
    10550	2021-05-19 07:47:29	1	0	15	0
   108549	2021-05-19 07:50:01	1	0	15	0
   108658	2021-05-19 07:50:50	1	0	15	0
    10138	2021-05-19 07:51:11	1	0	15	0
    19980	2021-05-19 07:52:17	1	0	15	0
    10129	2021-05-19 07:55:32	1	0	15	0
   108619	2021-05-19 07:56:06	1	0	15	0
   108635	2021-05-19 07:57:11	1	0	15	0
    10032	2021-05-19 07:58:17	1	0	15	0
    10284	2021-05-19 07:58:25	1	0	15	0
   108591	2021-05-19 08:03:34	1	0	15	0
   108666	2021-05-19 08:04:07	1	0	15	0
    10127	2021-05-19 08:04:24	1	0	15	0
   108556	2021-05-19 08:09:12	1	0	15	0
   108611	2021-05-19 08:09:34	1	0	15	0
   102544	2021-05-19 08:10:01	1	0	15	0
    10458	2021-05-19 08:10:55	1	0	15	0
   500001	2021-05-19 08:21:03	1	0	15	0
   108613	2021-05-19 08:34:26	1	0	15	0
   108515	2021-05-19 09:14:49	1	0	15	0
   102579	2021-05-19 09:34:36	1	0	15	0
   108549	2021-05-19 16:00:54	1	1	15	0
   108472	2021-05-19 16:01:16	1	1	15	0
   108538	2021-05-19 16:01:25	1	1	15	0
   108593	2021-05-19 16:01:31	1	1	15	0
    10456	2021-05-19 16:01:45	1	1	15	0
   102526	2021-05-19 16:01:56	1	1	15	0
    10356	2021-05-19 16:02:13	1	1	15	0
    10214	2021-05-19 16:02:19	1	1	15	0
   101437	2021-05-19 16:02:27	1	1	15	0
   108533	2021-05-19 16:02:35	1	1	15	0
    10278	2021-05-19 16:02:46	1	1	15	0
    10284	2021-05-19 16:02:59	1	1	15	0
   108469	2021-05-19 16:03:08	1	1	15	0
    10076	2021-05-19 16:03:17	1	1	15	0
    10076	2021-05-19 16:03:20	1	1	15	0
   102544	2021-05-19 16:03:28	1	1	15	0
    10138	2021-05-19 16:03:35	1	1	15	0
   108587	2021-05-19 16:03:43	1	1	15	0
    10309	2021-05-19 16:04:03	1	1	15	0
   102542	2021-05-19 16:08:04	1	1	15	0
   108657	2021-05-19 17:00:30	1	1	15	0
   108654	2021-05-19 17:00:39	1	1	15	0
   108613	2021-05-19 17:00:57	1	1	15	0
   108630	2021-05-19 17:01:04	1	1	15	0
   101432	2021-05-19 17:01:17	1	1	15	0
   108619	2021-05-19 17:01:24	1	1	15	0
   101451	2021-05-19 17:01:33	1	1	15	0
    10550	2021-05-19 17:02:11	1	1	15	0
   108617	2021-05-19 17:02:47	1	1	15	0
   108579	2021-05-19 17:03:09	1	1	15	0
   108579	2021-05-19 17:03:12	1	1	15	0
   108673	2021-05-19 17:03:19	1	1	15	0
   108611	2021-05-19 17:03:44	1	1	15	0
   108669	2021-05-19 17:03:51	1	1	15	0
   108669	2021-05-19 17:03:53	1	1	15	0
   500001	2021-05-19 17:03:59	1	1	15	0
   108670	2021-05-19 17:04:05	1	1	15	0
   108667	2021-05-19 17:04:16	1	1	15	0
   108667	2021-05-19 17:04:19	1	1	15	0
   108635	2021-05-19 17:04:26	1	1	15	0
   108638	2021-05-19 17:04:40	1	1	15	0
    10065	2021-05-19 17:04:50	1	1	15	0
    19980	2021-05-19 17:05:10	1	1	15	0
    10159	2021-05-19 17:05:23	1	1	15	0
    10025	2021-05-19 17:05:33	1	1	15	0
    10033	2021-05-19 17:05:49	1	1	15	0
    10032	2021-05-19 17:05:58	1	1	15	0
   108591	2021-05-19 17:06:43	1	1	15	0
    10221	2021-05-19 17:07:00	1	1	15	0
   108515	2021-05-19 17:07:22	1	1	15	0
   108663	2021-05-19 17:09:33	1	1	15	0
   108658	2021-05-19 17:09:47	1	1	15	0
   108585	2021-05-19 17:10:58	1	1	15	0
   108556	2021-05-19 17:11:26	1	1	15	0
   108672	2021-05-19 17:11:35	1	1	15	0
   108636	2021-05-19 17:11:46	1	1	15	0
    10458	2021-05-19 17:11:54	1	1	15	0
   108671	2021-05-19 17:22:37	1	1	15	0
   108598	2021-05-19 17:32:34	1	1	15	0
   102579	2021-05-19 17:42:00	1	1	15	0
   108568	2021-05-19 17:42:16	1	1	15	0
    10063	2021-05-19 17:42:28	1	1	15	0
   108505	2021-05-19 17:43:47	1	1	15	0
    10149	2021-05-19 17:44:42	1	1	15	0
    10129	2021-05-19 18:26:09	1	1	15	0
   108523	2021-05-19 19:49:46	1	1	15	0
   108666	2021-05-19 20:14:33	1	1	15	0
   108662	2021-05-19 21:07:55	1	1	15	0
    10127	2021-05-19 21:08:35	1	1	15	0
    10456	2021-05-20 06:09:20	1	0	15	0
   101437	2021-05-20 06:28:52	1	0	15	0
   102526	2021-05-20 06:29:10	1	0	15	0
   108617	2021-05-20 06:52:49	1	0	15	0
    10127	2021-05-20 06:59:23	1	0	15	0
   108587	2021-05-20 07:04:11	1	0	15	0
   108662	2021-05-20 07:09:16	1	0	15	0
   108657	2021-05-20 07:09:45	1	0	15	0
   108654	2021-05-20 07:10:04	1	0	15	0
   101451	2021-05-20 07:12:33	1	0	15	0
   108556	2021-05-20 07:12:55	1	0	15	0
   108533	2021-05-20 07:13:07	1	0	15	0
   108630	2021-05-20 07:14:07	1	0	15	0
   108538	2021-05-20 07:17:47	1	0	15	0
    10080	2021-05-20 07:21:45	1	0	15	0
   108667	2021-05-20 07:22:21	1	0	15	0
   108670	2021-05-20 07:22:35	1	0	15	0
   108663	2021-05-20 07:22:50	1	0	15	0
   108523	2021-05-20 07:22:59	1	0	15	0
   108658	2021-05-20 07:23:37	1	0	15	0
    10214	2021-05-20 07:26:26	1	0	15	0
    10356	2021-05-20 07:26:38	1	0	15	0
   108610	2021-05-20 07:27:10	1	0	15	0
   108505	2021-05-20 07:30:07	1	0	15	0
   108568	2021-05-20 07:30:56	1	0	15	0
   101432	2021-05-20 07:31:07	1	0	15	0
   108585	2021-05-20 07:31:24	1	0	15	0
   108585	2021-05-20 07:31:26	1	0	15	0
    10033	2021-05-20 07:34:41	1	0	15	0
   108669	2021-05-20 07:35:15	1	0	15	0
   108549	2021-05-20 07:36:29	1	0	15	0
   108673	2021-05-20 07:38:18	1	0	15	0
    10159	2021-05-20 07:40:13	1	0	15	0
    10025	2021-05-20 07:42:30	1	0	15	0
    10025	2021-05-20 07:42:32	1	0	15	0
    10065	2021-05-20 07:42:42	1	0	15	0
    10309	2021-05-20 07:43:40	1	0	15	0
   108636	2021-05-20 07:44:31	1	0	15	0
    10228	2021-05-20 07:45:49	1	0	15	0
   108668	2021-05-20 07:46:04	1	0	15	0
    10278	2021-05-20 07:46:51	1	0	15	0
    10063	2021-05-20 07:48:20	1	0	15	0
    10149	2021-05-20 07:48:30	1	0	15	0
   108671	2021-05-20 07:48:40	1	0	15	0
    10076	2021-05-20 07:48:54	1	0	15	0
    19980	2021-05-20 07:49:32	1	0	15	0
    10284	2021-05-20 07:49:43	1	0	15	0
   108638	2021-05-20 07:49:53	1	0	15	0
    10221	2021-05-20 07:50:28	1	0	15	0
   108469	2021-05-20 07:50:37	1	0	15	0
    10129	2021-05-20 07:50:48	1	0	15	0
   108598	2021-05-20 07:51:03	1	0	15	0
   108472	2021-05-20 07:51:30	1	0	15	0
   108635	2021-05-20 07:52:18	1	0	15	0
   102542	2021-05-20 07:55:12	1	0	15	0
    10348	2021-05-20 07:56:33	1	0	15	0
    10348	2021-05-20 07:56:35	1	0	15	0
    10032	2021-05-20 07:57:18	1	0	15	0
   108579	2021-05-20 07:57:57	1	0	15	0
   108619	2021-05-20 07:58:11	1	0	15	0
   108611	2021-05-20 07:58:53	1	0	15	0
    10138	2021-05-20 07:59:17	1	0	15	0
   102544	2021-05-20 07:59:31	1	0	15	0
   108672	2021-05-20 08:00:25	1	0	15	0
   108672	2021-05-20 08:00:27	1	0	15	0
   108613	2021-05-20 08:02:59	1	0	15	0
   108666	2021-05-20 08:09:33	1	0	15	0
   500001	2021-05-20 08:12:57	1	0	15	0
   108591	2021-05-20 08:14:27	1	0	15	0
    10458	2021-05-20 08:25:37	1	0	15	0
   108515	2021-05-20 09:38:27	1	0	15	0
    10063	2021-05-20 15:03:02	1	0	15	0
   108630	2021-05-20 16:00:32	1	0	15	0
   108613	2021-05-20 16:00:47	1	0	15	0
   101437	2021-05-20 16:01:14	1	0	15	0
   102544	2021-05-20 16:01:35	1	0	15	0
   101437	2021-05-20 16:01:45	1	0	15	0
   101437	2021-05-20 16:01:47	1	0	15	0
   108533	2021-05-20 16:01:57	1	0	15	0
    10456	2021-05-20 16:02:17	1	1	15	0
   108538	2021-05-20 16:02:57	1	1	15	0
   108472	2021-05-20 16:03:08	1	1	15	0
    10356	2021-05-20 16:04:19	1	1	15	0
    10214	2021-05-20 16:04:35	1	1	15	0
    10278	2021-05-20 16:04:47	1	1	15	0
   108469	2021-05-20 16:08:10	1	1	15	0
    10348	2021-05-20 16:08:38	1	1	15	0
    10348	2021-05-20 16:08:41	1	1	15	0
    10228	2021-05-20 16:09:55	1	1	15	0
    10284	2021-05-20 16:10:15	1	1	15	0
   102542	2021-05-20 16:13:25	1	1	15	0
   108549	2021-05-20 16:22:30	1	1	15	0
    10138	2021-05-20 16:27:20	1	1	15	0
   108657	2021-05-20 17:01:04	1	1	15	0
   101451	2021-05-20 17:01:13	1	1	15	0
   108619	2021-05-20 17:01:36	1	1	15	0
   102526	2021-05-20 17:01:47	1	1	15	0
    10080	2021-05-20 17:01:53	1	1	15	0
    19980	2021-05-20 17:02:06	1	1	15	0
   108587	2021-05-20 17:02:30	1	1	15	0
   108568	2021-05-20 17:02:37	1	1	15	0
    10309	2021-05-20 17:03:05	1	1	15	0
   108670	2021-05-20 17:03:34	1	1	15	0
   108673	2021-05-20 17:03:41	1	1	15	0
   108579	2021-05-20 17:03:53	1	1	15	0
   108669	2021-05-20 17:04:06	1	1	15	0
   108669	2021-05-20 17:04:08	1	1	15	0
   108591	2021-05-20 17:04:17	1	1	15	0
   101432	2021-05-20 17:04:27	1	1	15	0
    10033	2021-05-20 17:04:38	1	1	15	0
    10221	2021-05-20 17:04:47	1	1	15	0
    10032	2021-05-20 17:04:57	1	1	15	0
   108611	2021-05-20 17:05:11	1	1	15	0
    10065	2021-05-20 17:05:17	1	1	15	0
    10065	2021-05-20 17:05:20	1	1	15	0
    10065	2021-05-20 17:05:29	1	1	15	0
   108515	2021-05-20 17:05:38	1	1	15	0
   500001	2021-05-20 17:05:53	1	1	15	0
   108635	2021-05-20 17:06:06	1	1	15	0
   108671	2021-05-20 17:06:31	1	1	15	0
   108585	2021-05-20 17:06:42	1	1	15	0
   108638	2021-05-20 17:07:08	1	1	15	0
   108636	2021-05-20 17:08:22	1	1	15	0
    10149	2021-05-20 17:08:31	1	1	15	0
   108556	2021-05-20 17:08:37	1	1	15	0
    10458	2021-05-20 17:10:10	1	1	15	0
    10025	2021-05-20 17:15:46	1	1	15	0
    10159	2021-05-20 17:16:59	1	1	15	0
   108667	2021-05-20 17:25:00	1	1	15	0
   108505	2021-05-20 17:42:39	1	1	15	0
   108672	2021-05-20 17:43:23	1	1	15	0
   108658	2021-05-20 17:44:44	1	1	15	0
   108610	2021-05-20 17:45:00	1	1	15	0
   108663	2021-05-20 17:45:10	1	1	15	0
   108598	2021-05-20 17:45:32	1	1	15	0
    10129	2021-05-20 18:18:14	1	1	15	0
   108666	2021-05-20 18:29:56	1	1	15	0
   108668	2021-05-20 18:33:01	1	1	15	0
   108523	2021-05-20 20:30:44	1	1	15	0
    10127	2021-05-20 23:43:56	1	1	15	0
   108662	2021-05-20 23:44:03	1	1	15	0
    10214	2021-05-21 03:28:46	1	1	15	0
    10214	2021-05-21 03:30:01	1	0	15	0
    10356	2021-05-21 03:30:20	1	0	15	0
    10348	2021-05-21 03:39:07	1	0	15	0
    10456	2021-05-21 06:03:42	1	0	15	0
    10456	2021-05-21 06:03:45	1	0	15	0
   101437	2021-05-21 06:15:26	1	0	15	0
   101437	2021-05-21 06:15:29	1	0	15	0
   102526	2021-05-21 06:23:07	1	0	15	0
   108617	2021-05-21 06:56:12	1	0	15	0
   108662	2021-05-21 07:03:53	1	0	15	0
   108657	2021-05-21 07:04:19	1	0	15	0
   108654	2021-05-21 07:04:28	1	0	15	0
   108587	2021-05-21 07:04:48	1	0	15	0
   108587	2021-05-21 07:04:50	1	0	15	0
   108593	2021-05-21 07:08:17	1	0	15	0
   108630	2021-05-21 07:11:37	1	0	15	0
   101451	2021-05-21 07:15:19	1	0	15	0
    10033	2021-05-21 07:18:08	1	0	15	0
   101432	2021-05-21 07:20:41	1	0	15	0
   108670	2021-05-21 07:21:27	1	0	15	0
   108523	2021-05-21 07:23:32	1	0	15	0
   108585	2021-05-21 07:24:32	1	0	15	0
    10065	2021-05-21 07:26:01	1	0	15	0
    10080	2021-05-21 07:27:00	1	0	15	0
   108472	2021-05-21 07:30:17	1	0	15	0
   108667	2021-05-21 07:30:46	1	0	15	0
   108538	2021-05-21 07:31:15	1	0	15	0
   108669	2021-05-21 07:34:50	1	0	15	0
   108658	2021-05-21 07:35:11	1	0	15	0
    10278	2021-05-21 07:35:24	1	0	15	0
   108568	2021-05-21 07:36:30	1	0	15	0
   108668	2021-05-21 07:38:08	1	0	15	0
    10159	2021-05-21 07:46:03	1	0	15	0
   108673	2021-05-21 07:47:06	1	0	15	0
    10309	2021-05-21 07:47:18	1	0	15	0
   108549	2021-05-21 07:48:07	1	0	15	0
   108635	2021-05-21 07:48:38	1	0	15	0
   108579	2021-05-21 07:49:14	1	0	15	0
    10228	2021-05-21 07:49:24	1	0	15	0
   102542	2021-05-21 07:49:36	1	0	15	0
   108663	2021-05-21 07:50:59	1	0	15	0
    10063	2021-05-21 07:51:38	1	0	15	0
   108610	2021-05-21 07:51:49	1	0	15	0
    10149	2021-05-21 07:51:58	1	0	15	0
   108671	2021-05-21 07:52:04	1	0	15	0
    10076	2021-05-21 07:52:16	1	0	15	0
    19980	2021-05-21 07:52:40	1	0	15	0
   108598	2021-05-21 07:53:19	1	0	15	0
    10221	2021-05-21 07:53:59	1	0	15	0
   108672	2021-05-21 07:54:59	1	0	15	0
   108672	2021-05-21 07:55:01	1	0	15	0
   108469	2021-05-21 07:55:20	1	0	15	0
    10284	2021-05-21 07:57:28	1	0	15	0
   108638	2021-05-21 07:57:49	1	0	15	0
   108619	2021-05-21 07:58:00	1	0	15	0
    10129	2021-05-21 07:58:41	1	0	15	0
   500001	2021-05-21 08:00:14	1	0	15	0
   108666	2021-05-21 08:01:14	1	0	15	0
    10032	2021-05-21 08:01:43	1	0	15	0
    10138	2021-05-21 08:06:51	1	0	15	0
   108611	2021-05-21 08:07:43	1	0	15	0
   102544	2021-05-21 08:07:51	1	0	15	0
   102544	2021-05-21 08:07:54	1	0	15	0
   102579	2021-05-21 08:13:09	1	0	15	0
    10127	2021-05-21 08:13:39	1	0	15	0
   108591	2021-05-21 08:18:25	1	0	15	0
   108613	2021-05-21 08:21:16	1	0	15	0
   108515	2021-05-21 09:00:37	1	0	15	0
   108585	2021-05-21 12:06:59	1	0	15	0
   108585	2021-05-21 12:07:01	1	0	15	0
    10356	2021-05-21 14:04:18	1	1	15	0
    10214	2021-05-21 14:04:24	1	1	15	0
    10348	2021-05-21 15:00:06	1	1	15	0
   102526	2021-05-21 16:00:12	1	1	15	0
   101437	2021-05-21 16:00:23	1	1	15	0
   108587	2021-05-21 16:02:36	1	1	15	0
    10284	2021-05-21 16:02:43	1	1	15	0
   108538	2021-05-21 16:02:54	1	1	15	0
    10309	2021-05-21 16:05:16	1	1	15	0
   108549	2021-05-21 16:06:32	1	1	15	0
   102542	2021-05-21 16:08:11	1	1	15	0
   101451	2021-05-21 16:08:41	1	1	15	0
    10228	2021-05-21 16:09:23	1	1	15	0
   108619	2021-05-21 16:10:04	1	1	15	0
   108472	2021-05-21 16:11:05	1	1	15	0
    10138	2021-05-21 16:12:14	1	1	15	0
    10456	2021-05-21 16:36:57	1	1	15	0
   500001	2021-05-21 16:46:52	1	1	15	0
    10278	2021-05-21 16:49:55	1	1	15	0
   108613	2021-05-21 17:00:13	1	1	15	0
   108657	2021-05-21 17:00:27	1	1	15	0
    10080	2021-05-21 17:00:47	1	1	15	0
   101432	2021-05-21 17:01:21	1	1	15	0
   108515	2021-05-21 17:01:58	1	1	15	0
   108670	2021-05-21 17:02:10	1	1	15	0
    10065	2021-05-21 17:02:36	1	1	15	0
   108669	2021-05-21 17:02:45	1	1	15	0
    10033	2021-05-21 17:03:15	1	1	15	0
   108591	2021-05-21 17:03:30	1	1	15	0
   108635	2021-05-21 17:03:39	1	1	15	0
   108673	2021-05-21 17:03:44	1	1	15	0
   108673	2021-05-21 17:03:46	1	1	15	0
   108505	2021-05-21 17:03:50	1	1	15	0
   108579	2021-05-21 17:03:58	1	1	15	0
    10032	2021-05-21 17:04:09	1	1	15	0
    19980	2021-05-21 17:04:18	1	1	15	0
    19980	2021-05-21 17:04:20	1	1	15	0
   108617	2021-05-21 17:04:33	1	1	15	0
   108611	2021-05-21 17:04:54	1	1	15	0
    10221	2021-05-21 17:06:29	1	1	15	0
   108638	2021-05-21 17:06:38	1	1	15	0
    10159	2021-05-21 17:06:57	1	1	15	0
   108668	2021-05-21 17:08:25	1	1	15	0
    10458	2021-05-21 17:12:51	1	1	15	0
   108568	2021-05-21 17:14:21	1	1	15	0
   108523	2021-05-21 17:26:24	1	1	15	0
   108610	2021-05-21 17:26:37	1	1	15	0
    10063	2021-05-21 17:27:02	1	1	15	0
   102579	2021-05-21 17:27:15	1	1	15	0
   108671	2021-05-21 17:30:03	1	1	15	0
   108672	2021-05-21 17:30:13	1	1	15	0
    10076	2021-05-21 17:31:27	1	1	15	0
    10149	2021-05-21 17:32:50	1	1	15	0
   108666	2021-05-21 17:34:31	1	1	15	0
   108630	2021-05-21 18:00:04	1	1	15	0
   102544	2021-05-21 18:00:09	1	1	15	0
   102544	2021-05-21 18:00:11	1	1	15	0
   108593	2021-05-21 18:00:18	1	1	15	0
   108469	2021-05-21 18:00:28	1	1	15	0
   108667	2021-05-21 18:27:30	1	1	15	0
    10129	2021-05-21 18:42:20	1	1	15	0
   108663	2021-05-21 20:35:51	1	1	15	0
   108598	2021-05-21 20:36:05	1	1	15	0
   108658	2021-05-21 20:36:22	1	1	15	0
    10127	2021-05-21 22:30:29	1	1	15	0
   108662	2021-05-21 22:30:40	1	1	15	0
   102526	2021-05-22 06:21:14	1	1	15	0
   108587	2021-05-22 07:04:45	1	1	15	0
    10278	2021-05-22 07:27:06	1	1	15	0
    10129	2021-05-22 07:35:34	1	1	15	0
   102542	2021-05-22 07:52:35	1	1	15	0
    10309	2021-05-22 07:52:45	1	1	15	0
    10278	2021-05-22 12:05:12	1	1	15	0
    10129	2021-05-22 12:05:31	1	1	15	0
   102526	2021-05-22 15:03:11	1	0	15	0
   108587	2021-05-22 16:02:17	1	0	15	0
    10309	2021-05-22 16:02:39	1	0	15	0
   102542	2021-05-22 16:06:03	1	0	15	0
    10456	2021-05-24 05:47:22	1	0	15	0
   108662	2021-05-24 06:08:25	1	0	15	0
   102526	2021-05-24 06:22:40	1	0	15	0
   101437	2021-05-24 06:34:58	1	0	15	0
   108654	2021-05-24 06:35:57	1	0	15	0
   108657	2021-05-24 06:36:09	1	0	15	0
    10214	2021-05-24 07:02:23	1	0	15	0
    10356	2021-05-24 07:02:49	1	0	15	0
   108469	2021-05-24 07:04:12	1	0	15	0
   108630	2021-05-24 07:10:41	1	0	15	0
   101451	2021-05-24 07:11:03	1	0	15	0
   108538	2021-05-24 07:12:29	1	0	15	0
    10159	2021-05-24 07:12:55	1	0	15	0
   108585	2021-05-24 07:19:04	1	0	15	0
   108585	2021-05-24 07:19:06	1	0	15	0
   108593	2021-05-24 07:19:36	1	0	15	0
   108556	2021-05-24 07:19:52	1	0	15	0
   108556	2021-05-24 07:19:54	1	0	15	0
   108667	2021-05-24 07:22:45	1	0	15	0
   102544	2021-05-24 07:24:10	1	0	15	0
    10080	2021-05-24 07:24:37	1	0	15	0
   108670	2021-05-24 07:28:34	1	0	15	0
   101432	2021-05-24 07:34:20	1	0	15	0
    10127	2021-05-24 07:37:51	1	0	15	0
   102542	2021-05-24 07:38:53	1	0	15	0
    10278	2021-05-24 07:40:43	1	0	15	0
    10221	2021-05-24 07:41:35	1	0	15	0
    10033	2021-05-24 07:41:57	1	0	15	0
   108673	2021-05-24 07:42:08	1	0	15	0
    10138	2021-05-24 07:42:18	1	0	15	0
   108610	2021-05-24 07:42:49	1	0	15	0
   108668	2021-05-24 07:43:04	1	0	15	0
    10025	2021-05-24 07:43:33	1	0	15	0
   108658	2021-05-24 07:43:50	1	0	15	0
   108669	2021-05-24 07:44:27	1	0	15	0
   108579	2021-05-24 07:44:42	1	0	15	0
   108663	2021-05-24 07:44:49	1	0	15	0
   108549	2021-05-24 07:44:56	1	0	15	0
    10348	2021-05-24 07:45:53	1	0	15	0
    10228	2021-05-24 07:47:24	1	0	15	0
    10065	2021-05-24 07:51:41	1	0	15	0
   108568	2021-05-24 07:52:07	1	0	15	0
   108619	2021-05-24 07:53:50	1	0	15	0
    10129	2021-05-24 07:56:02	1	0	15	0
    10284	2021-05-24 07:56:16	1	0	15	0
    10309	2021-05-24 07:56:30	1	0	15	0
   108613	2021-05-24 07:58:27	1	0	15	0
    10063	2021-05-24 07:59:48	1	0	15	0
    10149	2021-05-24 08:00:05	1	0	15	0
   108523	2021-05-24 08:00:11	1	0	15	0
   108671	2021-05-24 08:00:19	1	0	15	0
    10076	2021-05-24 08:00:29	1	0	15	0
   108672	2021-05-24 08:00:38	1	0	15	0
   108672	2021-05-24 08:00:41	1	0	15	0
   108638	2021-05-24 08:01:43	1	0	15	0
   108611	2021-05-24 08:04:35	1	0	15	0
   108666	2021-05-24 08:04:47	1	0	15	0
    19980	2021-05-24 08:05:50	1	0	15	0
    19980	2021-05-24 08:05:53	1	0	15	0
    10032	2021-05-24 08:06:01	1	0	15	0
   108635	2021-05-24 08:08:26	1	0	15	0
   108505	2021-05-24 08:16:33	1	0	15	0
    10458	2021-05-24 08:17:22	1	0	15	0
   108515	2021-05-24 08:37:39	1	0	15	0
   500001	2021-05-24 08:43:12	1	0	15	0
    10550	2021-05-24 12:16:33	1	0	15	0
   108591	2021-05-24 12:56:02	1	0	15	0
   108668	2021-05-24 15:08:14	1	0	15	0
   108469	2021-05-24 15:39:29	1	0	15	0
   108630	2021-05-24 16:00:06	1	0	15	0
   108593	2021-05-24 16:00:17	1	0	15	0
   101437	2021-05-24 16:00:26	1	0	15	0
   101437	2021-05-24 16:00:30	1	0	15	0
   101437	2021-05-24 16:00:33	1	0	15	0
   108533	2021-05-24 16:00:38	1	0	15	0
   102526	2021-05-24 16:00:46	1	0	15	0
   108657	2021-05-24 16:00:57	1	0	15	0
   108654	2021-05-24 16:01:07	1	0	15	0
    10356	2021-05-24 16:01:17	1	0	15	0
    10456	2021-05-24 16:01:35	1	0	15	0
    10214	2021-05-24 16:01:43	1	0	15	0
    10309	2021-05-24 16:01:54	1	0	15	0
   102544	2021-05-24 16:02:03	1	0	15	0
    10284	2021-05-24 16:02:15	1	0	15	0
   108549	2021-05-24 16:02:42	1	0	15	0
    10278	2021-05-24 16:03:31	1	0	15	0
    10138	2021-05-24 16:04:20	1	0	15	0
   102542	2021-05-24 16:05:43	1	0	15	0
   102542	2021-05-24 16:06:10	1	1	15	0
    10348	2021-05-24 16:06:20	1	1	15	0
   108538	2021-05-24 16:06:35	1	1	15	0
    10228	2021-05-24 16:09:44	1	1	15	0
   101432	2021-05-24 17:00:33	1	1	15	0
   108613	2021-05-24 17:00:49	1	1	15	0
   101451	2021-05-24 17:00:56	1	1	15	0
    10080	2021-05-24 17:01:04	1	1	15	0
   108619	2021-05-24 17:01:11	1	1	15	0
   108579	2021-05-24 17:01:25	1	1	15	0
    10550	2021-05-24 17:01:55	1	1	15	0
   108670	2021-05-24 17:02:03	1	1	15	0
    19980	2021-05-24 17:02:52	1	1	15	0
   108669	2021-05-24 17:03:27	1	1	15	0
   500001	2021-05-24 17:03:37	1	1	15	0
   108673	2021-05-24 17:03:49	1	1	15	0
   108505	2021-05-24 17:03:57	1	1	15	0
   108515	2021-05-24 17:04:08	1	1	15	0
   108635	2021-05-24 17:04:23	1	1	15	0
   108611	2021-05-24 17:05:19	1	1	15	0
    10033	2021-05-24 17:06:03	1	1	15	0
   108610	2021-05-24 17:06:24	1	1	15	0
    10025	2021-05-24 17:06:51	1	1	15	0
    10076	2021-05-24 17:07:46	1	1	15	0
   108671	2021-05-24 17:08:02	1	1	15	0
   108568	2021-05-24 17:08:09	1	1	15	0
   108556	2021-05-24 17:08:16	1	1	15	0
   108556	2021-05-24 17:08:19	1	1	15	0
   108585	2021-05-24 17:08:25	1	1	15	0
    10221	2021-05-24 17:08:45	1	1	15	0
    10065	2021-05-24 17:09:01	1	1	15	0
    10063	2021-05-24 17:09:45	1	1	15	0
    10149	2021-05-24 17:11:57	1	1	15	0
   108591	2021-05-24 17:13:38	1	1	15	0
   108591	2021-05-24 17:13:41	1	1	15	0
   108666	2021-05-24 17:14:21	1	1	15	0
    10159	2021-05-24 17:14:40	1	1	15	0
   108638	2021-05-24 17:14:51	1	1	15	0
    10032	2021-05-24 17:15:59	1	1	15	0
   108667	2021-05-24 17:18:46	1	1	15	0
   108672	2021-05-24 17:34:19	1	1	15	0
   108672	2021-05-24 17:34:21	1	1	15	0
    10458	2021-05-24 17:42:26	1	1	15	0
    10129	2021-05-24 18:22:57	1	1	15	0
   108523	2021-05-24 18:45:02	1	1	15	0
   108658	2021-05-24 21:00:35	1	1	15	0
   108663	2021-05-24 21:00:40	1	1	15	0
   108662	2021-05-24 22:44:34	1	1	15	0
    10127	2021-05-24 22:44:54	1	1	15	0
    10456	2021-05-25 05:48:33	1	0	15	0
   101437	2021-05-25 06:18:20	1	0	15	0
   102526	2021-05-25 06:27:50	1	0	15	0
   108662	2021-05-25 06:40:21	1	0	15	0
   108617	2021-05-25 06:50:20	1	0	15	0
   108549	2021-05-25 06:55:43	1	0	15	0
   108587	2021-05-25 07:00:38	1	0	15	0
    10214	2021-05-25 07:03:52	1	0	15	0
   108630	2021-05-25 07:04:06	1	0	15	0
    10356	2021-05-25 07:04:29	1	0	15	0
   108593	2021-05-25 07:08:45	1	0	15	0
   108657	2021-05-25 07:09:11	1	0	15	0
   108654	2021-05-25 07:09:25	1	0	15	0
   108523	2021-05-25 07:10:06	1	0	15	0
   101451	2021-05-25 07:10:32	1	0	15	0
   108585	2021-05-25 07:11:35	1	0	15	0
   108472	2021-05-25 07:15:00	1	0	15	0
   108670	2021-05-25 07:15:14	1	0	15	0
   108667	2021-05-25 07:19:07	1	0	15	0
    10080	2021-05-25 07:19:33	1	0	15	0
   108658	2021-05-25 07:24:11	1	0	15	0
    10127	2021-05-25 07:26:27	1	0	15	0
    10127	2021-05-25 07:26:30	1	0	15	0
   108568	2021-05-25 07:27:53	1	0	15	0
    10159	2021-05-25 07:28:32	1	0	15	0
   108556	2021-05-25 07:29:00	1	0	15	0
   102542	2021-05-25 07:33:34	1	0	15	0
   108672	2021-05-25 07:35:07	1	0	15	0
   108672	2021-05-25 07:35:10	1	0	15	0
    10065	2021-05-25 07:37:50	1	0	15	0
   108669	2021-05-25 07:38:12	1	0	15	0
   108663	2021-05-25 07:38:40	1	0	15	0
   108579	2021-05-25 07:40:13	1	0	15	0
   108579	2021-05-25 07:40:16	1	0	15	0
   108469	2021-05-25 07:40:56	1	0	15	0
    10278	2021-05-25 07:41:20	1	0	15	0
    10278	2021-05-25 07:41:22	1	0	15	0
   108635	2021-05-25 07:42:04	1	0	15	0
   101432	2021-05-25 07:42:17	1	0	15	0
   108538	2021-05-25 07:42:32	1	0	15	0
    10033	2021-05-25 07:43:14	1	0	15	0
    10033	2021-05-25 07:43:16	1	0	15	0
   108668	2021-05-25 07:43:30	1	0	15	0
   108673	2021-05-25 07:43:48	1	0	15	0
    10284	2021-05-25 07:44:11	1	0	15	0
    10550	2021-05-25 07:45:44	1	0	15	0
    10221	2021-05-25 07:46:42	1	0	15	0
    10025	2021-05-25 07:48:04	1	0	15	0
    10138	2021-05-25 07:49:39	1	0	15	0
    10063	2021-05-25 07:49:56	1	0	15	0
    10149	2021-05-25 07:50:03	1	0	15	0
    10149	2021-05-25 07:50:06	1	0	15	0
   108610	2021-05-25 07:50:15	1	0	15	0
   108671	2021-05-25 07:50:24	1	0	15	0
   108598	2021-05-25 07:50:52	1	0	15	0
    10076	2021-05-25 07:51:02	1	0	15	0
    19980	2021-05-25 07:51:31	1	0	15	0
    10228	2021-05-25 07:53:28	1	0	15	0
   108638	2021-05-25 07:54:10	1	0	15	0
    10348	2021-05-25 07:54:43	1	0	15	0
   108619	2021-05-25 07:57:14	1	0	15	0
    10309	2021-05-25 07:58:50	1	0	15	0
    10309	2021-05-25 07:58:52	1	0	15	0
   500001	2021-05-25 07:59:23	1	0	15	0
    10032	2021-05-25 08:00:03	1	0	15	0
    10129	2021-05-25 08:00:33	1	0	15	0
   108591	2021-05-25 08:04:09	1	0	15	0
   108505	2021-05-25 08:10:32	1	0	15	0
   108666	2021-05-25 08:12:06	1	0	15	0
   108611	2021-05-25 08:12:43	1	0	15	0
    10458	2021-05-25 08:22:21	1	0	15	0
   108515	2021-05-25 08:32:54	1	0	15	0
   102579	2021-05-25 15:09:35	1	0	15	0
   102579	2021-05-25 15:09:38	1	0	15	0
   101437	2021-05-25 16:01:52	1	1	15	0
    10284	2021-05-25 16:02:02	1	1	15	0
   108658	2021-05-25 16:02:10	1	1	15	0
   108472	2021-05-25 16:02:21	1	1	15	0
   108538	2021-05-25 16:02:29	1	1	15	0
   108533	2021-05-25 16:02:45	1	1	15	0
    10456	2021-05-25 16:02:57	1	1	15	0
   102526	2021-05-25 16:03:17	1	1	15	0
    10309	2021-05-25 16:04:42	1	1	15	0
   108549	2021-05-25 16:05:04	1	1	15	0
   108587	2021-05-25 16:05:15	1	1	15	0
    10278	2021-05-25 16:05:37	1	1	15	0
    10228	2021-05-25 16:07:36	1	1	15	0
   108469	2021-05-25 16:08:26	1	1	15	0
    10138	2021-05-25 16:10:30	1	1	15	0
   102542	2021-05-25 16:11:17	1	1	15	0
   108657	2021-05-25 17:00:24	1	1	15	0
   108654	2021-05-25 17:00:44	1	1	15	0
   108593	2021-05-25 17:00:52	1	1	15	0
   108630	2021-05-25 17:00:57	1	1	15	0
    10214	2021-05-25 17:01:11	1	1	15	0
    10080	2021-05-25 17:01:20	1	1	15	0
   108619	2021-05-25 17:01:31	1	1	15	0
    10356	2021-05-25 17:01:46	1	1	15	0
    10550	2021-05-25 17:01:53	1	1	15	0
   108670	2021-05-25 17:01:59	1	1	15	0
    10065	2021-05-25 17:02:07	1	1	15	0
   108617	2021-05-25 17:02:14	1	1	15	0
   108669	2021-05-25 17:02:48	1	1	15	0
   500001	2021-05-25 17:03:00	1	1	15	0
   108611	2021-05-25 17:03:11	1	1	15	0
    10221	2021-05-25 17:03:22	1	1	15	0
    10221	2021-05-25 17:03:24	1	1	15	0
    10033	2021-05-25 17:03:59	1	1	15	0
   108638	2021-05-25 17:04:26	1	1	15	0
   108515	2021-05-25 17:04:41	1	1	15	0
   108635	2021-05-25 17:04:52	1	1	15	0
    10025	2021-05-25 17:04:59	1	1	15	0
    19980	2021-05-25 17:05:11	1	1	15	0
    10032	2021-05-25 17:06:39	1	1	15	0
   108673	2021-05-25 17:07:34	1	1	15	0
   108505	2021-05-25 17:07:40	1	1	15	0
   108505	2021-05-25 17:07:42	1	1	15	0
   108579	2021-05-25 17:07:59	1	1	15	0
   108556	2021-05-25 17:09:14	1	1	15	0
    10159	2021-05-25 17:13:09	1	1	15	0
   108667	2021-05-25 17:14:38	1	1	15	0
   101432	2021-05-25 17:15:53	1	1	15	0
    10063	2021-05-25 17:16:57	1	1	15	0
   101451	2021-05-25 17:17:56	1	1	15	0
   108671	2021-05-25 17:18:14	1	1	15	0
   108672	2021-05-25 17:18:42	1	1	15	0
    10076	2021-05-25 17:19:27	1	1	15	0
   108568	2021-05-25 17:20:32	1	1	15	0
    10149	2021-05-25 17:23:04	1	1	15	0
   108585	2021-05-25 17:31:48	1	1	15	0
   108610	2021-05-25 17:32:33	1	1	15	0
   108663	2021-05-25 17:32:41	1	1	15	0
   108591	2021-05-25 17:33:11	1	1	15	0
    10458	2021-05-25 17:50:50	1	1	15	0
   108668	2021-05-25 18:03:49	1	1	15	0
   108523	2021-05-25 18:24:27	1	1	15	0
    10129	2021-05-25 18:25:15	1	1	15	0
   108666	2021-05-25 18:55:46	1	1	15	0
   108662	2021-05-25 20:05:33	1	1	15	0
    10127	2021-05-25 20:05:59	1	1	15	0
