    10456	2021-10-11 05:54:42	1	0	15	0
   101437	2021-10-11 06:07:45	1	0	15	0
   101437	2021-10-11 06:07:47	1	0	15	0
   102526	2021-10-11 06:29:11	1	0	15	0
   108617	2021-10-11 06:35:32	1	0	15	0
    10159	2021-10-11 06:40:00	1	0	15	0
   108662	2021-10-11 06:44:54	1	0	15	0
    10372	2021-10-11 06:49:19	1	0	15	0
    10214	2021-10-11 06:50:30	1	0	15	0
   108630	2021-10-11 06:57:08	1	0	15	0
    10356	2021-10-11 07:01:42	1	0	15	0
   108658	2021-10-11 07:04:04	1	0	15	0
   108635	2021-10-11 07:08:48	1	0	15	0
   108556	2021-10-11 07:09:06	1	0	15	0
   101451	2021-10-11 07:13:31	1	0	15	0
    10080	2021-10-11 07:14:46	1	0	15	0
   108587	2021-10-11 07:16:25	1	0	15	0
   108587	2021-10-11 07:16:27	1	0	15	0
    10324	2021-10-11 07:17:04	1	0	15	0
    10324	2021-10-11 07:17:06	1	0	15	0
    10033	2021-10-11 07:22:37	1	0	15	0
    10033	2021-10-11 07:22:39	1	0	15	0
   108533	2021-10-11 07:24:19	1	0	15	0
   108472	2021-10-11 07:26:56	1	0	15	0
   108673	2021-10-11 07:27:56	1	0	15	0
   108568	2021-10-11 07:30:57	1	0	15	0
   108593	2021-10-11 07:33:11	1	0	15	0
   108585	2021-10-11 07:33:22	1	0	15	0
   108523	2021-10-11 07:36:43	1	0	15	0
    10278	2021-10-11 07:36:56	1	0	15	0
   102542	2021-10-11 07:38:45	1	0	15	0
   108674	2021-10-11 07:38:59	1	0	15	0
   108669	2021-10-11 07:39:52	1	0	15	0
   108638	2021-10-11 07:40:00	1	0	15	0
    10065	2021-10-11 07:40:44	1	0	15	0
   108667	2021-10-11 07:40:55	1	0	15	0
   101432	2021-10-11 07:41:03	1	0	15	0
   101432	2021-10-11 07:41:06	1	0	15	0
   108610	2021-10-11 07:41:20	1	0	15	0
    10221	2021-10-11 07:42:49	1	0	15	0
    10025	2021-10-11 07:45:41	1	0	15	0
    10228	2021-10-11 07:46:16	1	0	15	0
   102544	2021-10-11 07:47:02	1	0	15	0
   108672	2021-10-11 07:51:45	1	0	15	0
    10348	2021-10-11 07:52:22	1	0	15	0
    10284	2021-10-11 07:53:03	1	0	15	0
   108619	2021-10-11 07:53:12	1	0	15	0
   108469	2021-10-11 07:54:09	1	0	15	0
    10129	2021-10-11 07:54:17	1	0	15	0
   108613	2021-10-11 07:54:26	1	0	15	0
   108489	2021-10-11 07:55:47	1	0	15	0
   102524	2021-10-11 07:56:25	1	0	15	0
   102524	2021-10-11 07:57:19	1	0	15	0
   108598	2021-10-11 07:57:33	1	0	15	0
   108579	2021-10-11 07:57:42	1	0	15	0
    10138	2021-10-11 08:01:06	1	0	15	0
    10309	2021-10-11 08:01:33	1	0	15	0
   108663	2021-10-11 08:05:07	1	0	15	0
    10063	2021-10-11 08:06:29	1	0	15	0
    10149	2021-10-11 08:06:36	1	0	15	0
   108671	2021-10-11 08:06:40	1	0	15	0
    10076	2021-10-11 08:06:52	1	0	15	0
    10458	2021-10-11 08:08:51	1	0	15	0
   108666	2021-10-11 08:09:31	1	0	15	0
   108666	2021-10-11 08:09:33	1	0	15	0
    19980	2021-10-11 08:11:11	1	0	15	0
    10032	2021-10-11 08:15:39	1	0	15	0
   102579	2021-10-11 08:18:46	1	0	15	0
   108611	2021-10-11 08:22:13	1	0	15	0
   108591	2021-10-11 08:22:42	1	0	15	0
   108549	2021-10-11 08:23:30	1	0	15	0
    10550	2021-10-11 08:23:57	1	0	15	0
    10550	2021-10-11 08:24:00	1	0	15	0
    10127	2021-10-11 08:28:06	1	0	15	0
   108515	2021-10-11 08:36:53	1	0	15	0
   500001	2021-10-11 08:40:33	1	0	15	0
   102544	2021-10-11 16:02:06	1	0	15	0
   108630	2021-10-11 16:03:17	1	0	15	0
   108472	2021-10-11 16:03:58	1	1	15	0
   108549	2021-10-11 16:04:03	1	1	15	0
    10228	2021-10-11 16:06:34	1	1	15	0
    10214	2021-10-11 16:06:49	1	1	15	0
    10356	2021-10-11 16:07:09	1	1	15	0
    10348	2021-10-11 16:09:13	1	1	15	0
    10456	2021-10-11 16:12:04	1	1	15	0
    10284	2021-10-11 16:13:10	1	1	15	0
    10278	2021-10-11 16:13:29	1	1	15	0
    10458	2021-10-11 17:00:30	1	1	15	0
   108593	2021-10-11 17:00:45	1	1	15	0
   108613	2021-10-11 17:01:07	1	1	15	0
   108654	2021-10-11 17:01:17	1	1	15	0
   108469	2021-10-11 17:01:26	1	1	15	0
    10080	2021-10-11 17:01:32	1	1	15	0
   108619	2021-10-11 17:01:40	1	1	15	0
   101451	2021-10-11 17:01:46	1	1	15	0
   101432	2021-10-11 17:01:55	1	1	15	0
   102524	2021-10-11 17:02:05	1	1	15	0
    10324	2021-10-11 17:02:10	1	1	15	0
    10324	2021-10-11 17:02:12	1	1	15	0
   101437	2021-10-11 17:02:19	1	1	15	0
   108489	2021-10-11 17:02:53	1	1	15	0
   108617	2021-10-11 17:03:05	1	1	15	0
    10372	2021-10-11 17:03:19	1	1	15	0
   108533	2021-10-11 17:03:27	1	1	15	0
   108611	2021-10-11 17:03:52	1	1	15	0
    19980	2021-10-11 17:04:09	1	1	15	0
   108568	2021-10-11 17:04:25	1	1	15	0
   108669	2021-10-11 17:04:47	1	1	15	0
    10033	2021-10-11 17:05:08	1	1	15	0
   108638	2021-10-11 17:05:20	1	1	15	0
   108673	2021-10-11 17:06:53	1	1	15	0
   108579	2021-10-11 17:07:02	1	1	15	0
   108663	2021-10-11 17:07:12	1	1	15	0
    10138	2021-10-11 17:07:34	1	1	15	0
   108556	2021-10-11 17:08:21	1	1	15	0
   108658	2021-10-11 17:08:30	1	1	15	0
   108598	2021-10-11 17:08:38	1	1	15	0
    10065	2021-10-11 17:09:35	1	1	15	0
    10065	2021-10-11 17:09:37	1	1	15	0
    10065	2021-10-11 17:09:44	1	1	15	0
    10065	2021-10-11 17:09:47	1	1	15	0
    10065	2021-10-11 17:09:54	1	1	15	0
    10025	2021-10-11 17:10:59	1	1	15	0
    10025	2021-10-11 17:11:01	1	1	15	0
    10221	2021-10-11 17:11:50	1	1	15	0
    10025	2021-10-11 17:12:43	1	1	15	0
   108585	2021-10-11 17:13:38	1	1	15	0
   108515	2021-10-11 17:17:22	1	1	15	0
   108610	2021-10-11 17:17:42	1	1	15	0
   108591	2021-10-11 17:17:48	1	1	15	0
   500001	2021-10-11 17:18:14	1	1	15	0
   108674	2021-10-11 17:18:43	1	1	15	0
    10063	2021-10-11 17:19:18	1	1	15	0
    10063	2021-10-11 17:19:20	1	1	15	0
   108666	2021-10-11 17:19:30	1	1	15	0
    10076	2021-10-11 17:20:00	1	1	15	0
    10149	2021-10-11 17:21:11	1	1	15	0
    10159	2021-10-11 17:24:50	1	1	15	0
    10032	2021-10-11 17:25:44	1	1	15	0
    10073	2021-10-11 17:25:59	1	1	15	0
   102542	2021-10-11 17:40:33	1	1	15	0
   108635	2021-10-11 17:44:26	1	1	15	0
   102579	2021-10-11 17:45:16	1	1	15	0
   108672	2021-10-11 17:49:51	1	1	15	0
    10129	2021-10-11 18:32:51	1	1	15	0
   102526	2021-10-11 19:00:04	1	1	15	0
    10309	2021-10-11 19:00:13	1	1	15	0
   108587	2021-10-11 19:00:23	1	1	15	0
    10127	2021-10-11 20:13:56	1	1	15	0
   108671	2021-10-11 21:29:46	1	1	15	0
   108667	2021-10-11 21:29:55	1	1	15	0
   108523	2021-10-11 21:30:01	1	1	15	0
   108662	2021-10-11 22:08:23	1	1	15	0
    10456	2021-10-12 05:52:32	1	0	15	0
   101437	2021-10-12 06:17:04	1	0	15	0
   101437	2021-10-12 06:17:07	1	0	15	0
   102526	2021-10-12 06:31:56	1	0	15	0
    10372	2021-10-12 06:56:49	1	0	15	0
    10214	2021-10-12 07:00:30	1	0	15	0
    10356	2021-10-12 07:00:57	1	0	15	0
   101451	2021-10-12 07:07:32	1	0	15	0
   108587	2021-10-12 07:09:50	1	0	15	0
   108630	2021-10-12 07:12:27	1	0	15	0
   108635	2021-10-12 07:14:45	1	0	15	0
   108556	2021-10-12 07:15:44	1	0	15	0
    10278	2021-10-12 07:18:56	1	0	15	0
   108658	2021-10-12 07:19:16	1	0	15	0
    10159	2021-10-12 07:19:38	1	0	15	0
   108533	2021-10-12 07:19:55	1	0	15	0
    10324	2021-10-12 07:22:09	1	0	15	0
    10324	2021-10-12 07:22:11	1	0	15	0
   108593	2021-10-12 07:22:51	1	0	15	0
   102542	2021-10-12 07:29:52	1	0	15	0
   108673	2021-10-12 07:29:58	1	0	15	0
   108568	2021-10-12 07:30:43	1	0	15	0
    10080	2021-10-12 07:30:59	1	0	15	0
   108638	2021-10-12 07:33:18	1	0	15	0
    10221	2021-10-12 07:34:47	1	0	15	0
   108585	2021-10-12 07:35:46	1	0	15	0
   108654	2021-10-12 07:35:58	1	0	15	0
    10025	2021-10-12 07:37:35	1	0	15	0
   108672	2021-10-12 07:38:08	1	0	15	0
   101432	2021-10-12 07:38:33	1	0	15	0
   108669	2021-10-12 07:39:50	1	0	15	0
   108472	2021-10-12 07:40:03	1	0	15	0
   108662	2021-10-12 07:40:32	1	0	15	0
   108671	2021-10-12 07:40:42	1	0	15	0
   108667	2021-10-12 07:40:48	1	0	15	0
    10127	2021-10-12 07:41:18	1	0	15	0
   108523	2021-10-12 07:42:12	1	0	15	0
   108538	2021-10-12 07:42:46	1	0	15	0
   102544	2021-10-12 07:43:18	1	0	15	0
    10033	2021-10-12 07:43:31	1	0	15	0
   108674	2021-10-12 07:47:58	1	0	15	0
   108469	2021-10-12 07:50:42	1	0	15	0
   108619	2021-10-12 07:51:10	1	0	15	0
    10284	2021-10-12 07:52:48	1	0	15	0
    10309	2021-10-12 07:54:38	1	0	15	0
    10065	2021-10-12 07:55:38	1	0	15	0
    10228	2021-10-12 07:56:15	1	0	15	0
   108579	2021-10-12 07:56:25	1	0	15	0
    10129	2021-10-12 07:58:59	1	0	15	0
   108666	2021-10-12 07:59:58	1	0	15	0
   108489	2021-10-12 08:01:02	1	0	15	0
   102524	2021-10-12 08:01:13	1	0	15	0
   108598	2021-10-12 08:01:21	1	0	15	0
    10138	2021-10-12 08:01:56	1	0	15	0
    10032	2021-10-12 08:02:25	1	0	15	0
   108591	2021-10-12 08:03:13	1	0	15	0
    10348	2021-10-12 08:03:30	1	0	15	0
   108611	2021-10-12 08:06:08	1	0	15	0
    19980	2021-10-12 08:08:56	1	0	15	0
    19980	2021-10-12 08:08:58	1	0	15	0
   108613	2021-10-12 08:12:34	1	0	15	0
    10458	2021-10-12 08:14:51	1	0	15	0
    10063	2021-10-12 08:21:17	1	0	15	0
    10149	2021-10-12 08:21:24	1	0	15	0
    10149	2021-10-12 08:21:27	1	0	15	0
   108610	2021-10-12 08:21:36	1	0	15	0
    10076	2021-10-12 08:21:46	1	0	15	0
   108663	2021-10-12 08:30:53	1	0	15	0
   102579	2021-10-12 08:46:35	1	0	15	0
   108515	2021-10-12 09:29:34	1	0	15	0
   500001	2021-10-12 09:34:57	1	0	15	0
    10550	2021-10-12 12:26:16	1	0	15	0
    10025	2021-10-12 15:01:58	1	1	15	0
   108593	2021-10-12 16:03:58	1	1	15	0
   108630	2021-10-12 16:04:04	1	1	15	0
   108538	2021-10-12 16:04:17	1	1	15	0
   102544	2021-10-12 16:04:29	1	1	15	0
    10309	2021-10-12 16:04:43	1	1	15	0
   108472	2021-10-12 16:04:50	1	1	15	0
    10284	2021-10-12 16:05:00	1	1	15	0
    10228	2021-10-12 16:05:31	1	1	15	0
    10550	2021-10-12 17:00:54	1	1	15	0
   108654	2021-10-12 17:01:08	1	1	15	0
    10458	2021-10-12 17:01:24	1	1	15	0
   101437	2021-10-12 17:01:31	1	1	15	0
   108568	2021-10-12 17:01:40	1	1	15	0
   108619	2021-10-12 17:01:46	1	1	15	0
    10372	2021-10-12 17:02:07	1	1	15	0
   101451	2021-10-12 17:02:13	1	1	15	0
   102524	2021-10-12 17:02:19	1	1	15	0
    10080	2021-10-12 17:02:25	1	1	15	0
    19980	2021-10-12 17:02:38	1	1	15	0
   101432	2021-10-12 17:03:08	1	1	15	0
    10221	2021-10-12 17:03:18	1	1	15	0
   108579	2021-10-12 17:03:28	1	1	15	0
    10065	2021-10-12 17:03:57	1	1	15	0
   108489	2021-10-12 17:04:18	1	1	15	0
   108610	2021-10-12 17:04:27	1	1	15	0
   108669	2021-10-12 17:04:37	1	1	15	0
    10033	2021-10-12 17:05:09	1	1	15	0
   108638	2021-10-12 17:05:28	1	1	15	0
    10138	2021-10-12 17:05:43	1	1	15	0
   108611	2021-10-12 17:06:54	1	1	15	0
   108673	2021-10-12 17:07:00	1	1	15	0
   108556	2021-10-12 17:07:09	1	1	15	0
   108658	2021-10-12 17:07:16	1	1	15	0
   108663	2021-10-12 17:07:22	1	1	15	0
   500001	2021-10-12 17:07:37	1	1	15	0
    10076	2021-10-12 17:10:25	1	1	15	0
   108585	2021-10-12 17:10:41	1	1	15	0
   108674	2021-10-12 17:12:37	1	1	15	0
   102579	2021-10-12 17:12:48	1	1	15	0
    10063	2021-10-12 17:13:25	1	1	15	0
   108613	2021-10-12 17:14:04	1	1	15	0
    10149	2021-10-12 17:15:55	1	1	15	0
   108598	2021-10-12 17:16:51	1	1	15	0
   108591	2021-10-12 17:17:04	1	1	15	0
   108469	2021-10-12 17:18:01	1	1	15	0
   108635	2021-10-12 17:27:19	1	1	15	0
    10159	2021-10-12 17:35:44	1	1	15	0
   108533	2021-10-12 18:00:32	1	1	15	0
   102542	2021-10-12 18:17:05	1	1	15	0
    10129	2021-10-12 18:44:54	1	1	15	0
    10456	2021-10-12 19:00:42	1	1	15	0
    10278	2021-10-12 19:01:51	1	1	15	0
   108666	2021-10-12 19:47:42	1	1	15	0
   108672	2021-10-12 20:05:31	1	1	15	0
    10127	2021-10-12 21:30:42	1	1	15	0
   108523	2021-10-12 21:41:50	1	1	15	0
    10032	2021-10-12 21:56:54	1	1	15	0
   108671	2021-10-12 23:06:56	1	1	15	0
   108667	2021-10-12 23:07:03	1	1	15	0
   108662	2021-10-12 23:07:09	1	1	15	0
    10456	2021-10-13 05:54:30	1	0	15	0
   101437	2021-10-13 06:12:57	1	0	15	0
   102526	2021-10-13 06:19:29	1	0	15	0
   108658	2021-10-13 06:21:34	1	0	15	0
   108662	2021-10-13 06:22:35	1	0	15	0
   108654	2021-10-13 06:41:33	1	0	15	0
   108617	2021-10-13 06:52:24	1	0	15	0
   108630	2021-10-13 06:54:35	1	0	15	0
   108533	2021-10-13 07:00:11	1	0	15	0
   102542	2021-10-13 07:00:20	1	0	15	0
   102542	2021-10-13 07:00:47	1	0	15	0
    10065	2021-10-13 07:02:18	1	0	15	0
    10372	2021-10-13 07:02:37	1	0	15	0
   108587	2021-10-13 07:03:32	1	0	15	0
   108587	2021-10-13 07:03:34	1	0	15	0
   101451	2021-10-13 07:05:41	1	0	15	0
    10159	2021-10-13 07:13:20	1	0	15	0
   108635	2021-10-13 07:16:27	1	0	15	0
   108613	2021-10-13 07:18:00	1	0	15	0
   108556	2021-10-13 07:21:01	1	0	15	0
    10278	2021-10-13 07:23:11	1	0	15	0
   108472	2021-10-13 07:23:18	1	0	15	0
   108593	2021-10-13 07:23:31	1	0	15	0
   108585	2021-10-13 07:26:47	1	0	15	0
   108671	2021-10-13 07:28:48	1	0	15	0
    10127	2021-10-13 07:29:00	1	0	15	0
    10080	2021-10-13 07:29:06	1	0	15	0
    10033	2021-10-13 07:29:12	1	0	15	0
   108667	2021-10-13 07:29:24	1	0	15	0
   108673	2021-10-13 07:30:26	1	0	15	0
   108638	2021-10-13 07:34:02	1	0	15	0
   108549	2021-10-13 07:34:25	1	0	15	0
   101432	2021-10-13 07:34:48	1	0	15	0
   108568	2021-10-13 07:35:40	1	0	15	0
    10221	2021-10-13 07:38:34	1	0	15	0
   108538	2021-10-13 07:40:04	1	0	15	0
    10228	2021-10-13 07:40:25	1	0	15	0
   108669	2021-10-13 07:40:40	1	0	15	0
   108663	2021-10-13 07:41:43	1	0	15	0
   102544	2021-10-13 07:42:31	1	0	15	0
   108674	2021-10-13 07:44:50	1	0	15	0
    10129	2021-10-13 07:46:52	1	0	15	0
   108619	2021-10-13 07:47:30	1	0	15	0
   108523	2021-10-13 07:48:38	1	0	15	0
    10138	2021-10-13 07:51:22	1	0	15	0
   108489	2021-10-13 07:54:49	1	0	15	0
   102524	2021-10-13 07:55:07	1	0	15	0
   108469	2021-10-13 07:55:24	1	0	15	0
   108610	2021-10-13 07:55:33	1	0	15	0
   108672	2021-10-13 07:56:02	1	0	15	0
    10284	2021-10-13 07:56:40	1	0	15	0
   108598	2021-10-13 07:58:33	1	0	15	0
   108579	2021-10-13 07:59:36	1	0	15	0
    10309	2021-10-13 08:01:19	1	0	15	0
    10063	2021-10-13 08:01:42	1	0	15	0
    10149	2021-10-13 08:01:50	1	0	15	0
    19980	2021-10-13 08:02:00	1	0	15	0
    10076	2021-10-13 08:02:09	1	0	15	0
   108666	2021-10-13 08:03:52	1	0	15	0
   108611	2021-10-13 08:10:28	1	0	15	0
    10458	2021-10-13 08:20:12	1	0	15	0
   108591	2021-10-13 08:20:19	1	0	15	0
   500001	2021-10-13 08:24:50	1	0	15	0
   108515	2021-10-13 08:27:13	1	0	15	0
    10550	2021-10-13 08:41:26	1	0	15	0
   102579	2021-10-13 09:03:48	1	0	15	0
    10073	2021-10-13 09:22:35	1	0	15	0
    10080	2021-10-13 12:01:48	1	0	15	0
    10033	2021-10-13 12:04:06	1	0	15	0
    10080	2021-10-13 13:28:00	1	0	15	0
    10348	2021-10-13 16:00:35	1	0	15	0
    10348	2021-10-13 16:00:52	1	1	15	0
   101437	2021-10-13 16:01:02	1	1	15	0
   108538	2021-10-13 16:01:11	1	1	15	0
   108593	2021-10-13 16:01:19	1	1	15	0
   108630	2021-10-13 16:01:33	1	1	15	0
   108619	2021-10-13 16:01:41	1	1	15	0
   108472	2021-10-13 16:01:54	1	1	15	0
   108654	2021-10-13 16:02:07	1	1	15	0
   101451	2021-10-13 16:02:33	1	1	15	0
    10278	2021-10-13 16:03:23	1	1	15	0
    10284	2021-10-13 16:04:11	1	1	15	0
    10372	2021-10-13 16:04:55	1	1	15	0
   102526	2021-10-13 16:05:18	1	1	15	0
   102544	2021-10-13 16:05:33	1	1	15	0
    10309	2021-10-13 16:06:49	1	1	15	0
   108587	2021-10-13 16:07:17	1	1	15	0
   108587	2021-10-13 16:07:20	1	1	15	0
    10228	2021-10-13 16:07:34	1	1	15	0
   108469	2021-10-13 16:20:54	1	1	15	0
   108613	2021-10-13 17:01:29	1	1	15	0
    10080	2021-10-13 17:01:45	1	1	15	0
    10550	2021-10-13 17:02:12	1	1	15	0
    10458	2021-10-13 17:02:20	1	1	15	0
   101432	2021-10-13 17:02:46	1	1	15	0
   108617	2021-10-13 17:02:58	1	1	15	0
    19980	2021-10-13 17:03:34	1	1	15	0
   108579	2021-10-13 17:04:17	1	1	15	0
   108673	2021-10-13 17:04:23	1	1	15	0
    10221	2021-10-13 17:04:48	1	1	15	0
    10065	2021-10-13 17:04:57	1	1	15	0
    10065	2021-10-13 17:04:59	1	1	15	0
    10065	2021-10-13 17:05:12	1	1	15	0
   108638	2021-10-13 17:05:20	1	1	15	0
   108669	2021-10-13 17:05:36	1	1	15	0
    10073	2021-10-13 17:06:10	1	1	15	0
   108489	2021-10-13 17:06:45	1	1	15	0
   108489	2021-10-13 17:06:48	1	1	15	0
   102524	2021-10-13 17:07:28	1	1	15	0
   108585	2021-10-13 17:08:42	1	1	15	0
   108611	2021-10-13 17:09:15	1	1	15	0
   500001	2021-10-13 17:14:45	1	1	15	0
   108591	2021-10-13 17:15:03	1	1	15	0
   108556	2021-10-13 17:16:20	1	1	15	0
   108515	2021-10-13 17:16:27	1	1	15	0
   108635	2021-10-13 17:23:06	1	1	15	0
   108658	2021-10-13 17:31:37	1	1	15	0
    10159	2021-10-13 17:36:34	1	1	15	0
   108674	2021-10-13 17:40:25	1	1	15	0
   108663	2021-10-13 17:45:26	1	1	15	0
   108598	2021-10-13 17:46:49	1	1	15	0
   102579	2021-10-13 18:02:12	1	1	15	0
    10129	2021-10-13 18:02:26	1	1	15	0
    10063	2021-10-13 18:18:36	1	1	15	0
   108568	2021-10-13 18:22:35	1	1	15	0
    10149	2021-10-13 18:30:49	1	1	15	0
    10076	2021-10-13 18:31:26	1	1	15	0
   108533	2021-10-13 19:00:33	1	1	15	0
   102542	2021-10-13 19:07:24	1	1	15	0
   108610	2021-10-13 19:38:50	1	1	15	0
   108666	2021-10-13 20:14:57	1	1	15	0
    10138	2021-10-13 21:19:32	1	1	15	0
    10138	2021-10-13 21:19:34	1	1	15	0
   108672	2021-10-13 22:07:05	1	1	15	0
   108523	2021-10-13 22:12:26	1	1	15	0
   108671	2021-10-13 22:27:51	1	1	15	0
   108667	2021-10-13 22:28:00	1	1	15	0
   108667	2021-10-13 22:28:03	1	1	15	0
    10127	2021-10-13 22:28:40	1	1	15	0
   108662	2021-10-13 22:28:49	1	1	15	0
    10456	2021-10-14 05:53:03	1	0	15	0
   101437	2021-10-14 06:08:08	1	0	15	0
   101437	2021-10-14 06:08:10	1	0	15	0
    10159	2021-10-14 06:10:11	1	0	15	0
   102526	2021-10-14 06:20:50	1	0	15	0
    10127	2021-10-14 06:30:06	1	0	15	0
   108658	2021-10-14 06:36:25	1	0	15	0
   108617	2021-10-14 06:43:06	1	0	15	0
   108630	2021-10-14 07:02:47	1	0	15	0
   101432	2021-10-14 07:03:59	1	0	15	0
   108587	2021-10-14 07:04:23	1	0	15	0
   108587	2021-10-14 07:04:25	1	0	15	0
   108533	2021-10-14 07:05:19	1	0	15	0
   108556	2021-10-14 07:09:56	1	0	15	0
    10065	2021-10-14 07:14:11	1	0	15	0
    10033	2021-10-14 07:15:03	1	0	15	0
   108635	2021-10-14 07:16:32	1	0	15	0
   102544	2021-10-14 07:21:04	1	0	15	0
   108610	2021-10-14 07:23:23	1	0	15	0
   108662	2021-10-14 07:23:44	1	0	15	0
   108593	2021-10-14 07:25:26	1	0	15	0
    10080	2021-10-14 07:26:58	1	0	15	0
   108638	2021-10-14 07:29:41	1	0	15	0
   108568	2021-10-14 07:30:34	1	0	15	0
    10025	2021-10-14 07:31:15	1	0	15	0
   108673	2021-10-14 07:32:20	1	0	15	0
    10278	2021-10-14 07:32:29	1	0	15	0
    10372	2021-10-14 07:32:36	1	0	15	0
    10372	2021-10-14 07:32:38	1	0	15	0
   108472	2021-10-14 07:33:04	1	0	15	0
   108674	2021-10-14 07:34:56	1	0	15	0
   102542	2021-10-14 07:35:06	1	0	15	0
   108585	2021-10-14 07:40:36	1	0	15	0
   108523	2021-10-14 07:42:20	1	0	15	0
   108671	2021-10-14 07:43:13	1	0	15	0
   108667	2021-10-14 07:43:25	1	0	15	0
   108619	2021-10-14 07:43:55	1	0	15	0
   108669	2021-10-14 07:44:18	1	0	15	0
    10221	2021-10-14 07:46:09	1	0	15	0
    10228	2021-10-14 07:48:24	1	0	15	0
    10129	2021-10-14 07:49:53	1	0	15	0
   108549	2021-10-14 07:50:05	1	0	15	0
   108489	2021-10-14 07:50:45	1	0	15	0
   102524	2021-10-14 07:50:52	1	0	15	0
   108538	2021-10-14 07:51:12	1	0	15	0
   108672	2021-10-14 07:54:59	1	0	15	0
   108663	2021-10-14 07:58:15	1	0	15	0
    19980	2021-10-14 07:58:22	1	0	15	0
    10309	2021-10-14 07:58:36	1	0	15	0
    10063	2021-10-14 08:00:49	1	0	15	0
    10149	2021-10-14 08:00:57	1	0	15	0
    10076	2021-10-14 08:01:06	1	0	15	0
   108598	2021-10-14 08:01:16	1	0	15	0
   108469	2021-10-14 08:01:24	1	0	15	0
   108579	2021-10-14 08:01:46	1	0	15	0
   108666	2021-10-14 08:04:11	1	0	15	0
   500001	2021-10-14 08:05:25	1	0	15	0
    10138	2021-10-14 08:07:14	1	0	15	0
    10550	2021-10-14 08:08:59	1	0	15	0
    10284	2021-10-14 08:15:50	1	0	15	0
   108611	2021-10-14 08:18:01	1	0	15	0
   108591	2021-10-14 08:21:06	1	0	15	0
   108613	2021-10-14 08:23:06	1	0	15	0
   102579	2021-10-14 08:37:54	1	0	15	0
    10073	2021-10-14 08:56:27	1	0	15	0
   108515	2021-10-14 08:56:34	1	0	15	0
    10063	2021-10-14 12:05:29	1	0	15	0
   102544	2021-10-14 16:00:49	1	0	15	0
   101437	2021-10-14 16:01:08	1	1	15	0
   108593	2021-10-14 16:01:24	1	1	15	0
   108538	2021-10-14 16:01:31	1	1	15	0
   108654	2021-10-14 16:01:37	1	1	15	0
   108630	2021-10-14 16:01:42	1	1	15	0
   108469	2021-10-14 16:03:04	1	1	15	0
    10228	2021-10-14 16:03:35	1	1	15	0
   102526	2021-10-14 16:03:47	1	1	15	0
   108587	2021-10-14 16:05:27	1	1	15	0
    10309	2021-10-14 16:07:17	1	1	15	0
    10284	2021-10-14 16:17:35	1	1	15	0
    10278	2021-10-14 16:18:17	1	1	15	0
    10456	2021-10-14 16:18:35	1	1	15	0
   108613	2021-10-14 17:01:13	1	1	15	0
    10080	2021-10-14 17:01:20	1	1	15	0
   500001	2021-10-14 17:01:44	1	1	15	0
   102524	2021-10-14 17:01:58	1	1	15	0
   108619	2021-10-14 17:02:05	1	1	15	0
   108489	2021-10-14 17:02:27	1	1	15	0
   108617	2021-10-14 17:02:42	1	1	15	0
    10372	2021-10-14 17:02:57	1	1	15	0
    10372	2021-10-14 17:02:59	1	1	15	0
    19980	2021-10-14 17:03:09	1	1	15	0
   101432	2021-10-14 17:03:20	1	1	15	0
    10458	2021-10-14 17:03:35	1	1	15	0
   108591	2021-10-14 17:03:44	1	1	15	0
   108591	2021-10-14 17:03:47	1	1	15	0
    10550	2021-10-14 17:04:02	1	1	15	0
   108579	2021-10-14 17:04:13	1	1	15	0
    10076	2021-10-14 17:04:23	1	1	15	0
    10025	2021-10-14 17:05:04	1	1	15	0
   108638	2021-10-14 17:05:28	1	1	15	0
    10073	2021-10-14 17:05:47	1	1	15	0
   108611	2021-10-14 17:06:01	1	1	15	0
    10221	2021-10-14 17:06:22	1	1	15	0
   108669	2021-10-14 17:06:38	1	1	15	0
    10033	2021-10-14 17:07:08	1	1	15	0
   108556	2021-10-14 17:07:32	1	1	15	0
    10065	2021-10-14 17:08:04	1	1	15	0
   108674	2021-10-14 17:08:39	1	1	15	0
   108585	2021-10-14 17:13:27	1	1	15	0
    10149	2021-10-14 17:14:04	1	1	15	0
   108568	2021-10-14 17:14:54	1	1	15	0
   108515	2021-10-14 17:18:40	1	1	15	0
   102579	2021-10-14 18:01:35	1	1	15	0
   108610	2021-10-14 18:09:50	1	1	15	0
   108663	2021-10-14 19:01:02	1	1	15	0
   108658	2021-10-14 19:01:09	1	1	15	0
   108598	2021-10-14 19:01:17	1	1	15	0
    10159	2021-10-14 19:09:40	1	1	15	0
    10129	2021-10-14 19:10:07	1	1	15	0
   108672	2021-10-14 19:10:17	1	1	15	0
   108671	2021-10-14 19:11:04	1	1	15	0
   108667	2021-10-14 19:11:14	1	1	15	0
   108523	2021-10-14 19:13:43	1	1	15	0
   108549	2021-10-14 19:30:48	1	1	15	0
    10138	2021-10-14 19:31:13	1	1	15	0
   108666	2021-10-14 20:20:36	1	1	15	0
   108533	2021-10-14 21:01:28	1	1	15	0
   102542	2021-10-14 21:01:44	1	1	15	0
    10127	2021-10-14 21:08:35	1	1	15	0
   108662	2021-10-14 21:08:45	1	1	15	0
   108673	2021-10-14 21:31:39	1	1	15	0
   108635	2021-10-14 21:31:48	1	1	15	0
   108472	2021-10-14 22:01:17	1	1	15	0
   108472	2021-10-14 22:01:20	1	1	15	0
    10214	2021-10-14 22:01:27	1	1	15	0
    10356	2021-10-14 22:01:52	1	1	15	0
    10356	2021-10-14 22:01:54	1	1	15	0
    10456	2021-10-15 05:55:47	1	0	15	0
   101437	2021-10-15 06:08:15	1	0	15	0
   102526	2021-10-15 06:30:02	1	0	15	0
   102542	2021-10-15 06:35:18	1	0	15	0
   108617	2021-10-15 06:42:56	1	0	15	0
    10372	2021-10-15 06:49:30	1	0	15	0
   102544	2021-10-15 06:55:48	1	0	15	0
   108533	2021-10-15 07:00:49	1	0	15	0
    10214	2021-10-15 07:08:49	1	0	15	0
    10356	2021-10-15 07:10:02	1	0	15	0
   108635	2021-10-15 07:12:28	1	0	15	0
   108673	2021-10-15 07:19:10	1	0	15	0
    10080	2021-10-15 07:21:36	1	0	15	0
   108663	2021-10-15 07:22:21	1	0	15	0
   108593	2021-10-15 07:25:50	1	0	15	0
    10278	2021-10-15 07:29:12	1	0	15	0
   108472	2021-10-15 07:29:39	1	0	15	0
    10065	2021-10-15 07:31:48	1	0	15	0
   108610	2021-10-15 07:33:49	1	0	15	0
    10033	2021-10-15 07:34:01	1	0	15	0
   108585	2021-10-15 07:34:13	1	0	15	0
    10025	2021-10-15 07:35:11	1	0	15	0
    10025	2021-10-15 07:35:13	1	0	15	0
    10159	2021-10-15 07:36:30	1	0	15	0
   108654	2021-10-15 07:36:38	1	0	15	0
   108638	2021-10-15 07:38:26	1	0	15	0
   108556	2021-10-15 07:39:02	1	0	15	0
   108674	2021-10-15 07:39:40	1	0	15	0
   108669	2021-10-15 07:39:57	1	0	15	0
    10228	2021-10-15 07:47:49	1	0	15	0
    10221	2021-10-15 07:48:41	1	0	15	0
   101432	2021-10-15 07:51:13	1	0	15	0
   108489	2021-10-15 07:51:30	1	0	15	0
   102524	2021-10-15 07:51:51	1	0	15	0
   108619	2021-10-15 07:52:51	1	0	15	0
    10284	2021-10-15 07:53:08	1	0	15	0
   108523	2021-10-15 07:53:33	1	0	15	0
   108538	2021-10-15 07:53:46	1	0	15	0
   108469	2021-10-15 07:54:09	1	0	15	0
   108672	2021-10-15 07:54:48	1	0	15	0
   108672	2021-10-15 07:54:50	1	0	15	0
   108568	2021-10-15 07:55:04	1	0	15	0
    10129	2021-10-15 07:55:19	1	0	15	0
   108667	2021-10-15 07:56:13	1	0	15	0
   108671	2021-10-15 07:56:23	1	0	15	0
    10127	2021-10-15 07:56:29	1	0	15	0
    10309	2021-10-15 07:58:15	1	0	15	0
    19980	2021-10-15 07:58:57	1	0	15	0
   108598	2021-10-15 07:59:16	1	0	15	0
   108579	2021-10-15 08:04:04	1	0	15	0
   108666	2021-10-15 08:04:56	1	0	15	0
    10138	2021-10-15 08:06:23	1	0	15	0
    10063	2021-10-15 08:11:57	1	0	15	0
    10149	2021-10-15 08:12:05	1	0	15	0
    10149	2021-10-15 08:12:07	1	0	15	0
    10076	2021-10-15 08:12:14	1	0	15	0
   500001	2021-10-15 08:12:21	1	0	15	0
   108613	2021-10-15 08:13:20	1	0	15	0
   108658	2021-10-15 08:22:16	1	0	15	0
   108662	2021-10-15 08:22:22	1	0	15	0
   108662	2021-10-15 08:22:24	1	0	15	0
   108549	2021-10-15 08:23:57	1	0	15	0
   108591	2021-10-15 08:24:06	1	0	15	0
   108611	2021-10-15 08:25:42	1	0	15	0
    10550	2021-10-15 08:27:27	1	0	15	0
   108515	2021-10-15 08:43:57	1	0	15	0
   102579	2021-10-15 08:47:14	1	0	15	0
    10073	2021-10-15 09:03:57	1	0	15	0
   102544	2021-10-15 14:39:47	1	0	15	0
   108654	2021-10-15 16:01:23	1	0	15	0
    10309	2021-10-15 16:01:31	1	0	15	0
   108613	2021-10-15 16:01:39	1	0	15	0
    10284	2021-10-15 16:01:48	1	0	15	0
   101437	2021-10-15 16:02:00	1	0	15	0
   102526	2021-10-15 16:02:21	1	1	15	0
   108538	2021-10-15 16:02:37	1	1	15	0
   108472	2021-10-15 16:02:50	1	1	15	0
    10372	2021-10-15 16:02:56	1	1	15	0
    10372	2021-10-15 16:02:59	1	1	15	0
   108593	2021-10-15 16:03:05	1	1	15	0
    10456	2021-10-15 16:03:14	1	1	15	0
    10456	2021-10-15 16:03:16	1	1	15	0
    10228	2021-10-15 16:05:50	1	1	15	0
    10278	2021-10-15 16:06:35	1	1	15	0
   108469	2021-10-15 16:06:44	1	1	15	0
   108619	2021-10-15 16:07:02	1	1	15	0
   108549	2021-10-15 16:50:21	1	1	15	0
    10138	2021-10-15 16:50:32	1	1	15	0
   108549	2021-10-15 17:00:10	1	1	15	0
    10080	2021-10-15 17:01:16	1	1	15	0
    10550	2021-10-15 17:01:34	1	1	15	0
    10073	2021-10-15 17:02:10	1	1	15	0
   108579	2021-10-15 17:02:16	1	1	15	0
   108617	2021-10-15 17:02:22	1	1	15	0
   108489	2021-10-15 17:02:29	1	1	15	0
    10033	2021-10-15 17:02:59	1	1	15	0
    19980	2021-10-15 17:03:25	1	1	15	0
    10065	2021-10-15 17:03:32	1	1	15	0
   108610	2021-10-15 17:03:41	1	1	15	0
   108523	2021-10-15 17:03:46	1	1	15	0
   108663	2021-10-15 17:03:53	1	1	15	0
   108598	2021-10-15 17:03:58	1	1	15	0
   108658	2021-10-15 17:04:07	1	1	15	0
   108591	2021-10-15 17:04:14	1	1	15	0
   108673	2021-10-15 17:04:19	1	1	15	0
   108638	2021-10-15 17:04:27	1	1	15	0
   102524	2021-10-15 17:04:38	1	1	15	0
   101432	2021-10-15 17:04:48	1	1	15	0
    10221	2021-10-15 17:05:29	1	1	15	0
   108669	2021-10-15 17:06:03	1	1	15	0
    10458	2021-10-15 17:06:25	1	1	15	0
    10025	2021-10-15 17:07:05	1	1	15	0
   108611	2021-10-15 17:07:17	1	1	15	0
    10356	2021-10-15 17:08:02	1	1	15	0
    10214	2021-10-15 17:08:37	1	1	15	0
   108585	2021-10-15 17:09:42	1	1	15	0
   108662	2021-10-15 17:11:04	1	1	15	0
   108556	2021-10-15 17:13:43	1	1	15	0
   500001	2021-10-15 17:22:47	1	1	15	0
    10159	2021-10-15 17:23:39	1	1	15	0
   108568	2021-10-15 17:32:20	1	1	15	0
   108635	2021-10-15 17:37:41	1	1	15	0
   108674	2021-10-15 17:38:12	1	1	15	0
   108671	2021-10-15 17:41:18	1	1	15	0
   102579	2021-10-15 17:42:57	1	1	15	0
    10076	2021-10-15 17:44:14	1	1	15	0
    10063	2021-10-15 17:44:45	1	1	15	0
   108672	2021-10-15 17:45:51	1	1	15	0
    10149	2021-10-15 17:46:36	1	1	15	0
    10127	2021-10-15 17:50:40	1	1	15	0
   108667	2021-10-15 17:50:50	1	1	15	0
    10129	2021-10-15 19:26:24	1	1	15	0
   108533	2021-10-15 20:01:23	1	1	15	0
   102542	2021-10-15 20:01:34	1	1	15	0
   108666	2021-10-15 21:44:41	1	1	15	0
   108515	2021-10-15 22:03:40	1	1	15	0
   101437	2021-10-16 06:14:01	1	0	15	0
    10456	2021-10-16 06:14:56	1	0	15	0
   102526	2021-10-16 06:22:49	1	0	15	0
   108630	2021-10-16 06:38:34	1	0	15	0
    10372	2021-10-16 06:44:54	1	0	15	0
    10214	2021-10-16 07:09:42	1	0	15	0
    10356	2021-10-16 07:10:34	1	0	15	0
   108533	2021-10-16 07:10:45	1	0	15	0
   108662	2021-10-16 07:17:40	1	0	15	0
   108593	2021-10-16 07:25:38	1	0	15	0
   108472	2021-10-16 07:27:16	1	0	15	0
   102542	2021-10-16 07:36:43	1	0	15	0
    10278	2021-10-16 07:37:15	1	0	15	0
    10138	2021-10-16 07:38:23	1	0	15	0
   101436	2021-10-16 07:38:29	1	0	15	0
   108549	2021-10-16 07:40:24	1	0	15	0
   108523	2021-10-16 07:44:41	1	0	15	0
    10033	2021-10-16 07:47:22	1	0	15	0
   108619	2021-10-16 07:54:12	1	0	15	0
   108538	2021-10-16 07:54:21	1	0	15	0
    10309	2021-10-16 07:54:37	1	0	15	0
   108469	2021-10-16 07:54:51	1	0	15	0
    19980	2021-10-16 07:58:40	1	0	15	0
   108672	2021-10-16 08:03:24	1	0	15	0
   108672	2021-10-16 08:03:26	1	0	15	0
   102544	2021-10-16 08:15:16	1	0	15	0
   102579	2021-10-16 08:23:16	1	0	15	0
   108667	2021-10-16 09:10:18	1	0	15	0
    10127	2021-10-16 09:10:24	1	0	15	0
    10127	2021-10-16 09:10:27	1	0	15	0
    10309	2021-10-16 16:00:08	1	1	15	0
   102526	2021-10-16 16:00:14	1	1	15	0
   102544	2021-10-16 16:00:27	1	1	15	0
   108654	2021-10-16 16:00:34	1	1	15	0
   108593	2021-10-16 16:00:42	1	1	15	0
    10214	2021-10-16 16:00:51	1	1	15	0
   108630	2021-10-16 16:00:56	1	1	15	0
    10456	2021-10-16 16:01:04	1	1	15	0
    10356	2021-10-16 16:01:14	1	1	15	0
   108472	2021-10-16 16:01:22	1	1	15	0
   108538	2021-10-16 16:01:45	1	1	15	0
   101437	2021-10-16 16:02:18	1	1	15	0
    10372	2021-10-16 16:03:03	1	1	15	0
   108619	2021-10-16 16:04:52	1	1	15	0
    10278	2021-10-16 16:05:26	1	1	15	0
   108469	2021-10-16 16:05:38	1	1	15	0
    10033	2021-10-16 16:06:15	1	1	15	0
    10138	2021-10-16 16:44:09	1	1	15	0
    10138	2021-10-16 16:44:11	1	1	15	0
   102579	2021-10-16 16:52:15	1	1	15	0
   108549	2021-10-16 17:00:13	1	1	15	0
   108533	2021-10-16 17:01:18	1	1	15	0
    10348	2021-10-16 17:01:26	1	1	15	0
    10348	2021-10-16 17:01:29	1	1	15	0
   108489	2021-10-16 17:02:25	1	1	15	0
   108667	2021-10-16 17:02:50	1	1	15	0
    10127	2021-10-16 17:03:01	1	1	15	0
    10127	2021-10-16 17:03:04	1	1	15	0
   108523	2021-10-16 17:03:08	1	1	15	0
   108662	2021-10-16 17:03:15	1	1	15	0
   108672	2021-10-16 17:03:38	1	1	15	0
    19980	2021-10-16 17:05:12	1	1	15	0
   102542	2021-10-16 17:09:29	1	1	15	0
   108533	2021-10-17 06:45:41	1	1	15	0
   102542	2021-10-17 06:54:19	1	1	15	0
   102542	2021-10-17 16:01:33	1	1	15	0
   108533	2021-10-17 16:01:53	1	1	15	0
    10456	2021-10-18 06:12:48	1	0	15	0
   101437	2021-10-18 06:14:00	1	0	15	0
    10159	2021-10-18 06:32:34	1	0	15	0
   102526	2021-10-18 06:36:50	1	0	15	0
    10214	2021-10-18 06:41:12	1	0	15	0
    10356	2021-10-18 06:41:49	1	0	15	0
   108617	2021-10-18 06:44:24	1	0	15	0
   108538	2021-10-18 06:45:46	1	0	15	0
    10278	2021-10-18 06:49:46	1	0	15	0
   108630	2021-10-18 07:07:02	1	0	15	0
   108635	2021-10-18 07:09:48	1	0	15	0
   108587	2021-10-18 07:09:57	1	0	15	0
   108587	2021-10-18 07:09:59	1	0	15	0
    10372	2021-10-18 07:11:29	1	0	15	0
   101451	2021-10-18 07:18:00	1	0	15	0
   108593	2021-10-18 07:20:42	1	0	15	0
   108556	2021-10-18 07:21:37	1	0	15	0
    10065	2021-10-18 07:21:53	1	0	15	0
    10033	2021-10-18 07:24:58	1	0	15	0
   108663	2021-10-18 07:27:25	1	0	15	0
   108585	2021-10-18 07:27:40	1	0	15	0
    10080	2021-10-18 07:28:15	1	0	15	0
   102542	2021-10-18 07:33:08	1	0	15	0
   108654	2021-10-18 07:34:10	1	0	15	0
   108472	2021-10-18 07:36:16	1	0	15	0
    10025	2021-10-18 07:36:25	1	0	15	0
   108662	2021-10-18 07:39:02	1	0	15	0
   108638	2021-10-18 07:41:46	1	0	15	0
   108674	2021-10-18 07:42:06	1	0	15	0
    10221	2021-10-18 07:42:53	1	0	15	0
   108610	2021-10-18 07:43:00	1	0	15	0
   108669	2021-10-18 07:43:47	1	0	15	0
    10129	2021-10-18 07:44:48	1	0	15	0
   108667	2021-10-18 07:45:25	1	0	15	0
    10138	2021-10-18 07:50:32	1	0	15	0
    10228	2021-10-18 07:52:05	1	0	15	0
    19980	2021-10-18 07:52:24	1	0	15	0
   108619	2021-10-18 07:53:09	1	0	15	0
   108568	2021-10-18 07:54:40	1	0	15	0
   108658	2021-10-18 07:55:02	1	0	15	0
   108489	2021-10-18 07:55:09	1	0	15	0
   102524	2021-10-18 07:55:20	1	0	15	0
   101432	2021-10-18 07:56:43	1	0	15	0
    10309	2021-10-18 08:00:54	1	0	15	0
   108469	2021-10-18 08:01:16	1	0	15	0
   500001	2021-10-18 08:02:56	1	0	15	0
    10284	2021-10-18 08:03:46	1	0	15	0
   108598	2021-10-18 08:04:16	1	0	15	0
   108579	2021-10-18 08:06:04	1	0	15	0
   102544	2021-10-18 08:07:07	1	0	15	0
   108672	2021-10-18 08:07:26	1	0	15	0
   108611	2021-10-18 08:07:34	1	0	15	0
    10348	2021-10-18 08:10:28	1	0	15	0
    10063	2021-10-18 08:11:19	1	0	15	0
    10149	2021-10-18 08:11:25	1	0	15	0
    10076	2021-10-18 08:11:31	1	0	15	0
   108673	2021-10-18 08:11:36	1	0	15	0
   108523	2021-10-18 08:11:46	1	0	15	0
   108591	2021-10-18 08:11:55	1	0	15	0
   108613	2021-10-18 08:14:48	1	0	15	0
   108666	2021-10-18 08:19:48	1	0	15	0
   108549	2021-10-18 08:24:46	1	0	15	0
   102579	2021-10-18 08:42:37	1	0	15	0
    10127	2021-10-18 08:50:09	1	0	15	0
    10073	2021-10-18 09:17:01	1	0	15	0
    10550	2021-10-18 12:15:01	1	0	15	0
   108678	2021-10-18 14:23:44	1	0	15	0
   108678	2021-10-18 14:23:47	1	0	15	0
   108678	2021-10-18 14:23:49	1	0	15	0
   108677	2021-10-18 14:25:07	1	0	15	0
   108677	2021-10-18 14:25:10	1	0	15	0
   108677	2021-10-18 14:25:13	1	0	15	0
   108672	2021-10-18 15:07:00	1	0	15	0
   102526	2021-10-18 16:01:10	1	0	15	0
   108472	2021-10-18 16:01:47	1	1	15	0
    10309	2021-10-18 16:02:31	1	1	15	0
    10278	2021-10-18 16:02:42	1	1	15	0
    10456	2021-10-18 16:02:48	1	1	15	0
   108469	2021-10-18 16:03:37	1	1	15	0
    10284	2021-10-18 16:03:49	1	1	15	0
   101437	2021-10-18 16:03:59	1	1	15	0
   102544	2021-10-18 16:04:07	1	1	15	0
   108619	2021-10-18 16:04:48	1	1	15	0
    10228	2021-10-18 16:06:50	1	1	15	0
   108593	2021-10-18 16:07:02	1	1	15	0
    10356	2021-10-18 16:33:34	1	1	15	0
   108538	2021-10-18 16:33:49	1	1	15	0
    10214	2021-10-18 16:33:56	1	1	15	0
    10080	2021-10-18 17:00:52	1	1	15	0
   108654	2021-10-18 17:01:00	1	1	15	0
   108613	2021-10-18 17:01:08	1	1	15	0
   108630	2021-10-18 17:01:20	1	1	15	0
   102524	2021-10-18 17:01:38	1	1	15	0
   500001	2021-10-18 17:02:06	1	1	15	0
    10372	2021-10-18 17:02:13	1	1	15	0
   108587	2021-10-18 17:02:21	1	1	15	0
   108617	2021-10-18 17:02:34	1	1	15	0
   108489	2021-10-18 17:02:44	1	1	15	0
    10458	2021-10-18 17:02:58	1	1	15	0
    10550	2021-10-18 17:03:10	1	1	15	0
   108611	2021-10-18 17:03:27	1	1	15	0
    19980	2021-10-18 17:04:05	1	1	15	0
   108673	2021-10-18 17:04:10	1	1	15	0
   108677	2021-10-18 17:04:27	1	1	15	0
   108677	2021-10-18 17:04:29	1	1	15	0
   108579	2021-10-18 17:04:35	1	1	15	0
   108591	2021-10-18 17:04:44	1	1	15	0
   108669	2021-10-18 17:04:55	1	1	15	0
    10033	2021-10-18 17:05:05	1	1	15	0
    10221	2021-10-18 17:05:19	1	1	15	0
   101432	2021-10-18 17:05:27	1	1	15	0
    10025	2021-10-18 17:05:53	1	1	15	0
   108556	2021-10-18 17:06:04	1	1	15	0
   108598	2021-10-18 17:06:33	1	1	15	0
   108663	2021-10-18 17:06:40	1	1	15	0
   108658	2021-10-18 17:06:48	1	1	15	0
   108585	2021-10-18 17:06:57	1	1	15	0
    10073	2021-10-18 17:07:31	1	1	15	0
   108638	2021-10-18 17:07:45	1	1	15	0
   108662	2021-10-18 17:09:37	1	1	15	0
    10065	2021-10-18 17:11:02	1	1	15	0
   108667	2021-10-18 17:11:14	1	1	15	0
    10159	2021-10-18 17:12:28	1	1	15	0
   108568	2021-10-18 17:16:27	1	1	15	0
   108674	2021-10-18 17:18:20	1	1	15	0
   108610	2021-10-18 17:18:47	1	1	15	0
    10063	2021-10-18 17:20:07	1	1	15	0
    10076	2021-10-18 17:21:33	1	1	15	0
    10127	2021-10-18 17:22:18	1	1	15	0
   108523	2021-10-18 17:22:27	1	1	15	0
    10149	2021-10-18 17:23:58	1	1	15	0
   102542	2021-10-18 17:27:10	1	1	15	0
   108635	2021-10-18 17:33:25	1	1	15	0
   102579	2021-10-18 17:56:40	1	1	15	0
    10129	2021-10-18 18:40:56	1	1	15	0
   108549	2021-10-18 19:16:04	1	1	15	0
   108666	2021-10-18 19:30:03	1	1	15	0
    10138	2021-10-18 20:13:25	1	1	15	0
    10356	2021-10-19 03:06:42	1	0	15	0
    10214	2021-10-19 03:06:49	1	0	15	0
    10214	2021-10-19 03:06:52	1	0	15	0
   108538	2021-10-19 03:44:52	1	0	15	0
   108638	2021-10-19 05:53:11	1	0	15	0
    10456	2021-10-19 06:01:42	1	0	15	0
   101437	2021-10-19 06:13:34	1	0	15	0
   102526	2021-10-19 06:17:25	1	0	15	0
   102526	2021-10-19 06:17:27	1	0	15	0
   102526	2021-10-19 06:17:35	1	0	15	0
   108617	2021-10-19 06:44:49	1	0	15	0
    10065	2021-10-19 06:49:57	1	0	15	0
    10065	2021-10-19 06:50:00	1	0	15	0
    10065	2021-10-19 06:50:07	1	0	15	0
    10372	2021-10-19 06:54:00	1	0	15	0
   101451	2021-10-19 07:07:01	1	0	15	0
   108593	2021-10-19 07:09:16	1	0	15	0
   108635	2021-10-19 07:09:52	1	0	15	0
   108587	2021-10-19 07:10:07	1	0	15	0
   108587	2021-10-19 07:10:09	1	0	15	0
   108591	2021-10-19 07:10:50	1	0	15	0
   108658	2021-10-19 07:15:50	1	0	15	0
   108662	2021-10-19 07:19:47	1	0	15	0
    10080	2021-10-19 07:21:18	1	0	15	0
    10033	2021-10-19 07:21:33	1	0	15	0
    10159	2021-10-19 07:22:59	1	0	15	0
   108556	2021-10-19 07:23:59	1	0	15	0
   108585	2021-10-19 07:28:23	1	0	15	0
    10278	2021-10-19 07:28:57	1	0	15	0
   108472	2021-10-19 07:30:18	1	0	15	0
   108568	2021-10-19 07:30:39	1	0	15	0
   108610	2021-10-19 07:31:58	1	0	15	0
   108673	2021-10-19 07:33:51	1	0	15	0
   108677	2021-10-19 07:33:59	1	0	15	0
   108677	2021-10-19 07:34:01	1	0	15	0
   108663	2021-10-19 07:34:54	1	0	15	0
    10221	2021-10-19 07:38:34	1	0	15	0
   108669	2021-10-19 07:41:08	1	0	15	0
    10025	2021-10-19 07:42:13	1	0	15	0
   102542	2021-10-19 07:42:29	1	0	15	0
   108667	2021-10-19 07:43:48	1	0	15	0
   108678	2021-10-19 07:44:02	1	0	15	0
   108674	2021-10-19 07:45:27	1	0	15	0
   108672	2021-10-19 07:48:04	1	0	15	0
    10309	2021-10-19 07:48:44	1	0	15	0
   101432	2021-10-19 07:51:39	1	0	15	0
   108489	2021-10-19 07:51:48	1	0	15	0
   108489	2021-10-19 07:51:50	1	0	15	0
   102524	2021-10-19 07:51:57	1	0	15	0
    10129	2021-10-19 07:52:35	1	0	15	0
   108523	2021-10-19 07:52:46	1	0	15	0
   108598	2021-10-19 07:52:54	1	0	15	0
   108469	2021-10-19 07:55:53	1	0	15	0
    10284	2021-10-19 07:57:42	1	0	15	0
    10228	2021-10-19 07:57:59	1	0	15	0
   108579	2021-10-19 07:58:22	1	0	15	0
   108619	2021-10-19 07:59:28	1	0	15	0
    19980	2021-10-19 08:00:55	1	0	15	0
   108666	2021-10-19 08:01:03	1	0	15	0
   108611	2021-10-19 08:02:30	1	0	15	0
    10138	2021-10-19 08:02:45	1	0	15	0
    10348	2021-10-19 08:08:16	1	0	15	0
    10149	2021-10-19 08:10:37	1	0	15	0
    10127	2021-10-19 08:10:46	1	0	15	0
   108671	2021-10-19 08:10:55	1	0	15	0
    10076	2021-10-19 08:11:09	1	0	15	0
    10073	2021-10-19 08:30:08	1	0	15	0
   102579	2021-10-19 08:48:06	1	0	15	0
   500001	2021-10-19 08:58:11	1	0	15	0
   102544	2021-10-19 09:00:35	1	0	15	0
   108515	2021-10-19 09:15:08	1	0	15	0
    10063	2021-10-19 09:19:33	1	0	15	0
    10025	2021-10-19 12:03:06	1	0	15	0
    10356	2021-10-19 13:01:41	1	1	15	0
    10214	2021-10-19 13:01:51	1	1	15	0
   108538	2021-10-19 13:02:05	1	1	15	0
   102526	2021-10-19 16:01:44	1	1	15	0
   108472	2021-10-19 16:01:59	1	1	15	0
   108587	2021-10-19 16:02:10	1	1	15	0
   108587	2021-10-19 16:02:12	1	1	15	0
   101437	2021-10-19 16:02:25	1	1	15	0
    10309	2021-10-19 16:02:51	1	1	15	0
    10278	2021-10-19 16:03:22	1	1	15	0
    10284	2021-10-19 16:04:00	1	1	15	0
    10456	2021-10-19 16:04:10	1	1	15	0
    10228	2021-10-19 16:07:20	1	1	15	0
   108469	2021-10-19 16:07:53	1	1	15	0
    10372	2021-10-19 16:12:18	1	1	15	0
   102544	2021-10-19 17:00:53	1	1	15	0
   108593	2021-10-19 17:01:19	1	1	15	0
    10080	2021-10-19 17:01:25	1	1	15	0
   101432	2021-10-19 17:01:43	1	1	15	0
   102524	2021-10-19 17:01:53	1	1	15	0
   101451	2021-10-19 17:02:01	1	1	15	0
   108617	2021-10-19 17:02:16	1	1	15	0
    10458	2021-10-19 17:02:24	1	1	15	0
   108674	2021-10-19 17:02:47	1	1	15	0
    10221	2021-10-19 17:03:00	1	1	15	0
   108669	2021-10-19 17:03:16	1	1	15	0
    10033	2021-10-19 17:03:55	1	1	15	0
   108611	2021-10-19 17:04:25	1	1	15	0
   108568	2021-10-19 17:04:47	1	1	15	0
    10073	2021-10-19 17:05:16	1	1	15	0
   108579	2021-10-19 17:05:24	1	1	15	0
    19980	2021-10-19 17:05:35	1	1	15	0
   108673	2021-10-19 17:05:42	1	1	15	0
   108677	2021-10-19 17:05:49	1	1	15	0
   108678	2021-10-19 17:06:00	1	1	15	0
   108585	2021-10-19 17:06:09	1	1	15	0
   108489	2021-10-19 17:06:34	1	1	15	0
    10065	2021-10-19 17:06:50	1	1	15	0
   108672	2021-10-19 17:07:25	1	1	15	0
   108556	2021-10-19 17:08:10	1	1	15	0
   108598	2021-10-19 17:08:49	1	1	15	0
   108638	2021-10-19 17:09:38	1	1	15	0
   108591	2021-10-19 17:09:44	1	1	15	0
   108658	2021-10-19 17:09:51	1	1	15	0
   108663	2021-10-19 17:09:57	1	1	15	0
   108663	2021-10-19 17:10:00	1	1	15	0
   108523	2021-10-19 17:10:03	1	1	15	0
   500001	2021-10-19 17:17:05	1	1	15	0
   108667	2021-10-19 17:19:26	1	1	15	0
   108667	2021-10-19 17:19:28	1	1	15	0
   108671	2021-10-19 17:20:55	1	1	15	0
    10159	2021-10-19 17:28:56	1	1	15	0
   108515	2021-10-19 17:31:32	1	1	15	0
   108635	2021-10-19 17:31:55	1	1	15	0
   108619	2021-10-19 17:32:20	1	1	15	0
   108610	2021-10-19 17:35:34	1	1	15	0
   108610	2021-10-19 17:35:37	1	1	15	0
    10063	2021-10-19 17:38:07	1	1	15	0
   102579	2021-10-19 17:38:33	1	1	15	0
    10076	2021-10-19 17:39:18	1	1	15	0
   108666	2021-10-19 17:39:39	1	1	15	0
   102542	2021-10-19 17:40:58	1	1	15	0
    10149	2021-10-19 17:42:39	1	1	15	0
    10138	2021-10-19 18:01:44	1	1	15	0
    10348	2021-10-19 18:01:51	1	1	15	0
    10348	2021-10-19 18:01:54	1	1	15	0
    10129	2021-10-19 19:04:31	1	1	15	0
   108662	2021-10-19 19:49:45	1	1	15	0
   108662	2021-10-19 19:49:48	1	1	15	0
    10127	2021-10-19 19:49:54	1	1	15	0
    10456	2021-10-20 05:58:32	1	0	15	0
   101437	2021-10-20 06:12:29	1	0	15	0
   101437	2021-10-20 06:12:32	1	0	15	0
   102526	2021-10-20 06:22:53	1	0	15	0
   108617	2021-10-20 06:44:49	1	0	15	0
    10372	2021-10-20 06:50:47	1	0	15	0
    10214	2021-10-20 06:58:41	1	0	15	0
    10356	2021-10-20 06:58:56	1	0	15	0
    10065	2021-10-20 06:59:20	1	0	15	0
   108556	2021-10-20 06:59:45	1	0	15	0
   108556	2021-10-20 06:59:47	1	0	15	0
   108630	2021-10-20 07:01:59	1	0	15	0
   108533	2021-10-20 07:04:42	1	0	15	0
   108654	2021-10-20 07:05:45	1	0	15	0
   101451	2021-10-20 07:07:21	1	0	15	0
   108549	2021-10-20 07:08:28	1	0	15	0
   108635	2021-10-20 07:13:31	1	0	15	0
   108638	2021-10-20 07:19:53	1	0	15	0
   108662	2021-10-20 07:21:39	1	0	15	0
   102542	2021-10-20 07:26:55	1	0	15	0
   108472	2021-10-20 07:27:38	1	0	15	0
   108593	2021-10-20 07:27:49	1	0	15	0
    10033	2021-10-20 07:30:12	1	0	15	0
    10080	2021-10-20 07:30:34	1	0	15	0
   108673	2021-10-20 07:31:59	1	0	15	0
   108677	2021-10-20 07:32:11	1	0	15	0
   108677	2021-10-20 07:32:13	1	0	15	0
   108585	2021-10-20 07:32:28	1	0	15	0
    10159	2021-10-20 07:32:42	1	0	15	0
    10278	2021-10-20 07:34:04	1	0	15	0
    10127	2021-10-20 07:34:56	1	0	15	0
   108568	2021-10-20 07:35:48	1	0	15	0
   101432	2021-10-20 07:37:30	1	0	15	0
   108658	2021-10-20 07:37:37	1	0	15	0
   108671	2021-10-20 07:37:44	1	0	15	0
   108667	2021-10-20 07:38:01	1	0	15	0
   108587	2021-10-20 07:39:06	1	0	15	0
   108669	2021-10-20 07:39:25	1	0	15	0
   108610	2021-10-20 07:39:54	1	0	15	0
    10228	2021-10-20 07:40:18	1	0	15	0
   102544	2021-10-20 07:40:37	1	0	15	0
   108678	2021-10-20 07:43:40	1	0	15	0
   108678	2021-10-20 07:43:42	1	0	15	0
    10025	2021-10-20 07:45:24	1	0	15	0
    10129	2021-10-20 07:45:57	1	0	15	0
   108598	2021-10-20 07:46:41	1	0	15	0
   108523	2021-10-20 07:46:47	1	0	15	0
    10550	2021-10-20 07:46:59	1	0	15	0
   108663	2021-10-20 07:47:23	1	0	15	0
   108674	2021-10-20 07:48:13	1	0	15	0
    10221	2021-10-20 07:49:43	1	0	15	0
   108619	2021-10-20 07:51:07	1	0	15	0
    10284	2021-10-20 07:53:44	1	0	15	0
   108538	2021-10-20 07:54:04	1	0	15	0
   108672	2021-10-20 07:56:39	1	0	15	0
   108489	2021-10-20 07:59:52	1	0	15	0
   102524	2021-10-20 08:00:03	1	0	15	0
   108579	2021-10-20 08:00:51	1	0	15	0
   108591	2021-10-20 08:01:19	1	0	15	0
    19980	2021-10-20 08:03:53	1	0	15	0
   500001	2021-10-20 08:04:26	1	0	15	0
   108469	2021-10-20 08:05:19	1	0	15	0
    10348	2021-10-20 08:05:54	1	0	15	0
    10138	2021-10-20 08:06:27	1	0	15	0
   108666	2021-10-20 08:06:40	1	0	15	0
   108611	2021-10-20 08:06:53	1	0	15	0
    10073	2021-10-20 08:10:49	1	0	15	0
   108515	2021-10-20 08:11:48	1	0	15	0
    10063	2021-10-20 08:15:48	1	0	15	0
    10076	2021-10-20 08:15:57	1	0	15	0
    10076	2021-10-20 08:15:59	1	0	15	0
   108613	2021-10-20 08:24:19	1	0	15	0
   102579	2021-10-20 08:35:26	1	0	15	0
   108663	2021-10-20 15:58:05	1	0	15	0
   108549	2021-10-20 16:07:36	1	0	15	0
   108613	2021-10-20 16:12:43	1	0	15	0
   108613	2021-10-20 16:12:52	1	0	15	0
   108619	2021-10-20 16:39:17	1	0	15	0
    10550	2021-10-20 17:01:39	1	0	15	0
    10080	2021-10-20 17:01:47	1	0	15	0
   108630	2021-10-20 17:02:28	1	0	15	0
   102544	2021-10-20 17:02:34	1	0	15	0
   108593	2021-10-20 17:02:41	1	0	15	0
   108579	2021-10-20 17:02:58	1	0	15	0
   108673	2021-10-20 17:03:05	1	0	15	0
   108677	2021-10-20 17:03:12	1	0	15	0
   101432	2021-10-20 17:03:19	1	0	15	0
   108472	2021-10-20 17:03:34	1	0	15	0
    10065	2021-10-20 17:03:43	1	0	15	0
   108617	2021-10-20 17:03:54	1	0	15	0
   108669	2021-10-20 17:04:02	1	0	15	0
   108538	2021-10-20 17:04:18	1	0	15	0
    10221	2021-10-20 17:04:36	1	0	15	0
   108489	2021-10-20 17:04:50	1	0	15	0
    10214	2021-10-20 17:05:04	1	0	15	0
    10284	2021-10-20 17:05:11	1	0	15	0
    10356	2021-10-20 17:05:19	1	0	15	0
    10278	2021-10-20 17:05:27	1	0	15	0
    10372	2021-10-20 17:05:34	1	0	15	0
   108638	2021-10-20 17:05:41	1	0	15	0
   101437	2021-10-20 17:05:59	1	1	15	0
   101451	2021-10-20 17:06:05	1	1	15	0
    10025	2021-10-20 17:06:14	1	1	15	0
   108611	2021-10-20 17:06:38	1	1	15	0
   108568	2021-10-20 17:07:06	1	1	15	0
    10033	2021-10-20 17:07:56	1	1	15	0
    10228	2021-10-20 17:08:12	1	1	15	0
   102526	2021-10-20 17:08:28	1	1	15	0
    19980	2021-10-20 17:08:40	1	1	15	0
    19980	2021-10-20 17:08:43	1	1	15	0
   108469	2021-10-20 17:08:55	1	1	15	0
   108587	2021-10-20 17:10:14	1	1	15	0
    10456	2021-10-20 17:11:20	1	1	15	0
   108515	2021-10-20 17:11:29	1	1	15	0
    10138	2021-10-20 17:11:40	1	1	15	0
   108678	2021-10-20 17:12:00	1	1	15	0
   108591	2021-10-20 17:12:24	1	1	15	0
    10348	2021-10-20 17:12:36	1	1	15	0
   500001	2021-10-20 17:14:13	1	1	15	0
   108585	2021-10-20 17:14:20	1	1	15	0
   108585	2021-10-20 17:14:23	1	1	15	0
   108674	2021-10-20 17:14:34	1	1	15	0
    10076	2021-10-20 17:16:41	1	1	15	0
   108672	2021-10-20 17:22:17	1	1	15	0
   108556	2021-10-20 17:22:47	1	1	15	0
   108610	2021-10-20 17:23:26	1	1	15	0
    10159	2021-10-20 17:25:00	1	1	15	0
    10063	2021-10-20 17:32:58	1	1	15	0
   108635	2021-10-20 17:38:14	1	1	15	0
   108667	2021-10-20 17:47:29	1	1	15	0
   108671	2021-10-20 17:47:44	1	1	15	0
   102579	2021-10-20 17:52:30	1	1	15	0
   108658	2021-10-20 17:53:46	1	1	15	0
   108598	2021-10-20 18:03:34	1	1	15	0
   108662	2021-10-20 18:11:12	1	1	15	0
    10129	2021-10-20 18:25:59	1	1	15	0
   108666	2021-10-20 18:49:54	1	1	15	0
   108666	2021-10-20 18:49:57	1	1	15	0
   108523	2021-10-20 18:59:58	1	1	15	0
    10127	2021-10-20 19:00:10	1	1	15	0
   108533	2021-10-20 21:00:28	1	1	15	0
   102542	2021-10-20 21:02:05	1	1	15	0
    10456	2021-10-21 05:38:12	1	0	15	0
   101437	2021-10-21 06:07:45	1	0	15	0
   102526	2021-10-21 06:36:52	1	0	15	0
   108617	2021-10-21 06:37:34	1	0	15	0
    10372	2021-10-21 06:53:34	1	0	15	0
    10372	2021-10-21 06:53:36	1	0	15	0
   108556	2021-10-21 06:58:48	1	0	15	0
   108587	2021-10-21 07:01:22	1	0	15	0
   108587	2021-10-21 07:01:25	1	0	15	0
   108533	2021-10-21 07:04:17	1	0	15	0
   108635	2021-10-21 07:09:48	1	0	15	0
    10065	2021-10-21 07:10:53	1	0	15	0
   102542	2021-10-21 07:11:26	1	0	15	0
   108630	2021-10-21 07:11:36	1	0	15	0
    10214	2021-10-21 07:12:09	1	0	15	0
    10356	2021-10-21 07:13:10	1	0	15	0
   101451	2021-10-21 07:17:09	1	0	15	0
    10278	2021-10-21 07:19:08	1	0	15	0
    10159	2021-10-21 07:19:17	1	0	15	0
   108677	2021-10-21 07:22:55	1	0	15	0
   108673	2021-10-21 07:23:00	1	0	15	0
   108472	2021-10-21 07:26:31	1	0	15	0
    10080	2021-10-21 07:27:20	1	0	15	0
    10033	2021-10-21 07:29:38	1	0	15	0
   108593	2021-10-21 07:29:57	1	0	15	0
   108585	2021-10-21 07:31:04	1	0	15	0
   108568	2021-10-21 07:31:34	1	0	15	0
   108549	2021-10-21 07:35:10	1	0	15	0
   108638	2021-10-21 07:36:03	1	0	15	0
   108662	2021-10-21 07:38:11	1	0	15	0
   108662	2021-10-21 07:38:13	1	0	15	0
   108654	2021-10-21 07:38:56	1	0	15	0
   108669	2021-10-21 07:39:41	1	0	15	0
   108671	2021-10-21 07:40:37	1	0	15	0
   108667	2021-10-21 07:40:47	1	0	15	0
    10025	2021-10-21 07:41:17	1	0	15	0
    10221	2021-10-21 07:41:49	1	0	15	0
    10129	2021-10-21 07:42:28	1	0	15	0
   108538	2021-10-21 07:44:51	1	0	15	0
   108489	2021-10-21 07:45:15	1	0	15	0
   108678	2021-10-21 07:45:26	1	0	15	0
   102524	2021-10-21 07:45:35	1	0	15	0
   108591	2021-10-21 07:46:06	1	0	15	0
   108658	2021-10-21 07:46:19	1	0	15	0
    10228	2021-10-21 07:47:17	1	0	15	0
   108610	2021-10-21 07:47:48	1	0	15	0
   108663	2021-10-21 07:48:22	1	0	15	0
   108619	2021-10-21 07:48:59	1	0	15	0
   108523	2021-10-21 07:49:26	1	0	15	0
   108598	2021-10-21 07:49:34	1	0	15	0
   108672	2021-10-21 07:49:45	1	0	15	0
   102544	2021-10-21 07:53:18	1	0	15	0
   108674	2021-10-21 07:54:30	1	0	15	0
    10138	2021-10-21 07:56:05	1	0	15	0
   108469	2021-10-21 07:56:17	1	0	15	0
    10309	2021-10-21 07:58:15	1	0	15	0
    10550	2021-10-21 08:00:30	1	0	15	0
    10550	2021-10-21 08:00:31	1	0	15	0
   108579	2021-10-21 08:00:41	1	0	15	0
    19980	2021-10-21 08:02:14	1	0	15	0
   101432	2021-10-21 08:05:08	1	0	15	0
   108666	2021-10-21 08:07:10	1	0	15	0
    10063	2021-10-21 08:07:20	1	0	15	0
    10127	2021-10-21 08:07:28	1	0	15	0
   108611	2021-10-21 08:12:08	1	0	15	0
   108613	2021-10-21 08:13:28	1	0	15	0
   500001	2021-10-21 08:28:30	1	0	15	0
   102579	2021-10-21 08:39:52	1	0	15	0
   108515	2021-10-21 08:43:34	1	0	15	0
    10073	2021-10-21 08:53:48	1	0	15	0
    10076	2021-10-21 09:08:57	1	0	15	0
    10076	2021-10-21 09:08:59	1	0	15	0
   102526	2021-10-21 12:03:10	1	0	15	0
    10033	2021-10-21 15:06:59	1	0	15	0
    10550	2021-10-21 15:23:12	1	0	15	0
    10348	2021-10-21 15:28:15	1	0	15	0
   101437	2021-10-21 16:02:05	1	1	15	0
   101437	2021-10-21 16:02:07	1	1	15	0
   108630	2021-10-21 16:02:12	1	1	15	0
   108630	2021-10-21 16:02:14	1	1	15	0
   108613	2021-10-21 16:02:20	1	1	15	0
    10356	2021-10-21 16:02:39	1	1	15	0
    10214	2021-10-21 16:02:48	1	1	15	0
   108538	2021-10-21 16:03:06	1	1	15	0
   108472	2021-10-21 16:03:14	1	1	15	0
    10372	2021-10-21 16:03:51	1	1	15	0
   108619	2021-10-21 16:04:22	1	1	15	0
    10228	2021-10-21 16:04:35	1	1	15	0
   108549	2021-10-21 16:08:29	1	1	15	0
   108469	2021-10-21 16:10:27	1	1	15	0
   102544	2021-10-21 16:14:46	1	1	15	0
    10138	2021-10-21 16:15:14	1	1	15	0
    10025	2021-10-21 17:01:01	1	1	15	0
    19980	2021-10-21 17:01:14	1	1	15	0
    19980	2021-10-21 17:01:16	1	1	15	0
   101432	2021-10-21 17:01:35	1	1	15	0
    10080	2021-10-21 17:01:47	1	1	15	0
   108579	2021-10-21 17:01:55	1	1	15	0
   108587	2021-10-21 17:02:05	1	1	15	0
   108593	2021-10-21 17:02:15	1	1	15	0
   108677	2021-10-21 17:02:27	1	1	15	0
   101451	2021-10-21 17:02:38	1	1	15	0
    10309	2021-10-21 17:02:51	1	1	15	0
   102524	2021-10-21 17:02:58	1	1	15	0
   108658	2021-10-21 17:03:05	1	1	15	0
   108617	2021-10-21 17:03:16	1	1	15	0
   108489	2021-10-21 17:03:28	1	1	15	0
   108515	2021-10-21 17:03:37	1	1	15	0
   108669	2021-10-21 17:03:47	1	1	15	0
   108568	2021-10-21 17:04:22	1	1	15	0
   108611	2021-10-21 17:04:39	1	1	15	0
    10458	2021-10-21 17:04:46	1	1	15	0
   108638	2021-10-21 17:04:52	1	1	15	0
   500001	2021-10-21 17:05:35	1	1	15	0
   108591	2021-10-21 17:07:01	1	1	15	0
   108674	2021-10-21 17:07:26	1	1	15	0
    10221	2021-10-21 17:08:25	1	1	15	0
   108556	2021-10-21 17:09:43	1	1	15	0
   108585	2021-10-21 17:10:33	1	1	15	0
   108671	2021-10-21 17:11:31	1	1	15	0
   108667	2021-10-21 17:11:39	1	1	15	0
    10073	2021-10-21 17:11:51	1	1	15	0
    10065	2021-10-21 17:14:11	1	1	15	0
    10065	2021-10-21 17:14:13	1	1	15	0
    10065	2021-10-21 17:14:22	1	1	15	0
   108678	2021-10-21 17:17:51	1	1	15	0
   108672	2021-10-21 17:21:54	1	1	15	0
    10159	2021-10-21 17:24:17	1	1	15	0
    10063	2021-10-21 17:27:10	1	1	15	0
    10076	2021-10-21 17:29:56	1	1	15	0
   108635	2021-10-21 17:30:19	1	1	15	0
   102579	2021-10-21 17:41:35	1	1	15	0
   108523	2021-10-21 18:22:13	1	1	15	0
    10456	2021-10-21 19:07:38	1	1	15	0
   108610	2021-10-21 19:32:32	1	1	15	0
   108598	2021-10-21 19:32:44	1	1	15	0
   108663	2021-10-21 19:32:52	1	1	15	0
   108673	2021-10-21 19:34:07	1	1	15	0
    10127	2021-10-21 19:48:40	1	1	15	0
   108662	2021-10-21 19:48:49	1	1	15	0
    10278	2021-10-21 20:10:43	1	1	15	0
    10278	2021-10-21 20:10:45	1	1	15	0
   108666	2021-10-21 20:28:59	1	1	15	0
   108533	2021-10-21 21:00:44	1	1	15	0
   102542	2021-10-21 21:00:52	1	1	15	0
   102542	2021-10-21 21:00:54	1	1	15	0
    10456	2021-10-22 05:50:42	1	0	15	0
   101437	2021-10-22 06:16:04	1	0	15	0
   102526	2021-10-22 06:22:47	1	0	15	0
   108617	2021-10-22 06:25:35	1	0	15	0
   108533	2021-10-22 06:26:02	1	0	15	0
   102542	2021-10-22 06:43:22	1	0	15	0
   108662	2021-10-22 06:59:26	1	0	15	0
   108587	2021-10-22 07:07:06	1	0	15	0
   108635	2021-10-22 07:08:59	1	0	15	0
   101451	2021-10-22 07:10:27	1	0	15	0
   108630	2021-10-22 07:11:16	1	0	15	0
    10214	2021-10-22 07:13:35	1	0	15	0
    10214	2021-10-22 07:13:37	1	0	15	0
    10356	2021-10-22 07:14:03	1	0	15	0
   101432	2021-10-22 07:14:16	1	0	15	0
    10065	2021-10-22 07:16:45	1	0	15	0
    10372	2021-10-22 07:16:57	1	0	15	0
    10278	2021-10-22 07:22:57	1	0	15	0
   108593	2021-10-22 07:23:41	1	0	15	0
   108472	2021-10-22 07:26:43	1	0	15	0
    10159	2021-10-22 07:29:58	1	0	15	0
   108673	2021-10-22 07:30:07	1	0	15	0
   108677	2021-10-22 07:30:19	1	0	15	0
   108568	2021-10-22 07:30:48	1	0	15	0
    10080	2021-10-22 07:32:58	1	0	15	0
    10033	2021-10-22 07:33:09	1	0	15	0
   101436	2021-10-22 07:35:13	1	0	15	0
   108678	2021-10-22 07:38:35	1	0	15	0
    10228	2021-10-22 07:38:54	1	0	15	0
   108610	2021-10-22 07:39:12	1	0	15	0
   108669	2021-10-22 07:40:55	1	0	15	0
   108523	2021-10-22 07:41:53	1	0	15	0
    10025	2021-10-22 07:42:03	1	0	15	0
   108585	2021-10-22 07:43:22	1	0	15	0
   108538	2021-10-22 07:43:59	1	0	15	0
   108556	2021-10-22 07:45:16	1	0	15	0
   108549	2021-10-22 07:45:25	1	0	15	0
   108638	2021-10-22 07:45:51	1	0	15	0
   108489	2021-10-22 07:47:01	1	0	15	0
   102524	2021-10-22 07:47:08	1	0	15	0
    10284	2021-10-22 07:47:42	1	0	15	0
   108598	2021-10-22 07:48:14	1	0	15	0
    10129	2021-10-22 07:49:04	1	0	15	0
   108671	2021-10-22 07:50:00	1	0	15	0
   108619	2021-10-22 07:50:28	1	0	15	0
   108667	2021-10-22 07:50:42	1	0	15	0
    10138	2021-10-22 07:52:34	1	0	15	0
   108674	2021-10-22 07:53:58	1	0	15	0
    10221	2021-10-22 07:54:07	1	0	15	0
    19980	2021-10-22 07:56:04	1	0	15	0
   108663	2021-10-22 07:57:55	1	0	15	0
   108663	2021-10-22 07:57:57	1	0	15	0
   108672	2021-10-22 07:58:34	1	0	15	0
   108469	2021-10-22 07:58:52	1	0	15	0
    10309	2021-10-22 08:01:09	1	0	15	0
   108658	2021-10-22 08:01:40	1	0	15	0
    10348	2021-10-22 08:05:40	1	0	15	0
    10550	2021-10-22 08:06:15	1	0	15	0
   108666	2021-10-22 08:08:17	1	0	15	0
   500001	2021-10-22 08:08:55	1	0	15	0
    10063	2021-10-22 08:11:06	1	0	15	0
    10127	2021-10-22 08:11:16	1	0	15	0
    10076	2021-10-22 08:11:32	1	0	15	0
   108611	2021-10-22 08:12:46	1	0	15	0
    10458	2021-10-22 08:14:41	1	0	15	0
   108591	2021-10-22 08:15:28	1	0	15	0
   108579	2021-10-22 08:39:32	1	0	15	0
    10073	2021-10-22 08:46:07	1	0	15	0
   102579	2021-10-22 08:54:31	1	0	15	0
   108515	2021-10-22 09:00:51	1	0	15	0
   101451	2021-10-22 12:02:10	1	1	15	0
   108585	2021-10-22 12:03:58	1	1	15	0
   108549	2021-10-22 16:01:31	1	1	15	0
   108472	2021-10-22 16:01:44	1	1	15	0
   108538	2021-10-22 16:01:52	1	1	15	0
   108538	2021-10-22 16:01:55	1	1	15	0
   108587	2021-10-22 16:02:46	1	1	15	0
   108587	2021-10-22 16:02:49	1	1	15	0
   108619	2021-10-22 16:02:57	1	1	15	0
   101437	2021-10-22 16:03:09	1	1	15	0
    10456	2021-10-22 16:03:56	1	1	15	0
    10138	2021-10-22 16:04:44	1	1	15	0
    10309	2021-10-22 16:05:07	1	1	15	0
   102526	2021-10-22 16:05:35	1	1	15	0
    10278	2021-10-22 16:07:20	1	1	15	0
    10278	2021-10-22 16:07:22	1	1	15	0
    10228	2021-10-22 16:17:07	1	1	15	0
   108469	2021-10-22 16:20:53	1	1	15	0
   108593	2021-10-22 17:00:52	1	1	15	0
    10025	2021-10-22 17:01:18	1	1	15	0
    10080	2021-10-22 17:01:26	1	1	15	0
   108630	2021-10-22 17:01:40	1	1	15	0
   108568	2021-10-22 17:02:21	1	1	15	0
    10372	2021-10-22 17:02:38	1	1	15	0
    10372	2021-10-22 17:02:41	1	1	15	0
    10284	2021-10-22 17:02:46	1	1	15	0
   108617	2021-10-22 17:02:59	1	1	15	0
    10221	2021-10-22 17:03:22	1	1	15	0
    19980	2021-10-22 17:03:38	1	1	15	0
   102524	2021-10-22 17:03:49	1	1	15	0
   108579	2021-10-22 17:04:06	1	1	15	0
    10458	2021-10-22 17:04:21	1	1	15	0
   108673	2021-10-22 17:04:43	1	1	15	0
   108673	2021-10-22 17:04:45	1	1	15	0
   108677	2021-10-22 17:04:55	1	1	15	0
   108489	2021-10-22 17:05:05	1	1	15	0
   101432	2021-10-22 17:06:14	1	1	15	0
   108611	2021-10-22 17:06:20	1	1	15	0
   108638	2021-10-22 17:06:31	1	1	15	0
    10033	2021-10-22 17:06:50	1	1	15	0
   108669	2021-10-22 17:07:10	1	1	15	0
   108556	2021-10-22 17:08:03	1	1	15	0
    10550	2021-10-22 17:08:10	1	1	15	0
   108678	2021-10-22 17:08:45	1	1	15	0
    10065	2021-10-22 17:08:54	1	1	15	0
   108591	2021-10-22 17:09:06	1	1	15	0
   500001	2021-10-22 17:12:11	1	1	15	0
   108666	2021-10-22 17:20:11	1	1	15	0
   108672	2021-10-22 17:21:26	1	1	15	0
   108635	2021-10-22 17:26:31	1	1	15	0
   108674	2021-10-22 17:32:56	1	1	15	0
   108671	2021-10-22 17:33:26	1	1	15	0
   108667	2021-10-22 17:33:34	1	1	15	0
   108610	2021-10-22 17:50:52	1	1	15	0
   102579	2021-10-22 17:52:03	1	1	15	0
    10063	2021-10-22 17:53:13	1	1	15	0
    10076	2021-10-22 17:53:39	1	1	15	0
   108523	2021-10-22 18:07:54	1	1	15	0
    10129	2021-10-22 18:41:05	1	1	15	0
    10127	2021-10-22 19:52:34	1	1	15	0
   108662	2021-10-22 19:53:01	1	1	15	0
   108663	2021-10-22 19:53:27	1	1	15	0
   108598	2021-10-22 19:53:49	1	1	15	0
   108658	2021-10-22 19:54:00	1	1	15	0
   108515	2021-10-22 20:11:59	1	1	15	0
   108533	2021-10-22 21:00:54	1	1	15	0
   102542	2021-10-22 21:01:12	1	1	15	0
   108549	2021-10-23 06:52:09	1	0	15	0
   108587	2021-10-23 07:11:02	1	0	15	0
   108587	2021-10-23 07:11:10	1	0	15	0
    10348	2021-10-23 07:14:21	1	0	15	0
    10033	2021-10-23 07:18:14	1	0	15	0
    10356	2021-10-23 07:21:18	1	0	15	0
   108472	2021-10-23 07:23:45	1	0	15	0
   102542	2021-10-23 07:29:23	1	0	15	0
   108533	2021-10-23 07:38:15	1	0	15	0
   108593	2021-10-23 07:40:11	1	0	15	0
   108469	2021-10-23 07:45:20	1	0	15	0
   108667	2021-10-23 07:46:33	1	0	15	0
   108671	2021-10-23 07:46:47	1	0	15	0
   108538	2021-10-23 07:48:10	1	0	15	0
   108538	2021-10-23 07:48:12	1	0	15	0
    19980	2021-10-23 07:49:58	1	0	15	0
    10032	2021-10-23 07:52:16	1	0	15	0
    10032	2021-10-23 07:52:19	1	0	15	0
   108662	2021-10-23 07:53:17	1	0	15	0
   108619	2021-10-23 07:53:41	1	0	15	0
   108672	2021-10-23 08:01:13	1	0	15	0
   108672	2021-10-23 08:01:15	1	0	15	0
    10309	2021-10-23 08:11:33	1	0	15	0
   108523	2021-10-23 08:12:38	1	0	15	0
    10138	2021-10-23 08:20:24	1	0	15	0
    10076	2021-10-23 08:29:02	1	0	15	0
    10127	2021-10-23 08:45:57	1	0	15	0
   102579	2021-10-23 11:18:16	1	0	15	0
   108538	2021-10-23 16:00:56	1	1	15	0
    10214	2021-10-23 16:01:05	1	1	15	0
    10356	2021-10-23 16:01:57	1	1	15	0
   108472	2021-10-23 16:02:05	1	1	15	0
   108619	2021-10-23 16:02:26	1	1	15	0
   108593	2021-10-23 16:08:19	1	1	15	0
   108587	2021-10-23 16:12:08	1	1	15	0
   108587	2021-10-23 16:12:10	1	1	15	0
    10309	2021-10-23 16:16:58	1	1	15	0
    10032	2021-10-23 16:28:37	1	1	15	0
   108657	2021-10-23 17:00:34	1	1	15	0
    10324	2021-10-23 17:00:45	1	1	15	0
    10324	2021-10-23 17:00:47	1	1	15	0
    10076	2021-10-23 17:01:17	1	1	15	0
   101436	2021-10-23 17:01:27	1	1	15	0
   108533	2021-10-23 17:01:33	1	1	15	0
   108469	2021-10-23 17:01:43	1	1	15	0
   108523	2021-10-23 17:01:50	1	1	15	0
   108671	2021-10-23 17:02:20	1	1	15	0
   108667	2021-10-23 17:02:28	1	1	15	0
    19980	2021-10-23 17:02:41	1	1	15	0
    10127	2021-10-23 17:03:20	1	1	15	0
   108672	2021-10-23 17:05:42	1	1	15	0
   102542	2021-10-23 17:05:52	1	1	15	0
   108662	2021-10-23 17:37:45	1	1	15	0
   108549	2021-10-23 19:20:13	1	1	15	0
    10138	2021-10-23 19:31:39	1	1	15	0
    10138	2021-10-23 19:31:42	1	1	15	0
   102579	2021-10-23 19:42:37	1	1	15	0
   102542	2021-10-24 06:47:39	1	1	15	0
   108533	2021-10-24 15:00:21	1	1	15	0
   102542	2021-10-24 15:00:45	1	1	15	0
    10456	2021-10-25 05:51:02	1	0	15	0
   101437	2021-10-25 06:22:21	1	0	15	0
   101437	2021-10-25 06:22:23	1	0	15	0
   102526	2021-10-25 06:26:26	1	0	15	0
   108617	2021-10-25 06:41:04	1	0	15	0
    10372	2021-10-25 06:48:57	1	0	15	0
   108630	2021-10-25 07:03:37	1	0	15	0
    10159	2021-10-25 07:09:24	1	0	15	0
   108556	2021-10-25 07:09:47	1	0	15	0
   108587	2021-10-25 07:10:07	1	0	15	0
   108587	2021-10-25 07:10:09	1	0	15	0
   108635	2021-10-25 07:15:31	1	0	15	0
    10214	2021-10-25 07:15:38	1	0	15	0
    10356	2021-10-25 07:16:05	1	0	15	0
   108662	2021-10-25 07:18:55	1	0	15	0
   101451	2021-10-25 07:21:21	1	0	15	0
   108673	2021-10-25 07:22:29	1	0	15	0
   108677	2021-10-25 07:22:41	1	0	15	0
   108677	2021-10-25 07:22:44	1	0	15	0
   108654	2021-10-25 07:24:23	1	0	15	0
    10033	2021-10-25 07:25:34	1	0	15	0
   108593	2021-10-25 07:26:37	1	0	15	0
    10278	2021-10-25 07:32:12	1	0	15	0
   108638	2021-10-25 07:32:52	1	0	15	0
   108585	2021-10-25 07:35:09	1	0	15	0
   101432	2021-10-25 07:37:42	1	0	15	0
   108669	2021-10-25 07:37:57	1	0	15	0
   108667	2021-10-25 07:38:32	1	0	15	0
   108610	2021-10-25 07:39:02	1	0	15	0
    10025	2021-10-25 07:39:11	1	0	15	0
   108568	2021-10-25 07:41:11	1	0	15	0
   108674	2021-10-25 07:43:26	1	0	15	0
   102542	2021-10-25 07:43:48	1	0	15	0
   108663	2021-10-25 07:44:04	1	0	15	0
   108469	2021-10-25 07:45:11	1	0	15	0
    10129	2021-10-25 07:47:02	1	0	15	0
   108489	2021-10-25 07:47:14	1	0	15	0
   102524	2021-10-25 07:47:20	1	0	15	0
   108672	2021-10-25 07:47:35	1	0	15	0
    10221	2021-10-25 07:47:58	1	0	15	0
   108472	2021-10-25 07:48:37	1	0	15	0
    10080	2021-10-25 07:48:46	1	0	15	0
   108591	2021-10-25 07:48:55	1	0	15	0
   108591	2021-10-25 07:48:57	1	0	15	0
   108678	2021-10-25 07:49:06	1	0	15	0
   108619	2021-10-25 07:55:42	1	0	15	0
    10065	2021-10-25 07:56:25	1	0	15	0
    10228	2021-10-25 07:57:16	1	0	15	0
    10228	2021-10-25 07:57:19	1	0	15	0
   108598	2021-10-25 07:57:55	1	0	15	0
    10309	2021-10-25 07:58:21	1	0	15	0
   108613	2021-10-25 08:00:07	1	0	15	0
    10550	2021-10-25 08:00:25	1	0	15	0
    10032	2021-10-25 08:01:58	1	0	15	0
   108579	2021-10-25 08:02:16	1	0	15	0
    10284	2021-10-25 08:04:07	1	0	15	0
    10458	2021-10-25 08:05:48	1	0	15	0
    19980	2021-10-25 08:05:59	1	0	15	0
    19980	2021-10-25 08:06:01	1	0	15	0
   500001	2021-10-25 08:06:08	1	0	15	0
   108549	2021-10-25 08:07:29	1	0	15	0
    10063	2021-10-25 08:10:20	1	0	15	0
    10076	2021-10-25 08:10:27	1	0	15	0
   108671	2021-10-25 08:10:33	1	0	15	0
   108523	2021-10-25 08:10:40	1	0	15	0
   102544	2021-10-25 08:12:44	1	0	15	0
   108611	2021-10-25 08:18:08	1	0	15	0
   108666	2021-10-25 08:20:15	1	0	15	0
    10138	2021-10-25 08:21:32	1	0	15	0
    10127	2021-10-25 08:37:09	1	0	15	0
   102579	2021-10-25 08:45:24	1	0	15	0
   108658	2021-10-25 09:02:30	1	0	15	0
   108515	2021-10-25 09:40:02	1	0	15	0
   108472	2021-10-25 16:04:02	1	1	15	0
    10214	2021-10-25 16:04:10	1	1	15	0
    10356	2021-10-25 16:04:23	1	1	15	0
   108619	2021-10-25 16:06:16	1	1	15	0
    10284	2021-10-25 16:06:25	1	1	15	0
    10228	2021-10-25 16:06:41	1	1	15	0
   108630	2021-10-25 16:07:27	1	1	15	0
    10138	2021-10-25 16:08:24	1	1	15	0
   108549	2021-10-25 16:09:11	1	1	15	0
   108469	2021-10-25 16:14:22	1	1	15	0
   102544	2021-10-25 16:14:45	1	1	15	0
    10458	2021-10-25 17:00:34	1	1	15	0
    10458	2021-10-25 17:00:35	1	1	15	0
   108613	2021-10-25 17:00:45	1	1	15	0
    10550	2021-10-25 17:00:55	1	1	15	0
   108593	2021-10-25 17:01:01	1	1	15	0
    10025	2021-10-25 17:01:10	1	1	15	0
    10080	2021-10-25 17:01:21	1	1	15	0
   108654	2021-10-25 17:01:27	1	1	15	0
    10278	2021-10-25 17:01:49	1	1	15	0
    10456	2021-10-25 17:01:57	1	1	15	0
   101437	2021-10-25 17:02:04	1	1	15	0
   101451	2021-10-25 17:02:11	1	1	15	0
    10033	2021-10-25 17:02:18	1	1	15	0
    10309	2021-10-25 17:02:32	1	1	15	0
    10221	2021-10-25 17:02:56	1	1	15	0
   102524	2021-10-25 17:03:04	1	1	15	0
   108617	2021-10-25 17:03:15	1	1	15	0
   101432	2021-10-25 17:03:32	1	1	15	0
   108673	2021-10-25 17:03:37	1	1	15	0
   108673	2021-10-25 17:03:39	1	1	15	0
   108579	2021-10-25 17:03:45	1	1	15	0
   108677	2021-10-25 17:03:53	1	1	15	0
   102526	2021-10-25 17:04:03	1	1	15	0
    10372	2021-10-25 17:04:13	1	1	15	0
    10372	2021-10-25 17:04:16	1	1	15	0
   108489	2021-10-25 17:04:25	1	1	15	0
   108669	2021-10-25 17:04:44	1	1	15	0
   108638	2021-10-25 17:04:54	1	1	15	0
   108611	2021-10-25 17:05:35	1	1	15	0
   108556	2021-10-25 17:06:09	1	1	15	0
    19980	2021-10-25 17:06:25	1	1	15	0
    10065	2021-10-25 17:08:40	1	1	15	0
   108587	2021-10-25 17:08:50	1	1	15	0
   108587	2021-10-25 17:08:53	1	1	15	0
   108591	2021-10-25 17:09:00	1	1	15	0
   108585	2021-10-25 17:10:02	1	1	15	0
   108515	2021-10-25 17:10:43	1	1	15	0
   108667	2021-10-25 17:18:33	1	1	15	0
   500001	2021-10-25 17:18:49	1	1	15	0
    10032	2021-10-25 17:26:49	1	1	15	0
   108635	2021-10-25 17:28:09	1	1	15	0
    10159	2021-10-25 17:28:41	1	1	15	0
   108674	2021-10-25 17:40:22	1	1	15	0
   108672	2021-10-25 17:40:34	1	1	15	0
   108610	2021-10-25 17:42:39	1	1	15	0
   102542	2021-10-25 17:43:35	1	1	15	0
   108568	2021-10-25 17:43:57	1	1	15	0
   108671	2021-10-25 17:45:32	1	1	15	0
    10063	2021-10-25 17:45:52	1	1	15	0
    10076	2021-10-25 17:47:09	1	1	15	0
   108663	2021-10-25 18:06:17	1	1	15	0
   108658	2021-10-25 18:06:25	1	1	15	0
   108662	2021-10-25 18:08:17	1	1	15	0
   108593	2021-10-25 18:17:42	1	1	15	0
   102579	2021-10-25 18:32:34	1	1	15	0
   108523	2021-10-25 18:52:51	1	1	15	0
    10129	2021-10-25 18:58:29	1	1	15	0
   108598	2021-10-25 20:47:24	1	1	15	0
   108666	2021-10-25 20:47:44	1	1	15	0
   108678	2021-10-25 21:53:18	1	1	15	0
   108678	2021-10-25 21:53:21	1	1	15	0
    10127	2021-10-25 22:12:02	1	1	15	0
   108593	2021-10-25 23:01:19	1	1	15	0
