    10456	2021-03-11 05:53:22	1	0	15	0
   101437	2021-03-11 06:15:05	1	0	15	0
   101437	2021-03-11 06:15:08	1	0	15	0
   108663	2021-03-11 06:37:31	1	0	15	0
   108617	2021-03-11 06:45:14	1	0	15	0
   108608	2021-03-11 06:59:12	1	0	15	0
   108608	2021-03-11 06:59:14	1	0	15	0
   102526	2021-03-11 07:07:55	1	0	15	0
    10214	2021-03-11 07:14:29	1	0	15	0
   108538	2021-03-11 07:15:40	1	0	15	0
    10356	2021-03-11 07:18:08	1	0	15	0
   108533	2021-03-11 07:18:34	1	0	15	0
    10080	2021-03-11 07:18:45	1	0	15	0
   101451	2021-03-11 07:18:53	1	0	15	0
   108667	2021-03-11 07:20:21	1	0	15	0
   108613	2021-03-11 07:20:54	1	0	15	0
   108523	2021-03-11 07:21:46	1	0	15	0
   108662	2021-03-11 07:24:10	1	0	15	0
   108662	2021-03-11 07:24:13	1	0	15	0
   108587	2021-03-11 07:24:54	1	0	15	0
   108630	2021-03-11 07:25:50	1	0	15	0
   108556	2021-03-11 07:27:22	1	0	15	0
    10221	2021-03-11 07:32:28	1	0	15	0
    10372	2021-03-11 07:33:31	1	0	15	0
   108593	2021-03-11 07:35:05	1	0	15	0
   108505	2021-03-11 07:35:45	1	0	15	0
    10065	2021-03-11 07:37:53	1	0	15	0
   108472	2021-03-11 07:38:32	1	0	15	0
   108610	2021-03-11 07:40:30	1	0	15	0
   108469	2021-03-11 07:42:55	1	0	15	0
   108658	2021-03-11 07:43:16	1	0	15	0
    10284	2021-03-11 07:45:52	1	0	15	0
    10278	2021-03-11 07:46:47	1	0	15	0
    10228	2021-03-11 07:52:27	1	0	15	0
   108568	2021-03-11 07:53:32	1	0	15	0
    10129	2021-03-11 07:54:09	1	0	15	0
    10032	2021-03-11 07:54:16	1	0	15	0
   108549	2021-03-11 07:54:44	1	0	15	0
   108638	2021-03-11 07:55:59	1	0	15	0
   101432	2021-03-11 07:56:13	1	0	15	0
    10127	2021-03-11 07:57:06	1	0	15	0
   108619	2021-03-11 07:57:14	1	0	15	0
    10309	2021-03-11 07:57:46	1	0	15	0
    10033	2021-03-11 07:58:08	1	0	15	0
    19980	2021-03-11 07:59:15	1	0	15	0
   102542	2021-03-11 08:02:27	1	0	15	0
    10348	2021-03-11 08:02:36	1	0	15	0
   108636	2021-03-11 08:03:19	1	0	15	0
   108635	2021-03-11 08:03:32	1	0	15	0
   108579	2021-03-11 08:05:01	1	0	15	0
   102544	2021-03-11 08:05:45	1	0	15	0
    10550	2021-03-11 08:07:20	1	0	15	0
   108591	2021-03-11 08:07:31	1	0	15	0
    10063	2021-03-11 08:09:33	1	0	15	0
    10149	2021-03-11 08:09:42	1	0	15	0
   108489	2021-03-11 08:09:51	1	0	15	0
   102524	2021-03-11 08:10:29	1	0	15	0
    10076	2021-03-11 08:10:42	1	0	15	0
    10458	2021-03-11 08:12:02	1	0	15	0
   108666	2021-03-11 08:12:24	1	0	15	0
   108570	2021-03-11 08:12:33	1	0	15	0
   108611	2021-03-11 08:15:08	1	0	15	0
   500001	2021-03-11 08:19:14	1	0	15	0
    10138	2021-03-11 08:22:44	1	0	15	0
   108665	2021-03-11 08:39:16	1	0	15	0
   102579	2021-03-11 09:12:55	1	0	15	0
   102579	2021-03-11 09:12:58	1	0	15	0
   102579	2021-03-11 09:13:03	1	0	15	0
   108593	2021-03-11 16:01:38	1	0	15	0
    10456	2021-03-11 16:02:30	1	0	15	0
    10456	2021-03-11 16:02:32	1	0	15	0
   108549	2021-03-11 16:02:47	1	0	15	0
   108619	2021-03-11 16:03:07	1	0	15	0
   108538	2021-03-11 16:03:12	1	0	15	0
    10214	2021-03-11 16:03:19	1	0	15	0
    10356	2021-03-11 16:03:40	1	1	15	0
   108472	2021-03-11 16:03:50	1	1	15	0
   108549	2021-03-11 16:04:16	1	1	15	0
    10284	2021-03-11 16:05:11	1	1	15	0
    10278	2021-03-11 16:05:44	1	1	15	0
   108570	2021-03-11 16:05:57	1	1	15	0
    10228	2021-03-11 16:06:12	1	1	15	0
    10348	2021-03-11 16:09:54	1	1	15	0
   101437	2021-03-11 16:11:03	1	1	15	0
    10138	2021-03-11 16:11:27	1	1	15	0
   108469	2021-03-11 16:13:04	1	1	15	0
   108654	2021-03-11 17:00:43	1	1	15	0
   102544	2021-03-11 17:00:59	1	1	15	0
   108630	2021-03-11 17:01:05	1	1	15	0
    10372	2021-03-11 17:01:13	1	1	15	0
   108613	2021-03-11 17:01:23	1	1	15	0
   101451	2021-03-11 17:01:29	1	1	15	0
   108533	2021-03-11 17:01:36	1	1	15	0
    10080	2021-03-11 17:01:42	1	1	15	0
   108617	2021-03-11 17:02:08	1	1	15	0
   101432	2021-03-11 17:02:17	1	1	15	0
    10221	2021-03-11 17:02:23	1	1	15	0
   102526	2021-03-11 17:02:32	1	1	15	0
    10309	2021-03-11 17:02:39	1	1	15	0
    10033	2021-03-11 17:02:47	1	1	15	0
   108636	2021-03-11 17:03:42	1	1	15	0
   108579	2021-03-11 17:03:52	1	1	15	0
   108579	2021-03-11 17:03:55	1	1	15	0
    10458	2021-03-11 17:04:04	1	1	15	0
    19980	2021-03-11 17:04:19	1	1	15	0
   108611	2021-03-11 17:04:33	1	1	15	0
   108556	2021-03-11 17:04:47	1	1	15	0
    10550	2021-03-11 17:04:57	1	1	15	0
   108587	2021-03-11 17:05:29	1	1	15	0
   108662	2021-03-11 17:05:58	1	1	15	0
   108667	2021-03-11 17:06:10	1	1	15	0
   108635	2021-03-11 17:07:05	1	1	15	0
    10025	2021-03-11 17:08:07	1	1	15	0
   102579	2021-03-11 17:08:22	1	1	15	0
   108608	2021-03-11 17:08:33	1	1	15	0
    10065	2021-03-11 17:09:33	1	1	15	0
   108591	2021-03-11 17:09:59	1	1	15	0
   102524	2021-03-11 17:11:38	1	1	15	0
   108638	2021-03-11 17:12:07	1	1	15	0
    10032	2021-03-11 17:13:12	1	1	15	0
   108489	2021-03-11 17:13:22	1	1	15	0
   500001	2021-03-11 17:14:31	1	1	15	0
   108568	2021-03-11 17:15:24	1	1	15	0
   108666	2021-03-11 17:32:40	1	1	15	0
   102542	2021-03-11 17:32:59	1	1	15	0
   108505	2021-03-11 17:43:17	1	1	15	0
    10063	2021-03-11 17:43:37	1	1	15	0
    10076	2021-03-11 17:44:52	1	1	15	0
    10149	2021-03-11 17:45:12	1	1	15	0
   108515	2021-03-11 18:02:47	1	1	15	0
    10129	2021-03-11 18:14:06	1	1	15	0
   108523	2021-03-11 20:21:42	1	1	15	0
   108610	2021-03-11 20:34:54	1	1	15	0
   108658	2021-03-11 20:35:01	1	1	15	0
   108663	2021-03-11 20:35:14	1	1	15	0
   108598	2021-03-11 20:35:45	1	1	15	0
    10127	2021-03-11 21:15:49	1	1	15	0
   108665	2021-03-11 21:15:57	1	1	15	0
    10456	2021-03-12 05:58:01	1	0	15	0
   101437	2021-03-12 06:19:20	1	0	15	0
   108608	2021-03-12 06:37:38	1	0	15	0
   108663	2021-03-12 06:40:45	1	0	15	0
   108662	2021-03-12 06:45:40	1	0	15	0
   102526	2021-03-12 06:50:22	1	0	15	0
    10214	2021-03-12 07:03:16	1	0	15	0
    10356	2021-03-12 07:03:58	1	0	15	0
   108587	2021-03-12 07:06:12	1	0	15	0
   108533	2021-03-12 07:13:47	1	0	15	0
   108667	2021-03-12 07:14:46	1	0	15	0
   108630	2021-03-12 07:15:01	1	0	15	0
    10065	2021-03-12 07:20:03	1	0	15	0
   108556	2021-03-12 07:20:18	1	0	15	0
   108523	2021-03-12 07:20:27	1	0	15	0
   101451	2021-03-12 07:21:15	1	0	15	0
   108538	2021-03-12 07:24:56	1	0	15	0
   108610	2021-03-12 07:25:07	1	0	15	0
    10080	2021-03-12 07:26:13	1	0	15	0
    10033	2021-03-12 07:28:46	1	0	15	0
    10372	2021-03-12 07:29:25	1	0	15	0
   108654	2021-03-12 07:29:33	1	0	15	0
   108613	2021-03-12 07:30:04	1	0	15	0
   108505	2021-03-12 07:34:43	1	0	15	0
   108472	2021-03-12 07:35:58	1	0	15	0
    10278	2021-03-12 07:39:52	1	0	15	0
   108658	2021-03-12 07:40:08	1	0	15	0
   108593	2021-03-12 07:41:44	1	0	15	0
    10398	2021-03-12 07:42:47	1	0	15	0
    10284	2021-03-12 07:43:30	1	0	15	0
   108635	2021-03-12 07:43:55	1	0	15	0
   108611	2021-03-12 07:44:21	1	0	15	0
    10228	2021-03-12 07:46:03	1	0	15	0
    10025	2021-03-12 07:46:22	1	0	15	0
    10221	2021-03-12 07:47:18	1	0	15	0
   108585	2021-03-12 07:49:13	1	0	15	0
   102542	2021-03-12 07:49:57	1	0	15	0
   108657	2021-03-12 07:50:55	1	0	15	0
   108657	2021-03-12 07:50:57	1	0	15	0
   108568	2021-03-12 07:51:12	1	0	15	0
   108469	2021-03-12 07:51:27	1	0	15	0
    19980	2021-03-12 07:51:50	1	0	15	0
   108598	2021-03-12 07:52:13	1	0	15	0
   108591	2021-03-12 07:52:34	1	0	15	0
   108650	2021-03-12 07:53:23	1	0	15	0
    10309	2021-03-12 07:53:41	1	0	15	0
    10129	2021-03-12 07:54:51	1	0	15	0
   108638	2021-03-12 07:57:49	1	0	15	0
   108619	2021-03-12 07:58:00	1	0	15	0
   108549	2021-03-12 07:59:17	1	0	15	0
   102544	2021-03-12 07:59:40	1	0	15	0
    10032	2021-03-12 08:00:11	1	0	15	0
    10348	2021-03-12 08:01:18	1	0	15	0
   108636	2021-03-12 08:02:24	1	0	15	0
    10550	2021-03-12 08:02:40	1	0	15	0
    10063	2021-03-12 08:08:17	1	0	15	0
    10149	2021-03-12 08:08:26	1	0	15	0
   108489	2021-03-12 08:08:34	1	0	15	0
    10076	2021-03-12 08:08:52	1	0	15	0
   102524	2021-03-12 08:09:02	1	0	15	0
   500001	2021-03-12 08:09:11	1	0	15	0
   101432	2021-03-12 08:09:24	1	0	15	0
   108666	2021-03-12 08:10:17	1	0	15	0
   108579	2021-03-12 08:11:27	1	0	15	0
    10138	2021-03-12 08:14:10	1	0	15	0
    10127	2021-03-12 08:14:26	1	0	15	0
   108515	2021-03-12 08:47:07	1	0	15	0
   102579	2021-03-12 09:30:59	1	0	15	0
    10063	2021-03-12 15:58:58	1	0	15	0
   108538	2021-03-12 16:02:05	1	0	15	0
   108538	2021-03-12 16:02:21	1	1	15	0
    10284	2021-03-12 16:02:44	1	1	15	0
   108472	2021-03-12 16:02:51	1	1	15	0
    10278	2021-03-12 16:02:59	1	1	15	0
    10278	2021-03-12 16:03:01	1	1	15	0
   108549	2021-03-12 16:03:19	1	1	15	0
    10228	2021-03-12 16:03:37	1	1	15	0
   102526	2021-03-12 16:04:07	1	1	15	0
    10309	2021-03-12 16:07:24	1	1	15	0
   108587	2021-03-12 16:08:04	1	1	15	0
   108587	2021-03-12 16:08:06	1	1	15	0
    10398	2021-03-12 16:09:06	1	1	15	0
   108613	2021-03-12 17:00:49	1	1	15	0
   102544	2021-03-12 17:00:57	1	1	15	0
   108630	2021-03-12 17:01:03	1	1	15	0
   108654	2021-03-12 17:01:09	1	1	15	0
   108657	2021-03-12 17:01:22	1	1	15	0
   108533	2021-03-12 17:01:28	1	1	15	0
    10456	2021-03-12 17:01:35	1	1	15	0
    10372	2021-03-12 17:01:44	1	1	15	0
   101437	2021-03-12 17:01:53	1	1	15	0
    10025	2021-03-12 17:02:02	1	1	15	0
    10025	2021-03-12 17:02:04	1	1	15	0
   101451	2021-03-12 17:02:08	1	1	15	0
    10080	2021-03-12 17:02:18	1	1	15	0
   101432	2021-03-12 17:02:31	1	1	15	0
   108608	2021-03-12 17:03:53	1	1	15	0
   108556	2021-03-12 17:04:07	1	1	15	0
   108611	2021-03-12 17:04:19	1	1	15	0
   108636	2021-03-12 17:04:30	1	1	15	0
   108591	2021-03-12 17:04:45	1	1	15	0
   108593	2021-03-12 17:05:14	1	1	15	0
    10221	2021-03-12 17:06:15	1	1	15	0
    19980	2021-03-12 17:06:31	1	1	15	0
   108667	2021-03-12 17:06:39	1	1	15	0
   108667	2021-03-12 17:06:41	1	1	15	0
   108662	2021-03-12 17:06:47	1	1	15	0
   500001	2021-03-12 17:06:54	1	1	15	0
   108650	2021-03-12 17:07:03	1	1	15	0
   108579	2021-03-12 17:07:16	1	1	15	0
    10458	2021-03-12 17:07:36	1	1	15	0
    10032	2021-03-12 17:08:14	1	1	15	0
    10065	2021-03-12 17:09:08	1	1	15	0
    10065	2021-03-12 17:09:11	1	1	15	0
    10065	2021-03-12 17:09:20	1	1	15	0
   108489	2021-03-12 17:10:52	1	1	15	0
    10550	2021-03-12 17:12:05	1	1	15	0
    10033	2021-03-12 17:12:14	1	1	15	0
   108635	2021-03-12 17:13:14	1	1	15	0
   108515	2021-03-12 17:18:51	1	1	15	0
   108666	2021-03-12 17:21:14	1	1	15	0
   108585	2021-03-12 17:21:24	1	1	15	0
   108638	2021-03-12 17:22:41	1	1	15	0
   102542	2021-03-12 17:27:48	1	1	15	0
   108469	2021-03-12 17:30:30	1	1	15	0
   108505	2021-03-12 17:48:41	1	1	15	0
    10127	2021-03-12 18:02:03	1	1	15	0
    10127	2021-03-12 18:02:05	1	1	15	0
   108523	2021-03-12 18:02:14	1	1	15	0
   108665	2021-03-12 18:02:25	1	1	15	0
   108619	2021-03-12 18:03:15	1	1	15	0
   108568	2021-03-12 18:04:02	1	1	15	0
   102524	2021-03-12 18:04:30	1	1	15	0
    10076	2021-03-12 18:04:41	1	1	15	0
    10076	2021-03-12 18:04:43	1	1	15	0
    10149	2021-03-12 18:06:23	1	1	15	0
    10138	2021-03-12 18:07:15	1	1	15	0
   102579	2021-03-12 18:09:35	1	1	15	0
   108610	2021-03-12 19:42:24	1	1	15	0
   108598	2021-03-12 19:43:02	1	1	15	0
   108658	2021-03-12 19:44:36	1	1	15	0
   108663	2021-03-12 19:44:44	1	1	15	0
   108472	2021-03-13 06:48:14	1	1	15	0
   102526	2021-03-13 06:48:55	1	1	15	0
   102526	2021-03-13 06:48:57	1	1	15	0
   102526	2021-03-13 06:49:13	1	1	15	0
   108538	2021-03-13 06:52:59	1	1	15	0
   108538	2021-03-13 06:53:02	1	1	15	0
    10309	2021-03-13 07:50:13	1	1	15	0
   108538	2021-03-13 15:33:49	1	1	15	0
   108538	2021-03-13 15:33:51	1	1	15	0
   108472	2021-03-13 15:37:01	1	1	15	0
   102526	2021-03-13 15:59:08	1	1	15	0
    10309	2021-03-13 16:01:50	1	1	15	0
    10456	2021-03-15 05:59:50	1	0	15	0
   101437	2021-03-15 06:33:30	1	0	15	0
   101437	2021-03-15 06:33:33	1	0	15	0
   108585	2021-03-15 06:37:10	1	0	15	0
   101436	2021-03-15 06:48:54	1	0	15	0
   102526	2021-03-15 06:56:30	1	0	15	0
   108662	2021-03-15 06:57:29	1	0	15	0
   108533	2021-03-15 07:00:12	1	0	15	0
   108663	2021-03-15 07:12:16	1	0	15	0
    10550	2021-03-15 07:13:24	1	0	15	0
    10372	2021-03-15 07:16:47	1	0	15	0
   108538	2021-03-15 07:18:48	1	0	15	0
   108667	2021-03-15 07:19:47	1	0	15	0
   108630	2021-03-15 07:23:22	1	0	15	0
   108630	2021-03-15 07:23:24	1	0	15	0
   101451	2021-03-15 07:24:18	1	0	15	0
    10080	2021-03-15 07:25:50	1	0	15	0
   108556	2021-03-15 07:28:08	1	0	15	0
   102542	2021-03-15 07:29:04	1	0	15	0
   108472	2021-03-15 07:29:34	1	0	15	0
   108654	2021-03-15 07:29:57	1	0	15	0
   108610	2021-03-15 07:31:38	1	0	15	0
    10221	2021-03-15 07:31:55	1	0	15	0
   108568	2021-03-15 07:35:29	1	0	15	0
   108505	2021-03-15 07:36:45	1	0	15	0
   108549	2021-03-15 07:36:56	1	0	15	0
   108608	2021-03-15 07:38:11	1	0	15	0
   108658	2021-03-15 07:38:34	1	0	15	0
    10065	2021-03-15 07:42:26	1	0	15	0
    10033	2021-03-15 07:42:39	1	0	15	0
    10138	2021-03-15 07:44:10	1	0	15	0
    10025	2021-03-15 07:44:43	1	0	15	0
    10278	2021-03-15 07:44:54	1	0	15	0
   101432	2021-03-15 07:45:12	1	0	15	0
   108612	2021-03-15 07:45:19	1	0	15	0
    10076	2021-03-15 07:47:01	1	0	15	0
    10076	2021-03-15 07:47:03	1	0	15	0
    10129	2021-03-15 07:47:24	1	0	15	0
    10127	2021-03-15 07:47:33	1	0	15	0
   102524	2021-03-15 07:47:49	1	0	15	0
   108469	2021-03-15 07:50:13	1	0	15	0
   108635	2021-03-15 07:52:34	1	0	15	0
    10228	2021-03-15 07:52:44	1	0	15	0
    10228	2021-03-15 07:52:46	1	0	15	0
   102544	2021-03-15 07:53:35	1	0	15	0
   108591	2021-03-15 07:53:50	1	0	15	0
   108619	2021-03-15 07:56:35	1	0	15	0
    10032	2021-03-15 07:58:10	1	0	15	0
    10063	2021-03-15 07:58:21	1	0	15	0
    10149	2021-03-15 07:58:30	1	0	15	0
    10149	2021-03-15 07:58:32	1	0	15	0
   108489	2021-03-15 07:58:39	1	0	15	0
   108523	2021-03-15 07:58:49	1	0	15	0
   108638	2021-03-15 07:58:58	1	0	15	0
   500001	2021-03-15 07:59:44	1	0	15	0
    10309	2021-03-15 08:01:10	1	0	15	0
    10284	2021-03-15 08:02:13	1	0	15	0
   108666	2021-03-15 08:04:58	1	0	15	0
   108579	2021-03-15 08:05:06	1	0	15	0
   108636	2021-03-15 08:10:23	1	0	15	0
   108611	2021-03-15 08:14:57	1	0	15	0
    10458	2021-03-15 08:15:11	1	0	15	0
    19980	2021-03-15 08:16:44	1	0	15	0
   108515	2021-03-15 08:29:34	1	0	15	0
   102579	2021-03-15 08:55:07	1	0	15	0
   108617	2021-03-15 11:18:34	1	0	15	0
    10550	2021-03-15 12:04:24	1	0	15	0
   102526	2021-03-15 16:02:17	1	0	15	0
    10309	2021-03-15 16:02:43	1	0	15	0
   101437	2021-03-15 16:03:44	1	0	15	0
   108472	2021-03-15 16:04:17	1	0	15	0
   108612	2021-03-15 16:04:47	1	1	15	0
    10356	2021-03-15 16:04:56	1	1	15	0
    10214	2021-03-15 16:05:08	1	1	15	0
   108538	2021-03-15 16:05:43	1	1	15	0
    10284	2021-03-15 16:06:44	1	1	15	0
    10138	2021-03-15 16:06:53	1	1	15	0
   101436	2021-03-15 16:06:58	1	1	15	0
   108469	2021-03-15 16:08:17	1	1	15	0
    10278	2021-03-15 16:19:24	1	1	15	0
   108549	2021-03-15 16:20:13	1	1	15	0
    10228	2021-03-15 16:28:33	1	1	15	0
   108654	2021-03-15 17:01:04	1	1	15	0
    10025	2021-03-15 17:01:14	1	1	15	0
    10372	2021-03-15 17:01:20	1	1	15	0
   102544	2021-03-15 17:01:47	1	1	15	0
   108630	2021-03-15 17:01:53	1	1	15	0
   108533	2021-03-15 17:02:00	1	1	15	0
    10456	2021-03-15 17:02:10	1	1	15	0
    10456	2021-03-15 17:02:12	1	1	15	0
   101451	2021-03-15 17:02:22	1	1	15	0
    10080	2021-03-15 17:02:29	1	1	15	0
   108619	2021-03-15 17:02:35	1	1	15	0
   108617	2021-03-15 17:02:50	1	1	15	0
   101432	2021-03-15 17:03:04	1	1	15	0
   108636	2021-03-15 17:03:13	1	1	15	0
    10033	2021-03-15 17:03:22	1	1	15	0
    19980	2021-03-15 17:03:38	1	1	15	0
   108556	2021-03-15 17:03:56	1	1	15	0
    10458	2021-03-15 17:04:11	1	1	15	0
   108608	2021-03-15 17:04:57	1	1	15	0
   108579	2021-03-15 17:05:04	1	1	15	0
    10065	2021-03-15 17:05:18	1	1	15	0
   108591	2021-03-15 17:05:34	1	1	15	0
   108662	2021-03-15 17:07:21	1	1	15	0
   108667	2021-03-15 17:07:29	1	1	15	0
   108638	2021-03-15 17:10:07	1	1	15	0
   108568	2021-03-15 17:10:53	1	1	15	0
    10221	2021-03-15 17:11:02	1	1	15	0
   108489	2021-03-15 17:11:28	1	1	15	0
   500001	2021-03-15 17:12:35	1	1	15	0
   108611	2021-03-15 17:12:54	1	1	15	0
    10063	2021-03-15 17:13:26	1	1	15	0
   102524	2021-03-15 17:21:03	1	1	15	0
    10032	2021-03-15 17:21:27	1	1	15	0
    10076	2021-03-15 17:25:46	1	1	15	0
    10149	2021-03-15 17:26:42	1	1	15	0
   108515	2021-03-15 17:28:36	1	1	15	0
   108585	2021-03-15 17:28:45	1	1	15	0
   102542	2021-03-15 17:30:54	1	1	15	0
   108666	2021-03-15 17:37:46	1	1	15	0
   108505	2021-03-15 17:43:25	1	1	15	0
   108523	2021-03-15 18:05:38	1	1	15	0
    10129	2021-03-15 19:00:16	1	1	15	0
   102579	2021-03-15 20:02:47	1	1	15	0
   108610	2021-03-15 20:05:09	1	1	15	0
    10127	2021-03-15 20:05:19	1	1	15	0
   108658	2021-03-15 20:05:35	1	1	15	0
   108663	2021-03-15 20:05:41	1	1	15	0
   108598	2021-03-15 20:06:18	1	1	15	0
    10214	2021-03-16 03:11:32	1	0	15	0
    10214	2021-03-16 03:11:34	1	0	15	0
    10348	2021-03-16 03:12:04	1	0	15	0
    10356	2021-03-16 03:12:19	1	0	15	0
    10356	2021-03-16 03:12:21	1	0	15	0
    10456	2021-03-16 06:01:11	1	0	15	0
   101437	2021-03-16 06:26:36	1	0	15	0
   108617	2021-03-16 06:47:17	1	0	15	0
   102526	2021-03-16 06:51:49	1	0	15	0
   108587	2021-03-16 07:00:06	1	0	15	0
   108587	2021-03-16 07:00:08	1	0	15	0
   108662	2021-03-16 07:01:54	1	0	15	0
   101451	2021-03-16 07:08:26	1	0	15	0
    10372	2021-03-16 07:10:17	1	0	15	0
   108533	2021-03-16 07:11:26	1	0	15	0
   108593	2021-03-16 07:15:03	1	0	15	0
   108612	2021-03-16 07:15:19	1	0	15	0
   108663	2021-03-16 07:16:53	1	0	15	0
   108630	2021-03-16 07:17:41	1	0	15	0
    10080	2021-03-16 07:19:21	1	0	15	0
   108556	2021-03-16 07:19:37	1	0	15	0
   108667	2021-03-16 07:20:32	1	0	15	0
   108472	2021-03-16 07:22:23	1	0	15	0
    10065	2021-03-16 07:23:04	1	0	15	0
    10065	2021-03-16 07:23:06	1	0	15	0
    10065	2021-03-16 07:23:13	1	0	15	0
   108523	2021-03-16 07:24:01	1	0	15	0
   108505	2021-03-16 07:24:13	1	0	15	0
    10127	2021-03-16 07:24:24	1	0	15	0
    10398	2021-03-16 07:24:33	1	0	15	0
   108610	2021-03-16 07:26:53	1	0	15	0
   108658	2021-03-16 07:28:39	1	0	15	0
   108538	2021-03-16 07:32:44	1	0	15	0
    10278	2021-03-16 07:35:30	1	0	15	0
   108654	2021-03-16 07:36:54	1	0	15	0
   108549	2021-03-16 07:38:57	1	0	15	0
   102542	2021-03-16 07:39:46	1	0	15	0
   101436	2021-03-16 07:42:28	1	0	15	0
   108568	2021-03-16 07:44:07	1	0	15	0
    10138	2021-03-16 07:45:00	1	0	15	0
   108469	2021-03-16 07:45:12	1	0	15	0
    10284	2021-03-16 07:46:27	1	0	15	0
    10025	2021-03-16 07:47:53	1	0	15	0
    10129	2021-03-16 07:48:30	1	0	15	0
   108650	2021-03-16 07:50:00	1	0	15	0
   108608	2021-03-16 07:50:21	1	0	15	0
    10033	2021-03-16 07:52:17	1	0	15	0
   108635	2021-03-16 07:53:23	1	0	15	0
   108636	2021-03-16 07:54:44	1	0	15	0
   101432	2021-03-16 07:55:20	1	0	15	0
    10228	2021-03-16 07:55:33	1	0	15	0
   102544	2021-03-16 07:55:39	1	0	15	0
   108613	2021-03-16 07:57:40	1	0	15	0
    10550	2021-03-16 07:57:54	1	0	15	0
    19980	2021-03-16 07:58:47	1	0	15	0
   108619	2021-03-16 07:58:52	1	0	15	0
    10032	2021-03-16 07:59:43	1	0	15	0
    10309	2021-03-16 08:00:36	1	0	15	0
    10063	2021-03-16 08:01:22	1	0	15	0
    10149	2021-03-16 08:01:30	1	0	15	0
    10149	2021-03-16 08:01:33	1	0	15	0
   108489	2021-03-16 08:01:44	1	0	15	0
   108638	2021-03-16 08:02:05	1	0	15	0
   108666	2021-03-16 08:05:10	1	0	15	0
   108591	2021-03-16 08:05:26	1	0	15	0
   108579	2021-03-16 08:05:35	1	0	15	0
    10458	2021-03-16 08:07:22	1	0	15	0
   500001	2021-03-16 08:14:24	1	0	15	0
   108665	2021-03-16 08:27:29	1	0	15	0
   102579	2021-03-16 08:42:08	1	0	15	0
   102579	2021-03-16 08:42:11	1	0	15	0
   108515	2021-03-16 09:07:28	1	0	15	0
    10076	2021-03-16 09:26:08	1	0	15	0
    10550	2021-03-16 12:02:22	1	0	15	0
    10214	2021-03-16 13:42:18	1	1	15	0
    10356	2021-03-16 13:42:36	1	1	15	0
    10348	2021-03-16 13:42:55	1	1	15	0
    10348	2021-03-16 13:42:57	1	1	15	0
   108629	2021-03-16 13:48:23	1	1	15	0
   101437	2021-03-16 16:02:05	1	1	15	0
   102526	2021-03-16 16:02:29	1	1	15	0
    10284	2021-03-16 16:02:53	1	1	15	0
    10456	2021-03-16 16:03:05	1	1	15	0
   108612	2021-03-16 16:03:14	1	1	15	0
   108472	2021-03-16 16:03:38	1	1	15	0
   108538	2021-03-16 16:03:45	1	1	15	0
    10138	2021-03-16 16:04:30	1	1	15	0
    10228	2021-03-16 16:06:06	1	1	15	0
    10309	2021-03-16 16:08:46	1	1	15	0
   108469	2021-03-16 16:53:17	1	1	15	0
   108630	2021-03-16 17:00:35	1	1	15	0
   108613	2021-03-16 17:00:43	1	1	15	0
   101451	2021-03-16 17:00:58	1	1	15	0
   108533	2021-03-16 17:01:28	1	1	15	0
    10080	2021-03-16 17:01:36	1	1	15	0
   108636	2021-03-16 17:01:46	1	1	15	0
   108593	2021-03-16 17:01:57	1	1	15	0
    10372	2021-03-16 17:02:12	1	1	15	0
    10398	2021-03-16 17:02:22	1	1	15	0
   102544	2021-03-16 17:02:35	1	1	15	0
   108549	2021-03-16 17:02:50	1	1	15	0
   108587	2021-03-16 17:03:16	1	1	15	0
   108587	2021-03-16 17:03:18	1	1	15	0
   108629	2021-03-16 17:03:21	1	1	15	0
    10033	2021-03-16 17:03:27	1	1	15	0
    19980	2021-03-16 17:03:37	1	1	15	0
   108591	2021-03-16 17:03:45	1	1	15	0
   101432	2021-03-16 17:03:59	1	1	15	0
   108650	2021-03-16 17:04:10	1	1	15	0
   108579	2021-03-16 17:04:19	1	1	15	0
   108619	2021-03-16 17:04:25	1	1	15	0
   108619	2021-03-16 17:04:28	1	1	15	0
   108556	2021-03-16 17:04:34	1	1	15	0
    10278	2021-03-16 17:04:43	1	1	15	0
   108608	2021-03-16 17:04:51	1	1	15	0
    10065	2021-03-16 17:05:07	1	1	15	0
    10025	2021-03-16 17:05:20	1	1	15	0
    10032	2021-03-16 17:05:53	1	1	15	0
   108662	2021-03-16 17:06:02	1	1	15	0
   108667	2021-03-16 17:06:24	1	1	15	0
   108635	2021-03-16 17:07:20	1	1	15	0
   108515	2021-03-16 17:08:00	1	1	15	0
   108666	2021-03-16 17:11:57	1	1	15	0
   500001	2021-03-16 17:12:37	1	1	15	0
   108638	2021-03-16 17:12:47	1	1	15	0
   102579	2021-03-16 17:30:31	1	1	15	0
   108489	2021-03-16 17:30:55	1	1	15	0
   108658	2021-03-16 17:31:52	1	1	15	0
   108663	2021-03-16 17:32:01	1	1	15	0
   108610	2021-03-16 17:32:07	1	1	15	0
   108568	2021-03-16 17:33:53	1	1	15	0
   102542	2021-03-16 17:34:49	1	1	15	0
    10063	2021-03-16 17:36:06	1	1	15	0
    10458	2021-03-16 17:39:03	1	1	15	0
    10149	2021-03-16 17:40:07	1	1	15	0
   108665	2021-03-16 17:40:32	1	1	15	0
    10076	2021-03-16 17:41:03	1	1	15	0
   108505	2021-03-16 17:47:42	1	1	15	0
    10129	2021-03-16 18:40:34	1	1	15	0
   108523	2021-03-16 20:08:41	1	1	15	0
    10127	2021-03-16 20:08:53	1	1	15	0
    10456	2021-03-17 06:00:21	1	0	15	0
   101437	2021-03-17 06:16:15	1	0	15	0
   101437	2021-03-17 06:16:17	1	0	15	0
   102526	2021-03-17 06:37:25	1	0	15	0
   108662	2021-03-17 06:42:02	1	0	15	0
   108617	2021-03-17 06:53:50	1	0	15	0
   108638	2021-03-17 06:57:56	1	0	15	0
    10214	2021-03-17 07:00:11	1	0	15	0
    10356	2021-03-17 07:00:19	1	0	15	0
    10372	2021-03-17 07:09:24	1	0	15	0
    10372	2021-03-17 07:09:27	1	0	15	0
   101451	2021-03-17 07:11:45	1	0	15	0
   108533	2021-03-17 07:11:55	1	0	15	0
   108630	2021-03-17 07:12:16	1	0	15	0
   108593	2021-03-17 07:12:35	1	0	15	0
    10080	2021-03-17 07:13:23	1	0	15	0
   108587	2021-03-17 07:14:04	1	0	15	0
   108585	2021-03-17 07:16:17	1	0	15	0
   108612	2021-03-17 07:17:02	1	0	15	0
    10129	2021-03-17 07:20:19	1	0	15	0
    10065	2021-03-17 07:22:42	1	0	15	0
    10120	2021-03-17 07:23:35	1	0	15	0
   108505	2021-03-17 07:24:39	1	0	15	0
   108523	2021-03-17 07:25:12	1	0	15	0
    10278	2021-03-17 07:25:53	1	0	15	0
   108472	2021-03-17 07:26:12	1	0	15	0
   108610	2021-03-17 07:29:36	1	0	15	0
   108654	2021-03-17 07:29:56	1	0	15	0
   108538	2021-03-17 07:31:03	1	0	15	0
   108663	2021-03-17 07:31:11	1	0	15	0
   108667	2021-03-17 07:34:38	1	0	15	0
   108549	2021-03-17 07:36:53	1	0	15	0
    10221	2021-03-17 07:37:14	1	0	15	0
   108568	2021-03-17 07:41:15	1	0	15	0
   108658	2021-03-17 07:42:02	1	0	15	0
   101432	2021-03-17 07:42:08	1	0	15	0
   108556	2021-03-17 07:42:29	1	0	15	0
   108608	2021-03-17 07:43:02	1	0	15	0
   102542	2021-03-17 07:43:26	1	0	15	0
   102542	2021-03-17 07:43:28	1	0	15	0
    10228	2021-03-17 07:45:10	1	0	15	0
    10033	2021-03-17 07:45:32	1	0	15	0
   108636	2021-03-17 07:45:56	1	0	15	0
   108598	2021-03-17 07:46:07	1	0	15	0
    10284	2021-03-17 07:46:50	1	0	15	0
    10025	2021-03-17 07:48:15	1	0	15	0
   108613	2021-03-17 07:48:26	1	0	15	0
    10138	2021-03-17 07:48:38	1	0	15	0
    10127	2021-03-17 07:48:55	1	0	15	0
   108469	2021-03-17 07:50:43	1	0	15	0
   108635	2021-03-17 07:52:52	1	0	15	0
    10348	2021-03-17 07:54:35	1	0	15	0
   108611	2021-03-17 07:54:40	1	0	15	0
    10032	2021-03-17 07:55:31	1	0	15	0
    10032	2021-03-17 07:55:33	1	0	15	0
   108619	2021-03-17 07:58:22	1	0	15	0
    19980	2021-03-17 07:59:29	1	0	15	0
   108579	2021-03-17 08:05:25	1	0	15	0
   102524	2021-03-17 08:07:14	1	0	15	0
   500001	2021-03-17 08:10:35	1	0	15	0
   102544	2021-03-17 08:11:47	1	0	15	0
    10550	2021-03-17 08:16:34	1	0	15	0
    10063	2021-03-17 08:16:56	1	0	15	0
    10149	2021-03-17 08:17:03	1	0	15	0
   108489	2021-03-17 08:17:09	1	0	15	0
    10076	2021-03-17 08:17:20	1	0	15	0
   108666	2021-03-17 08:17:36	1	0	15	0
   108591	2021-03-17 08:18:22	1	0	15	0
   108650	2021-03-17 08:20:32	1	0	15	0
   102579	2021-03-17 08:57:52	1	0	15	0
   108515	2021-03-17 09:15:11	1	0	15	0
   108630	2021-03-17 16:02:34	1	0	15	0
   102544	2021-03-17 16:03:55	1	1	15	0
    10456	2021-03-17 16:04:04	1	1	15	0
   108612	2021-03-17 16:04:16	1	1	15	0
    10228	2021-03-17 16:04:27	1	1	15	0
    10356	2021-03-17 16:04:49	1	1	15	0
   101437	2021-03-17 16:04:59	1	1	15	0
   108538	2021-03-17 16:05:12	1	1	15	0
   108549	2021-03-17 16:05:39	1	1	15	0
    10278	2021-03-17 16:05:47	1	1	15	0
    10278	2021-03-17 16:05:49	1	1	15	0
    10284	2021-03-17 16:05:57	1	1	15	0
   108472	2021-03-17 16:06:21	1	1	15	0
   108469	2021-03-17 16:07:53	1	1	15	0
   101432	2021-03-17 17:00:39	1	1	15	0
   108593	2021-03-17 17:00:57	1	1	15	0
   108613	2021-03-17 17:01:22	1	1	15	0
   101451	2021-03-17 17:02:01	1	1	15	0
    10372	2021-03-17 17:02:28	1	1	15	0
   108533	2021-03-17 17:02:34	1	1	15	0
    10080	2021-03-17 17:02:42	1	1	15	0
   108619	2021-03-17 17:02:48	1	1	15	0
    10025	2021-03-17 17:03:06	1	1	15	0
   108617	2021-03-17 17:03:17	1	1	15	0
    19980	2021-03-17 17:03:23	1	1	15	0
   102526	2021-03-17 17:03:29	1	1	15	0
   108587	2021-03-17 17:03:38	1	1	15	0
   108587	2021-03-17 17:03:40	1	1	15	0
    10138	2021-03-17 17:03:44	1	1	15	0
    10033	2021-03-17 17:03:58	1	1	15	0
   108636	2021-03-17 17:04:07	1	1	15	0
   108556	2021-03-17 17:04:22	1	1	15	0
    10065	2021-03-17 17:04:41	1	1	15	0
   102524	2021-03-17 17:04:52	1	1	15	0
    10550	2021-03-17 17:05:07	1	1	15	0
   108591	2021-03-17 17:05:26	1	1	15	0
   108650	2021-03-17 17:05:43	1	1	15	0
   108579	2021-03-17 17:06:03	1	1	15	0
   108635	2021-03-17 17:06:11	1	1	15	0
   108611	2021-03-17 17:06:30	1	1	15	0
   108608	2021-03-17 17:07:02	1	1	15	0
   108608	2021-03-17 17:07:05	1	1	15	0
    10221	2021-03-17 17:07:41	1	1	15	0
    10458	2021-03-17 17:07:54	1	1	15	0
   108667	2021-03-17 17:08:21	1	1	15	0
   102579	2021-03-17 17:08:34	1	1	15	0
   102579	2021-03-17 17:08:36	1	1	15	0
   108662	2021-03-17 17:10:09	1	1	15	0
   108585	2021-03-17 17:10:42	1	1	15	0
    10032	2021-03-17 17:11:40	1	1	15	0
   500001	2021-03-17 17:15:38	1	1	15	0
   108638	2021-03-17 17:20:06	1	1	15	0
   102542	2021-03-17 17:22:26	1	1	15	0
   108568	2021-03-17 17:33:28	1	1	15	0
   108505	2021-03-17 17:39:17	1	1	15	0
   108489	2021-03-17 17:43:33	1	1	15	0
    10063	2021-03-17 17:46:48	1	1	15	0
   108666	2021-03-17 17:48:11	1	1	15	0
   108610	2021-03-17 17:48:44	1	1	15	0
   108610	2021-03-17 17:48:47	1	1	15	0
    10149	2021-03-17 17:51:08	1	1	15	0
    10076	2021-03-17 17:53:39	1	1	15	0
   108515	2021-03-17 17:56:39	1	1	15	0
    10129	2021-03-17 18:37:10	1	1	15	0
   108523	2021-03-17 19:59:28	1	1	15	0
    10127	2021-03-17 20:00:23	1	1	15	0
   108663	2021-03-17 20:04:51	1	1	15	0
   108658	2021-03-17 20:06:22	1	1	15	0
    10456	2021-03-18 05:47:16	1	0	15	0
   101437	2021-03-18 06:23:33	1	0	15	0
   101437	2021-03-18 06:23:36	1	0	15	0
   102526	2021-03-18 06:35:00	1	0	15	0
   108663	2021-03-18 06:37:07	1	0	15	0
   108617	2021-03-18 06:57:26	1	0	15	0
   108630	2021-03-18 07:07:45	1	0	15	0
   108587	2021-03-18 07:08:03	1	0	15	0
   108587	2021-03-18 07:08:06	1	0	15	0
   108662	2021-03-18 07:09:16	1	0	15	0
   108585	2021-03-18 07:11:36	1	0	15	0
   108533	2021-03-18 07:12:44	1	0	15	0
   101451	2021-03-18 07:14:11	1	0	15	0
   108593	2021-03-18 07:16:51	1	0	15	0
    10372	2021-03-18 07:19:53	1	0	15	0
   108556	2021-03-18 07:21:22	1	0	15	0
   108523	2021-03-18 07:25:01	1	0	15	0
   108612	2021-03-18 07:25:10	1	0	15	0
    10127	2021-03-18 07:26:39	1	0	15	0
   108472	2021-03-18 07:28:34	1	0	15	0
    10080	2021-03-18 07:30:04	1	0	15	0
    10356	2021-03-18 07:31:00	1	0	15	0
   108549	2021-03-18 07:31:25	1	0	15	0
   108549	2021-03-18 07:31:27	1	0	15	0
   108610	2021-03-18 07:32:14	1	0	15	0
    10025	2021-03-18 07:34:31	1	0	15	0
   108658	2021-03-18 07:34:50	1	0	15	0
    10278	2021-03-18 07:39:13	1	0	15	0
   108667	2021-03-18 07:40:10	1	0	15	0
   108568	2021-03-18 07:41:11	1	0	15	0
   102524	2021-03-18 07:41:22	1	0	15	0
   101436	2021-03-18 07:42:44	1	0	15	0
   108538	2021-03-18 07:44:01	1	0	15	0
   108636	2021-03-18 07:44:59	1	0	15	0
    10228	2021-03-18 07:45:29	1	0	15	0
    10221	2021-03-18 07:46:43	1	0	15	0
   108635	2021-03-18 07:46:59	1	0	15	0
    10065	2021-03-18 07:47:33	1	0	15	0
    10284	2021-03-18 07:47:50	1	0	15	0
   101432	2021-03-18 07:48:36	1	0	15	0
   102542	2021-03-18 07:49:25	1	0	15	0
   108598	2021-03-18 07:51:21	1	0	15	0
    10033	2021-03-18 07:51:35	1	0	15	0
   108666	2021-03-18 07:53:50	1	0	15	0
   108469	2021-03-18 07:55:03	1	0	15	0
    10550	2021-03-18 07:56:00	1	0	15	0
    10138	2021-03-18 07:57:10	1	0	15	0
   108619	2021-03-18 07:57:35	1	0	15	0
   108650	2021-03-18 07:58:29	1	0	15	0
    19980	2021-03-18 07:59:15	1	0	15	0
    10032	2021-03-18 07:59:57	1	0	15	0
   108638	2021-03-18 08:00:14	1	0	15	0
   102544	2021-03-18 08:01:03	1	0	15	0
   108579	2021-03-18 08:02:56	1	0	15	0
   108611	2021-03-18 08:03:06	1	0	15	0
    10458	2021-03-18 08:05:04	1	0	15	0
    10063	2021-03-18 08:05:33	1	0	15	0
    10149	2021-03-18 08:05:46	1	0	15	0
   500001	2021-03-18 08:06:00	1	0	15	0
   108665	2021-03-18 08:08:01	1	0	15	0
   108608	2021-03-18 08:08:49	1	0	15	0
   108591	2021-03-18 08:28:23	1	0	15	0
   102579	2021-03-18 08:44:27	1	0	15	0
   108515	2021-03-18 08:54:30	1	0	15	0
    10076	2021-03-18 09:40:10	1	0	15	0
   108585	2021-03-18 12:05:11	1	0	15	0
    10550	2021-03-18 12:06:23	1	0	15	0
    10129	2021-03-18 12:07:00	1	0	15	0
    10284	2021-03-18 16:04:58	1	1	15	0
   108538	2021-03-18 16:05:05	1	1	15	0
   108549	2021-03-18 16:05:35	1	1	15	0
    10278	2021-03-18 16:05:45	1	1	15	0
    10356	2021-03-18 16:05:54	1	1	15	0
   108612	2021-03-18 16:05:58	1	1	15	0
    10138	2021-03-18 16:06:14	1	1	15	0
   101437	2021-03-18 16:06:22	1	1	15	0
   108472	2021-03-18 16:06:33	1	1	15	0
    10456	2021-03-18 16:06:40	1	1	15	0
    10214	2021-03-18 16:06:52	1	1	15	0
    10228	2021-03-18 16:08:15	1	1	15	0
    10228	2021-03-18 16:08:17	1	1	15	0
    10348	2021-03-18 16:17:06	1	1	15	0
   108593	2021-03-18 17:00:37	1	1	15	0
   108654	2021-03-18 17:00:49	1	1	15	0
    10372	2021-03-18 17:00:57	1	1	15	0
   102544	2021-03-18 17:01:05	1	1	15	0
    10080	2021-03-18 17:01:11	1	1	15	0
   101436	2021-03-18 17:01:21	1	1	15	0
   108630	2021-03-18 17:01:27	1	1	15	0
   108533	2021-03-18 17:01:34	1	1	15	0
   102526	2021-03-18 17:01:40	1	1	15	0
   108587	2021-03-18 17:01:46	1	1	15	0
   108617	2021-03-18 17:01:54	1	1	15	0
    19980	2021-03-18 17:02:20	1	1	15	0
   101451	2021-03-18 17:02:28	1	1	15	0
   101432	2021-03-18 17:02:39	1	1	15	0
   108636	2021-03-18 17:02:55	1	1	15	0
   108469	2021-03-18 17:03:22	1	1	15	0
   108608	2021-03-18 17:03:29	1	1	15	0
   108650	2021-03-18 17:03:38	1	1	15	0
   108579	2021-03-18 17:03:43	1	1	15	0
    10221	2021-03-18 17:03:56	1	1	15	0
   108556	2021-03-18 17:04:07	1	1	15	0
   108611	2021-03-18 17:04:16	1	1	15	0
   108619	2021-03-18 17:04:22	1	1	15	0
    10458	2021-03-18 17:04:35	1	1	15	0
   102524	2021-03-18 17:04:45	1	1	15	0
   108667	2021-03-18 17:05:32	1	1	15	0
   108662	2021-03-18 17:05:40	1	1	15	0
   108665	2021-03-18 17:05:58	1	1	15	0
   108591	2021-03-18 17:06:11	1	1	15	0
    10025	2021-03-18 17:06:21	1	1	15	0
    10065	2021-03-18 17:07:30	1	1	15	0
    10033	2021-03-18 17:07:51	1	1	15	0
   108635	2021-03-18 17:08:15	1	1	15	0
   500001	2021-03-18 17:13:32	1	1	15	0
    10032	2021-03-18 17:15:53	1	1	15	0
   108638	2021-03-18 17:18:17	1	1	15	0
   102542	2021-03-18 17:20:15	1	1	15	0
   108515	2021-03-18 17:30:31	1	1	15	0
    10127	2021-03-18 17:31:15	1	1	15	0
   108568	2021-03-18 17:31:46	1	1	15	0
   108610	2021-03-18 17:32:04	1	1	15	0
   108610	2021-03-18 17:32:07	1	1	15	0
    10063	2021-03-18 17:36:12	1	1	15	0
   108666	2021-03-18 17:36:36	1	1	15	0
    10149	2021-03-18 17:38:32	1	1	15	0
    10076	2021-03-18 17:39:03	1	1	15	0
   102579	2021-03-18 18:13:49	1	1	15	0
   102579	2021-03-18 18:13:51	1	1	15	0
    10129	2021-03-18 18:17:19	1	1	15	0
   108523	2021-03-18 18:40:12	1	1	15	0
   108658	2021-03-18 20:34:06	1	1	15	0
   108663	2021-03-18 20:34:14	1	1	15	0
    10456	2021-03-19 05:48:10	1	0	15	0
   101437	2021-03-19 06:22:04	1	0	15	0
   108662	2021-03-19 06:32:36	1	0	15	0
   102526	2021-03-19 06:35:16	1	0	15	0
   108663	2021-03-19 06:37:54	1	0	15	0
   108617	2021-03-19 06:57:00	1	0	15	0
   108587	2021-03-19 07:00:44	1	0	15	0
   108630	2021-03-19 07:07:48	1	0	15	0
    10214	2021-03-19 07:10:48	1	0	15	0
    10356	2021-03-19 07:11:16	1	0	15	0
   108612	2021-03-19 07:15:14	1	0	15	0
   101451	2021-03-19 07:17:28	1	0	15	0
   108523	2021-03-19 07:18:46	1	0	15	0
    10080	2021-03-19 07:19:10	1	0	15	0
    10065	2021-03-19 07:21:12	1	0	15	0
   108556	2021-03-19 07:21:47	1	0	15	0
   108585	2021-03-19 07:25:46	1	0	15	0
   108667	2021-03-19 07:26:03	1	0	15	0
    10372	2021-03-19 07:28:59	1	0	15	0
   108654	2021-03-19 07:29:18	1	0	15	0
   108472	2021-03-19 07:29:36	1	0	15	0
    10284	2021-03-19 07:32:44	1	0	15	0
    10278	2021-03-19 07:34:45	1	0	15	0
   108658	2021-03-19 07:35:28	1	0	15	0
   108538	2021-03-19 07:36:17	1	0	15	0
   108593	2021-03-19 07:37:05	1	0	15	0
   108505	2021-03-19 07:37:15	1	0	15	0
   108505	2021-03-19 07:37:17	1	0	15	0
   108505	2021-03-19 07:37:23	1	0	15	0
   102542	2021-03-19 07:37:58	1	0	15	0
   108635	2021-03-19 07:38:36	1	0	15	0
    10228	2021-03-19 07:42:06	1	0	15	0
   108610	2021-03-19 07:43:21	1	0	15	0
    10033	2021-03-19 07:43:32	1	0	15	0
    10127	2021-03-19 07:43:43	1	0	15	0
    10127	2021-03-19 07:43:46	1	0	15	0
   108469	2021-03-19 07:45:03	1	0	15	0
   108636	2021-03-19 07:45:55	1	0	15	0
    10129	2021-03-19 07:50:01	1	0	15	0
    10138	2021-03-19 07:50:59	1	0	15	0
   108568	2021-03-19 07:51:38	1	0	15	0
    10550	2021-03-19 07:52:40	1	0	15	0
   108549	2021-03-19 07:53:24	1	0	15	0
    10221	2021-03-19 07:54:10	1	0	15	0
    10309	2021-03-19 07:54:21	1	0	15	0
    10025	2021-03-19 07:54:53	1	0	15	0
    10025	2021-03-19 07:54:55	1	0	15	0
   108638	2021-03-19 07:55:01	1	0	15	0
   101432	2021-03-19 07:55:48	1	0	15	0
   108619	2021-03-19 07:57:04	1	0	15	0
    10032	2021-03-19 07:59:13	1	0	15	0
   108515	2021-03-19 08:00:15	1	0	15	0
   108579	2021-03-19 08:00:46	1	0	15	0
   108611	2021-03-19 08:02:45	1	0	15	0
    10063	2021-03-19 08:05:14	1	0	15	0
    10149	2021-03-19 08:05:23	1	0	15	0
    10149	2021-03-19 08:05:25	1	0	15	0
   108489	2021-03-19 08:05:45	1	0	15	0
    10076	2021-03-19 08:05:51	1	0	15	0
   102524	2021-03-19 08:06:01	1	0	15	0
   108591	2021-03-19 08:09:58	1	0	15	0
   500001	2021-03-19 08:11:02	1	0	15	0
    10458	2021-03-19 08:15:43	1	0	15	0
   108666	2021-03-19 08:17:05	1	0	15	0
   108650	2021-03-19 08:25:00	1	0	15	0
    10398	2021-03-19 08:45:31	1	0	15	0
   102579	2021-03-19 09:11:03	1	0	15	0
   108629	2021-03-19 12:45:46	1	0	15	0
   108630	2021-03-19 16:02:46	1	0	15	0
   101437	2021-03-19 16:04:51	1	1	15	0
   108538	2021-03-19 16:05:36	1	1	15	0
   108472	2021-03-19 16:06:58	1	1	15	0
    10284	2021-03-19 16:07:33	1	1	15	0
    10278	2021-03-19 16:08:03	1	1	15	0
   102526	2021-03-19 16:08:14	1	1	15	0
   108587	2021-03-19 16:08:36	1	1	15	0
    10398	2021-03-19 16:09:11	1	1	15	0
   108612	2021-03-19 16:11:05	1	1	15	0
   108549	2021-03-19 16:15:22	1	1	15	0
    10138	2021-03-19 16:16:30	1	1	15	0
   108469	2021-03-19 16:26:43	1	1	15	0
    10228	2021-03-19 16:42:58	1	1	15	0
   101432	2021-03-19 17:00:34	1	1	15	0
   108593	2021-03-19 17:00:41	1	1	15	0
   108654	2021-03-19 17:01:03	1	1	15	0
    10372	2021-03-19 17:01:15	1	1	15	0
   101451	2021-03-19 17:01:23	1	1	15	0
    10080	2021-03-19 17:01:31	1	1	15	0
   108619	2021-03-19 17:01:41	1	1	15	0
   108568	2021-03-19 17:01:52	1	1	15	0
   108617	2021-03-19 17:02:12	1	1	15	0
   108515	2021-03-19 17:02:18	1	1	15	0
    10456	2021-03-19 17:02:28	1	1	15	0
    10458	2021-03-19 17:02:38	1	1	15	0
    10458	2021-03-19 17:02:40	1	1	15	0
   108579	2021-03-19 17:03:13	1	1	15	0
   108650	2021-03-19 17:03:21	1	1	15	0
   108591	2021-03-19 17:03:34	1	1	15	0
   108638	2021-03-19 17:03:55	1	1	15	0
   108598	2021-03-19 17:04:10	1	1	15	0
   108658	2021-03-19 17:04:19	1	1	15	0
   108610	2021-03-19 17:04:27	1	1	15	0
   108629	2021-03-19 17:04:41	1	1	15	0
   108663	2021-03-19 17:04:57	1	1	15	0
   108662	2021-03-19 17:05:35	1	1	15	0
   108667	2021-03-19 17:05:45	1	1	15	0
   108667	2021-03-19 17:05:47	1	1	15	0
   500001	2021-03-19 17:05:52	1	1	15	0
   108556	2021-03-19 17:06:02	1	1	15	0
   102579	2021-03-19 17:06:13	1	1	15	0
    10033	2021-03-19 17:06:55	1	1	15	0
    10221	2021-03-19 17:07:02	1	1	15	0
    10550	2021-03-19 17:07:13	1	1	15	0
   108611	2021-03-19 17:07:34	1	1	15	0
   108636	2021-03-19 17:07:45	1	1	15	0
    10032	2021-03-19 17:07:52	1	1	15	0
   108635	2021-03-19 17:08:32	1	1	15	0
   108585	2021-03-19 17:09:04	1	1	15	0
    10025	2021-03-19 17:09:53	1	1	15	0
    10065	2021-03-19 17:10:24	1	1	15	0
   108666	2021-03-19 17:24:45	1	1	15	0
   102542	2021-03-19 17:39:58	1	1	15	0
   108505	2021-03-19 17:53:53	1	1	15	0
   108489	2021-03-19 18:09:28	1	1	15	0
    10063	2021-03-19 18:14:16	1	1	15	0
    10149	2021-03-19 18:17:27	1	1	15	0
    10127	2021-03-19 18:17:38	1	1	15	0
   102524	2021-03-19 18:17:45	1	1	15	0
    10076	2021-03-19 18:19:04	1	1	15	0
   108523	2021-03-19 18:19:13	1	1	15	0
    10129	2021-03-19 18:26:02	1	1	15	0
    10309	2021-03-19 20:45:57	1	1	15	0
    10278	2021-03-20 06:38:00	1	1	15	0
    10129	2021-03-20 06:52:26	1	1	15	0
    10348	2021-03-20 06:56:05	1	1	15	0
   108587	2021-03-20 07:06:12	1	1	15	0
    10398	2021-03-20 07:43:33	1	1	15	0
    10278	2021-03-20 15:29:24	1	1	15	0
    10348	2021-03-20 15:29:42	1	1	15	0
    10129	2021-03-20 15:32:26	1	1	15	0
   108587	2021-03-20 16:02:56	1	1	15	0
    10398	2021-03-20 20:04:32	1	1	15	0
    10398	2021-03-20 20:04:34	1	1	15	0
    10309	2021-03-21 07:57:24	1	1	15	0
    10309	2021-03-21 19:01:09	1	1	15	0
    10456	2021-03-22 05:54:52	1	0	15	0
   101437	2021-03-22 06:19:51	1	0	15	0
   108662	2021-03-22 06:35:24	1	0	15	0
   108663	2021-03-22 06:47:28	1	0	15	0
   108617	2021-03-22 06:51:24	1	0	15	0
    10372	2021-03-22 06:52:58	1	0	15	0
    10372	2021-03-22 06:53:00	1	0	15	0
   108533	2021-03-22 06:54:20	1	0	15	0
   108538	2021-03-22 07:06:08	1	0	15	0
   108587	2021-03-22 07:06:51	1	0	15	0
   108523	2021-03-22 07:10:38	1	0	15	0
   108630	2021-03-22 07:12:00	1	0	15	0
   108612	2021-03-22 07:13:52	1	0	15	0
   108585	2021-03-22 07:14:03	1	0	15	0
   108593	2021-03-22 07:15:04	1	0	15	0
    10080	2021-03-22 07:20:41	1	0	15	0
   101432	2021-03-22 07:23:23	1	0	15	0
   101451	2021-03-22 07:23:47	1	0	15	0
   108505	2021-03-22 07:28:44	1	0	15	0
   108658	2021-03-22 07:30:40	1	0	15	0
   108598	2021-03-22 07:31:07	1	0	15	0
   108667	2021-03-22 07:34:48	1	0	15	0
    10065	2021-03-22 07:36:04	1	0	15	0
    10065	2021-03-22 07:36:06	1	0	15	0
    10065	2021-03-22 07:36:13	1	0	15	0
    10278	2021-03-22 07:36:21	1	0	15	0
   102542	2021-03-22 07:37:25	1	0	15	0
   108568	2021-03-22 07:37:50	1	0	15	0
    10032	2021-03-22 07:38:00	1	0	15	0
    10398	2021-03-22 07:39:15	1	0	15	0
   108610	2021-03-22 07:39:44	1	0	15	0
    10033	2021-03-22 07:40:59	1	0	15	0
   108469	2021-03-22 07:43:29	1	0	15	0
    10221	2021-03-22 07:48:18	1	0	15	0
    10025	2021-03-22 07:50:53	1	0	15	0
    10129	2021-03-22 07:55:06	1	0	15	0
   108619	2021-03-22 07:55:40	1	0	15	0
    10284	2021-03-22 07:56:44	1	0	15	0
   108549	2021-03-22 07:57:04	1	0	15	0
   108515	2021-03-22 07:58:22	1	0	15	0
   108638	2021-03-22 07:59:31	1	0	15	0
   108635	2021-03-22 08:03:50	1	0	15	0
   108666	2021-03-22 08:04:25	1	0	15	0
   500001	2021-03-22 08:04:47	1	0	15	0
   108579	2021-03-22 08:06:21	1	0	15	0
   108636	2021-03-22 08:06:47	1	0	15	0
    10458	2021-03-22 08:07:19	1	0	15	0
   102544	2021-03-22 08:08:18	1	0	15	0
   108591	2021-03-22 08:13:30	1	0	15	0
   108650	2021-03-22 08:14:15	1	0	15	0
   108608	2021-03-22 08:15:24	1	0	15	0
    19980	2021-03-22 08:29:33	1	0	15	0
   108611	2021-03-22 08:38:33	1	0	15	0
   102524	2021-03-22 09:05:37	1	0	15	0
    10149	2021-03-22 09:05:48	1	0	15	0
    10149	2021-03-22 09:05:50	1	0	15	0
   108489	2021-03-22 09:05:56	1	0	15	0
   108489	2021-03-22 09:05:58	1	0	15	0
    10076	2021-03-22 09:06:03	1	0	15	0
    10127	2021-03-22 09:14:15	1	0	15	0
   102579	2021-03-22 10:14:23	1	0	15	0
    10033	2021-03-22 14:46:14	1	0	15	0
   101437	2021-03-22 16:02:53	1	1	15	0
   108630	2021-03-22 16:03:00	1	1	15	0
   108538	2021-03-22 16:03:08	1	1	15	0
    10284	2021-03-22 16:03:15	1	1	15	0
    10456	2021-03-22 16:03:24	1	1	15	0
   108612	2021-03-22 16:03:36	1	1	15	0
   108612	2021-03-22 16:03:38	1	1	15	0
   108549	2021-03-22 16:04:05	1	1	15	0
   102544	2021-03-22 16:04:37	1	1	15	0
    10278	2021-03-22 16:05:43	1	1	15	0
    10372	2021-03-22 16:05:49	1	1	15	0
   108587	2021-03-22 16:07:04	1	1	15	0
   108587	2021-03-22 16:07:06	1	1	15	0
   108469	2021-03-22 16:07:23	1	1	15	0
    10398	2021-03-22 16:13:56	1	1	15	0
   108515	2021-03-22 17:01:01	1	1	15	0
    10080	2021-03-22 17:01:13	1	1	15	0
    10080	2021-03-22 17:01:15	1	1	15	0
   108608	2021-03-22 17:01:21	1	1	15	0
   108533	2021-03-22 17:01:33	1	1	15	0
   108593	2021-03-22 17:01:48	1	1	15	0
   108657	2021-03-22 17:01:57	1	1	15	0
   108619	2021-03-22 17:02:04	1	1	15	0
   108638	2021-03-22 17:02:11	1	1	15	0
    10458	2021-03-22 17:02:18	1	1	15	0
   101436	2021-03-22 17:02:22	1	1	15	0
   101451	2021-03-22 17:02:28	1	1	15	0
    10221	2021-03-22 17:03:29	1	1	15	0
   101432	2021-03-22 17:04:17	1	1	15	0
   108611	2021-03-22 17:04:48	1	1	15	0
   108579	2021-03-22 17:05:10	1	1	15	0
   108505	2021-03-22 17:05:16	1	1	15	0
    10065	2021-03-22 17:05:24	1	1	15	0
    10025	2021-03-22 17:05:39	1	1	15	0
   108650	2021-03-22 17:06:03	1	1	15	0
   108667	2021-03-22 17:06:15	1	1	15	0
   108662	2021-03-22 17:06:21	1	1	15	0
    19980	2021-03-22 17:08:11	1	1	15	0
   108585	2021-03-22 17:09:52	1	1	15	0
   108591	2021-03-22 17:10:11	1	1	15	0
    10032	2021-03-22 17:13:17	1	1	15	0
   500001	2021-03-22 17:14:09	1	1	15	0
   102542	2021-03-22 17:24:13	1	1	15	0
   108617	2021-03-22 17:32:53	1	1	15	0
   108636	2021-03-22 17:34:06	1	1	15	0
   102524	2021-03-22 17:35:01	1	1	15	0
   108489	2021-03-22 17:35:35	1	1	15	0
   108666	2021-03-22 17:37:55	1	1	15	0
   108523	2021-03-22 17:38:41	1	1	15	0
   108598	2021-03-22 17:38:59	1	1	15	0
   108635	2021-03-22 17:42:02	1	1	15	0
   108610	2021-03-22 17:47:55	1	1	15	0
   108658	2021-03-22 17:49:24	1	1	15	0
   108663	2021-03-22 17:49:31	1	1	15	0
   108663	2021-03-22 17:49:34	1	1	15	0
   108568	2021-03-22 17:58:32	1	1	15	0
    10076	2021-03-22 18:08:12	1	1	15	0
    10149	2021-03-22 18:11:29	1	1	15	0
    10129	2021-03-22 18:16:15	1	1	15	0
   102579	2021-03-22 19:27:39	1	1	15	0
    10127	2021-03-22 19:27:49	1	1	15	0
    10356	2021-03-23 03:38:13	1	0	15	0
    10456	2021-03-23 05:58:23	1	0	15	0
   101437	2021-03-23 06:16:47	1	0	15	0
   102526	2021-03-23 06:39:25	1	0	15	0
   108662	2021-03-23 06:45:56	1	0	15	0
   108663	2021-03-23 06:52:42	1	0	15	0
   108533	2021-03-23 06:58:02	1	0	15	0
   108587	2021-03-23 07:00:22	1	0	15	0
   108617	2021-03-23 07:00:31	1	0	15	0
    10372	2021-03-23 07:06:24	1	0	15	0
   108612	2021-03-23 07:13:38	1	0	15	0
    10080	2021-03-23 07:16:14	1	0	15	0
   108613	2021-03-23 07:18:25	1	0	15	0
   108613	2021-03-23 07:18:28	1	0	15	0
   101451	2021-03-23 07:18:58	1	0	15	0
    10065	2021-03-23 07:19:22	1	0	15	0
   108472	2021-03-23 07:20:50	1	0	15	0
   108630	2021-03-23 07:21:01	1	0	15	0
    10398	2021-03-23 07:21:32	1	0	15	0
   108538	2021-03-23 07:28:16	1	0	15	0
   108667	2021-03-23 07:30:01	1	0	15	0
   108610	2021-03-23 07:31:32	1	0	15	0
   101432	2021-03-23 07:31:50	1	0	15	0
    10228	2021-03-23 07:32:29	1	0	15	0
   108593	2021-03-23 07:35:07	1	0	15	0
   102542	2021-03-23 07:36:04	1	0	15	0
   108585	2021-03-23 07:36:59	1	0	15	0
    10033	2021-03-23 07:37:46	1	0	15	0
    10033	2021-03-23 07:37:48	1	0	15	0
    10550	2021-03-23 07:38:23	1	0	15	0
   108523	2021-03-23 07:38:36	1	0	15	0
    10278	2021-03-23 07:42:38	1	0	15	0
   108549	2021-03-23 07:44:11	1	0	15	0
   108568	2021-03-23 07:44:23	1	0	15	0
    10025	2021-03-23 07:46:15	1	0	15	0
   108657	2021-03-23 07:48:54	1	0	15	0
   108469	2021-03-23 07:49:36	1	0	15	0
   108556	2021-03-23 07:50:55	1	0	15	0
    10138	2021-03-23 07:51:03	1	0	15	0
   108505	2021-03-23 07:51:36	1	0	15	0
    10221	2021-03-23 07:51:55	1	0	15	0
   108635	2021-03-23 07:52:41	1	0	15	0
    10129	2021-03-23 07:54:10	1	0	15	0
    10127	2021-03-23 07:54:31	1	0	15	0
    19980	2021-03-23 07:55:29	1	0	15	0
    19980	2021-03-23 07:55:31	1	0	15	0
   101436	2021-03-23 07:55:40	1	0	15	0
   108619	2021-03-23 07:56:13	1	0	15	0
    10032	2021-03-23 07:56:47	1	0	15	0
   102544	2021-03-23 07:57:19	1	0	15	0
   108636	2021-03-23 07:58:14	1	0	15	0
    10284	2021-03-23 07:59:34	1	0	15	0
   108598	2021-03-23 08:00:57	1	0	15	0
   108658	2021-03-23 08:01:03	1	0	15	0
   108515	2021-03-23 08:01:27	1	0	15	0
   108579	2021-03-23 08:03:05	1	0	15	0
   108650	2021-03-23 08:03:55	1	0	15	0
    10063	2021-03-23 08:04:08	1	0	15	0
    10149	2021-03-23 08:04:16	1	0	15	0
    10149	2021-03-23 08:04:19	1	0	15	0
   108489	2021-03-23 08:04:27	1	0	15	0
    10076	2021-03-23 08:04:36	1	0	15	0
   102524	2021-03-23 08:04:51	1	0	15	0
   108608	2021-03-23 08:08:28	1	0	15	0
   108611	2021-03-23 08:08:41	1	0	15	0
    10309	2021-03-23 08:10:17	1	0	15	0
   108591	2021-03-23 08:14:16	1	0	15	0
   108591	2021-03-23 08:14:18	1	0	15	0
    10458	2021-03-23 08:15:19	1	0	15	0
   500001	2021-03-23 08:26:56	1	0	15	0
   102579	2021-03-23 09:03:47	1	0	15	0
   108629	2021-03-23 11:57:17	1	0	15	0
    10356	2021-03-23 12:30:05	1	1	15	0
    10214	2021-03-23 12:30:29	1	1	15	0
    10348	2021-03-23 12:33:04	1	1	15	0
   102526	2021-03-23 16:02:02	1	1	15	0
   101437	2021-03-23 16:02:18	1	1	15	0
    10398	2021-03-23 16:02:28	1	1	15	0
   108587	2021-03-23 16:02:37	1	1	15	0
   108612	2021-03-23 16:02:49	1	1	15	0
   108538	2021-03-23 16:02:54	1	1	15	0
   108472	2021-03-23 16:03:03	1	1	15	0
    10456	2021-03-23 16:03:12	1	1	15	0
    10284	2021-03-23 16:03:20	1	1	15	0
   108549	2021-03-23 16:04:03	1	1	15	0
    10278	2021-03-23 16:06:27	1	1	15	0
    10278	2021-03-23 16:06:29	1	1	15	0
    10228	2021-03-23 16:06:46	1	1	15	0
    10309	2021-03-23 16:07:19	1	1	15	0
   500001	2021-03-23 16:17:50	1	1	15	0
   108593	2021-03-23 17:00:23	1	1	15	0
    10025	2021-03-23 17:00:40	1	1	15	0
   108657	2021-03-23 17:00:50	1	1	15	0
   108636	2021-03-23 17:00:59	1	1	15	0
   108613	2021-03-23 17:01:08	1	1	15	0
   108630	2021-03-23 17:01:15	1	1	15	0
   101436	2021-03-23 17:01:24	1	1	15	0
   108533	2021-03-23 17:01:29	1	1	15	0
   102544	2021-03-23 17:01:35	1	1	15	0
    10372	2021-03-23 17:01:43	1	1	15	0
    10372	2021-03-23 17:01:45	1	1	15	0
    10080	2021-03-23 17:01:51	1	1	15	0
   108619	2021-03-23 17:02:01	1	1	15	0
   101451	2021-03-23 17:02:07	1	1	15	0
   108617	2021-03-23 17:02:13	1	1	15	0
   101432	2021-03-23 17:02:52	1	1	15	0
    19980	2021-03-23 17:03:06	1	1	15	0
    10550	2021-03-23 17:03:37	1	1	15	0
   108638	2021-03-23 17:03:47	1	1	15	0
    10221	2021-03-23 17:03:57	1	1	15	0
   108611	2021-03-23 17:04:20	1	1	15	0
   108629	2021-03-23 17:04:32	1	1	15	0
    10033	2021-03-23 17:04:41	1	1	15	0
   108579	2021-03-23 17:04:50	1	1	15	0
   108650	2021-03-23 17:05:01	1	1	15	0
   108515	2021-03-23 17:05:07	1	1	15	0
   108608	2021-03-23 17:05:22	1	1	15	0
   108591	2021-03-23 17:05:36	1	1	15	0
   108667	2021-03-23 17:05:46	1	1	15	0
   108610	2021-03-23 17:05:55	1	1	15	0
   108658	2021-03-23 17:06:04	1	1	15	0
   108505	2021-03-23 17:06:11	1	1	15	0
   108598	2021-03-23 17:06:21	1	1	15	0
   108556	2021-03-23 17:06:27	1	1	15	0
    10065	2021-03-23 17:06:37	1	1	15	0
   108635	2021-03-23 17:06:56	1	1	15	0
   108662	2021-03-23 17:07:01	1	1	15	0
   108662	2021-03-23 17:07:03	1	1	15	0
   108663	2021-03-23 17:07:08	1	1	15	0
   108585	2021-03-23 17:07:28	1	1	15	0
   108489	2021-03-23 17:12:49	1	1	15	0
    10076	2021-03-23 17:13:12	1	1	15	0
   108568	2021-03-23 17:14:56	1	1	15	0
    10063	2021-03-23 17:15:35	1	1	15	0
   108666	2021-03-23 17:16:23	1	1	15	0
   102524	2021-03-23 17:17:21	1	1	15	0
    10149	2021-03-23 17:17:44	1	1	15	0
   102579	2021-03-23 17:23:35	1	1	15	0
   108469	2021-03-23 17:26:21	1	1	15	0
    10138	2021-03-23 17:31:51	1	1	15	0
    10032	2021-03-23 17:32:05	1	1	15	0
   102542	2021-03-23 17:32:34	1	1	15	0
    10129	2021-03-23 18:23:22	1	1	15	0
   108523	2021-03-23 18:34:53	1	1	15	0
    10127	2021-03-23 18:35:05	1	1	15	0
    10348	2021-03-24 03:03:40	1	0	15	0
    10214	2021-03-24 03:16:49	1	0	15	0
    10214	2021-03-24 03:16:52	1	0	15	0
    10356	2021-03-24 03:17:25	1	0	15	0
    10456	2021-03-24 05:47:05	1	0	15	0
   101437	2021-03-24 06:23:05	1	0	15	0
   108617	2021-03-24 06:49:56	1	0	15	0
   108638	2021-03-24 06:58:57	1	0	15	0
   108538	2021-03-24 07:01:25	1	0	15	0
   108587	2021-03-24 07:02:11	1	0	15	0
   108587	2021-03-24 07:02:14	1	0	15	0
   108533	2021-03-24 07:07:05	1	0	15	0
   108662	2021-03-24 07:11:19	1	0	15	0
   108663	2021-03-24 07:13:20	1	0	15	0
   108654	2021-03-24 07:13:29	1	0	15	0
   108630	2021-03-24 07:14:18	1	0	15	0
   101451	2021-03-24 07:20:46	1	0	15	0
   108472	2021-03-24 07:25:24	1	0	15	0
   102542	2021-03-24 07:26:06	1	0	15	0
    10372	2021-03-24 07:27:36	1	0	15	0
    10372	2021-03-24 07:27:38	1	0	15	0
   108667	2021-03-24 07:29:57	1	0	15	0
   108612	2021-03-24 07:32:40	1	0	15	0
   108523	2021-03-24 07:34:44	1	0	15	0
    10080	2021-03-24 07:37:05	1	0	15	0
    10080	2021-03-24 07:37:07	1	0	15	0
   108658	2021-03-24 07:38:37	1	0	15	0
   108613	2021-03-24 07:39:39	1	0	15	0
   108556	2021-03-24 07:39:51	1	0	15	0
   108556	2021-03-24 07:39:53	1	0	15	0
    10228	2021-03-24 07:40:24	1	0	15	0
   108593	2021-03-24 07:40:50	1	0	15	0
   108593	2021-03-24 07:40:52	1	0	15	0
   108610	2021-03-24 07:41:03	1	0	15	0
    10065	2021-03-24 07:41:21	1	0	15	0
    10278	2021-03-24 07:44:44	1	0	15	0
    10278	2021-03-24 07:44:47	1	0	15	0
    10221	2021-03-24 07:45:12	1	0	15	0
   108505	2021-03-24 07:48:00	1	0	15	0
   108505	2021-03-24 07:48:03	1	0	15	0
   108505	2021-03-24 07:48:16	1	0	15	0
   101432	2021-03-24 07:48:42	1	0	15	0
   108568	2021-03-24 07:49:54	1	0	15	0
   108635	2021-03-24 07:50:10	1	0	15	0
   108636	2021-03-24 07:50:42	1	0	15	0
    10025	2021-03-24 07:50:53	1	0	15	0
    10033	2021-03-24 07:51:12	1	0	15	0
   108469	2021-03-24 07:51:49	1	0	15	0
    10309	2021-03-24 07:52:56	1	0	15	0
   108650	2021-03-24 07:54:04	1	0	15	0
    10398	2021-03-24 07:54:39	1	0	15	0
    10032	2021-03-24 07:56:00	1	0	15	0
   108591	2021-03-24 07:56:08	1	0	15	0
   108598	2021-03-24 07:56:38	1	0	15	0
   108619	2021-03-24 07:56:46	1	0	15	0
    10129	2021-03-24 07:58:40	1	0	15	0
   108666	2021-03-24 07:59:08	1	0	15	0
    10284	2021-03-24 07:59:16	1	0	15	0
   108579	2021-03-24 08:00:15	1	0	15	0
    19980	2021-03-24 08:00:46	1	0	15	0
   500001	2021-03-24 08:02:13	1	0	15	0
    10063	2021-03-24 08:02:25	1	0	15	0
    10149	2021-03-24 08:02:32	1	0	15	0
    10127	2021-03-24 08:02:39	1	0	15	0
   108489	2021-03-24 08:02:48	1	0	15	0
   102524	2021-03-24 08:02:58	1	0	15	0
    10138	2021-03-24 08:04:44	1	0	15	0
   108611	2021-03-24 08:06:45	1	0	15	0
   108515	2021-03-24 08:07:45	1	0	15	0
   108608	2021-03-24 08:15:55	1	0	15	0
    10458	2021-03-24 08:18:40	1	0	15	0
    10550	2021-03-24 08:32:59	1	0	15	0
   102579	2021-03-24 09:33:01	1	0	15	0
    10076	2021-03-24 09:40:29	1	0	15	0
    10076	2021-03-24 09:40:32	1	0	15	0
   102544	2021-03-24 12:55:11	1	0	15	0
   108585	2021-03-24 13:00:42	1	0	15	0
    10550	2021-03-24 13:50:12	1	0	15	0
   108630	2021-03-24 16:02:09	1	0	15	0
   108472	2021-03-24 16:02:44	1	0	15	0
   101437	2021-03-24 16:02:53	1	0	15	0
   101437	2021-03-24 16:03:08	1	1	15	0
   108612	2021-03-24 16:03:15	1	1	15	0
   108538	2021-03-24 16:03:44	1	1	15	0
    10456	2021-03-24 16:03:54	1	1	15	0
   108549	2021-03-24 16:04:03	1	1	15	0
    10309	2021-03-24 16:04:46	1	1	15	0
    10278	2021-03-24 16:06:26	1	1	15	0
    10278	2021-03-24 16:06:28	1	1	15	0
    10398	2021-03-24 16:06:36	1	1	15	0
    10228	2021-03-24 16:06:54	1	1	15	0
   108587	2021-03-24 16:09:01	1	1	15	0
    10138	2021-03-24 16:24:45	1	1	15	0
    10284	2021-03-24 16:25:32	1	1	15	0
   108469	2021-03-24 16:26:09	1	1	15	0
   108593	2021-03-24 17:00:24	1	1	15	0
   108613	2021-03-24 17:00:45	1	1	15	0
    10372	2021-03-24 17:00:57	1	1	15	0
    10372	2021-03-24 17:01:00	1	1	15	0
   101436	2021-03-24 17:01:07	1	1	15	0
   102544	2021-03-24 17:01:20	1	1	15	0
   108654	2021-03-24 17:01:24	1	1	15	0
   108533	2021-03-24 17:01:32	1	1	15	0
   101451	2021-03-24 17:01:44	1	1	15	0
   108617	2021-03-24 17:02:04	1	1	15	0
    10033	2021-03-24 17:02:17	1	1	15	0
   108636	2021-03-24 17:02:34	1	1	15	0
   101432	2021-03-24 17:03:04	1	1	15	0
    10221	2021-03-24 17:03:19	1	1	15	0
   108619	2021-03-24 17:04:11	1	1	15	0
    19980	2021-03-24 17:04:29	1	1	15	0
    10065	2021-03-24 17:04:43	1	1	15	0
    10065	2021-03-24 17:04:45	1	1	15	0
    10065	2021-03-24 17:04:53	1	1	15	0
    10065	2021-03-24 17:04:55	1	1	15	0
    10065	2021-03-24 17:05:02	1	1	15	0
   108556	2021-03-24 17:05:16	1	1	15	0
   108591	2021-03-24 17:05:57	1	1	15	0
   108608	2021-03-24 17:06:09	1	1	15	0
   108635	2021-03-24 17:06:19	1	1	15	0
    10025	2021-03-24 17:06:29	1	1	15	0
   108579	2021-03-24 17:06:46	1	1	15	0
   108505	2021-03-24 17:06:56	1	1	15	0
   108650	2021-03-24 17:07:07	1	1	15	0
   102542	2021-03-24 17:08:17	1	1	15	0
   108662	2021-03-24 17:08:58	1	1	15	0
   108667	2021-03-24 17:09:14	1	1	15	0
   500001	2021-03-24 17:10:54	1	1	15	0
   108611	2021-03-24 17:11:45	1	1	15	0
    10458	2021-03-24 17:11:50	1	1	15	0
   108523	2021-03-24 17:13:34	1	1	15	0
    10032	2021-03-24 17:14:11	1	1	15	0
   108585	2021-03-24 17:14:47	1	1	15	0
    10080	2021-03-24 17:15:22	1	1	15	0
   108638	2021-03-24 17:15:53	1	1	15	0
   108489	2021-03-24 17:16:09	1	1	15	0
   108515	2021-03-24 17:17:46	1	1	15	0
   108610	2021-03-24 17:24:33	1	1	15	0
    10063	2021-03-24 17:25:02	1	1	15	0
    10076	2021-03-24 17:25:40	1	1	15	0
    10127	2021-03-24 17:26:02	1	1	15	0
   108568	2021-03-24 17:26:16	1	1	15	0
   108666	2021-03-24 17:28:47	1	1	15	0
   102524	2021-03-24 17:32:32	1	1	15	0
    10149	2021-03-24 17:33:26	1	1	15	0
    10129	2021-03-24 18:20:02	1	1	15	0
   102579	2021-03-24 18:51:39	1	1	15	0
   108658	2021-03-24 20:04:30	1	1	15	0
   108663	2021-03-24 20:04:36	1	1	15	0
   108598	2021-03-24 20:04:47	1	1	15	0
    10456	2021-03-25 05:48:23	1	0	15	0
   101437	2021-03-25 06:15:15	1	0	15	0
   102526	2021-03-25 06:45:08	1	0	15	0
   108617	2021-03-25 06:50:04	1	0	15	0
   108663	2021-03-25 06:50:18	1	0	15	0
   108533	2021-03-25 07:05:14	1	0	15	0
   108662	2021-03-25 07:10:04	1	0	15	0
   108630	2021-03-25 07:11:42	1	0	15	0
   108630	2021-03-25 07:11:45	1	0	15	0
    10080	2021-03-25 07:18:14	1	0	15	0
    10372	2021-03-25 07:21:21	1	0	15	0
   108556	2021-03-25 07:22:40	1	0	15	0
   108612	2021-03-25 07:24:04	1	0	15	0
    10398	2021-03-25 07:24:35	1	0	15	0
   108523	2021-03-25 07:27:29	1	0	15	0
   101451	2021-03-25 07:29:45	1	0	15	0
    10127	2021-03-25 07:30:19	1	0	15	0
   108654	2021-03-25 07:35:53	1	0	15	0
   108472	2021-03-25 07:36:53	1	0	15	0
   108593	2021-03-25 07:37:35	1	0	15	0
   108538	2021-03-25 07:38:36	1	0	15	0
    10065	2021-03-25 07:41:44	1	0	15	0
   108598	2021-03-25 07:42:00	1	0	15	0
   101432	2021-03-25 07:42:37	1	0	15	0
    10228	2021-03-25 07:42:44	1	0	15	0
   108636	2021-03-25 07:43:30	1	0	15	0
   108658	2021-03-25 07:44:04	1	0	15	0
   108469	2021-03-25 07:44:37	1	0	15	0
   108667	2021-03-25 07:44:58	1	0	15	0
    10033	2021-03-25 07:45:08	1	0	15	0
    10033	2021-03-25 07:45:10	1	0	15	0
   108610	2021-03-25 07:45:17	1	0	15	0
    10278	2021-03-25 07:46:44	1	0	15	0
    10025	2021-03-25 07:47:27	1	0	15	0
   102542	2021-03-25 07:49:07	1	0	15	0
    10032	2021-03-25 07:49:30	1	0	15	0
   108613	2021-03-25 07:51:02	1	0	15	0
   108619	2021-03-25 07:52:27	1	0	15	0
   108568	2021-03-25 07:53:05	1	0	15	0
   108549	2021-03-25 07:53:26	1	0	15	0
    10221	2021-03-25 07:55:07	1	0	15	0
   108505	2021-03-25 07:55:30	1	0	15	0
   108638	2021-03-25 07:56:10	1	0	15	0
   108666	2021-03-25 07:56:35	1	0	15	0
    10129	2021-03-25 07:57:31	1	0	15	0
    10138	2021-03-25 07:57:41	1	0	15	0
   500001	2021-03-25 07:58:41	1	0	15	0
    19980	2021-03-25 07:59:13	1	0	15	0
    10309	2021-03-25 08:00:10	1	0	15	0
   108587	2021-03-25 08:03:25	1	0	15	0
   108587	2021-03-25 08:03:27	1	0	15	0
   108591	2021-03-25 08:03:57	1	0	15	0
   108611	2021-03-25 08:04:05	1	0	15	0
    10284	2021-03-25 08:04:54	1	0	15	0
    10550	2021-03-25 08:05:59	1	0	15	0
    10550	2021-03-25 08:06:02	1	0	15	0
    10458	2021-03-25 08:08:04	1	0	15	0
   108635	2021-03-25 08:08:20	1	0	15	0
   102544	2021-03-25 08:08:58	1	0	15	0
   108515	2021-03-25 08:11:40	1	0	15	0
   108650	2021-03-25 08:12:16	1	0	15	0
    10063	2021-03-25 08:13:27	1	0	15	0
    10149	2021-03-25 08:13:35	1	0	15	0
   108489	2021-03-25 08:13:42	1	0	15	0
    10076	2021-03-25 08:13:54	1	0	15	0
   102524	2021-03-25 08:14:09	1	0	15	0
   108579	2021-03-25 08:17:19	1	0	15	0
   102579	2021-03-25 09:11:16	1	0	15	0
   108612	2021-03-25 16:01:11	1	1	15	0
   108549	2021-03-25 16:01:27	1	1	15	0
    10456	2021-03-25 16:01:42	1	1	15	0
   108538	2021-03-25 16:02:02	1	1	15	0
   108613	2021-03-25 16:02:25	1	1	15	0
   108630	2021-03-25 16:02:33	1	1	15	0
   108472	2021-03-25 16:02:41	1	1	15	0
    10278	2021-03-25 16:04:02	1	1	15	0
   102526	2021-03-25 16:04:13	1	1	15	0
    10228	2021-03-25 16:05:24	1	1	15	0
   108469	2021-03-25 16:05:55	1	1	15	0
   108469	2021-03-25 16:05:57	1	1	15	0
    10309	2021-03-25 16:20:04	1	1	15	0
    10284	2021-03-25 16:23:42	1	1	15	0
    10398	2021-03-25 16:43:47	1	1	15	0
   108587	2021-03-25 16:44:44	1	1	15	0
   108587	2021-03-25 16:44:46	1	1	15	0
   102544	2021-03-25 16:54:32	1	1	15	0
   108593	2021-03-25 17:00:18	1	1	15	0
    10025	2021-03-25 17:00:25	1	1	15	0
    10025	2021-03-25 17:00:27	1	1	15	0
   108654	2021-03-25 17:00:48	1	1	15	0
    10372	2021-03-25 17:00:54	1	1	15	0
    10080	2021-03-25 17:01:06	1	1	15	0
   101451	2021-03-25 17:01:14	1	1	15	0
   108533	2021-03-25 17:01:22	1	1	15	0
    10138	2021-03-25 17:01:29	1	1	15	0
   108619	2021-03-25 17:01:36	1	1	15	0
   101437	2021-03-25 17:01:44	1	1	15	0
   108611	2021-03-25 17:01:52	1	1	15	0
    10550	2021-03-25 17:02:02	1	1	15	0
   108617	2021-03-25 17:02:11	1	1	15	0
   108556	2021-03-25 17:02:23	1	1	15	0
    10221	2021-03-25 17:03:09	1	1	15	0
    10033	2021-03-25 17:03:22	1	1	15	0
    19980	2021-03-25 17:03:56	1	1	15	0
   108663	2021-03-25 17:04:10	1	1	15	0
   108523	2021-03-25 17:04:17	1	1	15	0
   108662	2021-03-25 17:04:23	1	1	15	0
   108667	2021-03-25 17:04:30	1	1	15	0
   108579	2021-03-25 17:05:10	1	1	15	0
   108658	2021-03-25 17:05:17	1	1	15	0
   108636	2021-03-25 17:05:28	1	1	15	0
   108638	2021-03-25 17:05:36	1	1	15	0
   108591	2021-03-25 17:05:58	1	1	15	0
    10065	2021-03-25 17:06:10	1	1	15	0
    10458	2021-03-25 17:06:22	1	1	15	0
   108650	2021-03-25 17:07:17	1	1	15	0
   108505	2021-03-25 17:07:24	1	1	15	0
   108579	2021-03-25 17:07:52	1	1	15	0
   101432	2021-03-25 17:08:45	1	1	15	0
   102542	2021-03-25 17:09:01	1	1	15	0
   500001	2021-03-25 17:10:50	1	1	15	0
   102579	2021-03-25 17:20:12	1	1	15	0
   108515	2021-03-25 17:23:40	1	1	15	0
   108666	2021-03-25 17:25:55	1	1	15	0
    10032	2021-03-25 17:26:10	1	1	15	0
   108635	2021-03-25 17:42:18	1	1	15	0
   108489	2021-03-25 17:44:31	1	1	15	0
   108610	2021-03-25 17:46:51	1	1	15	0
   108568	2021-03-25 17:50:04	1	1	15	0
    10063	2021-03-25 17:51:42	1	1	15	0
   102524	2021-03-25 17:53:14	1	1	15	0
    10127	2021-03-25 17:54:29	1	1	15	0
    10076	2021-03-25 17:55:40	1	1	15	0
    10149	2021-03-25 17:55:47	1	1	15	0
    10149	2021-03-25 17:55:50	1	1	15	0
    10129	2021-03-25 18:19:19	1	1	15	0
