    10456	2021-08-11 04:39:21	1	0	15	0
    10278	2021-08-11 04:45:18	1	0	15	0
   101437	2021-08-11 06:00:19	1	0	15	0
    10372	2021-08-11 06:28:56	1	0	15	0
   108469	2021-08-11 06:29:11	1	0	15	0
   108617	2021-08-11 06:31:27	1	0	15	0
   108630	2021-08-11 06:36:36	1	0	15	0
   102526	2021-08-11 06:38:20	1	0	15	0
    10127	2021-08-11 06:48:44	1	0	15	0
   108668	2021-08-11 06:55:24	1	0	15	0
   108556	2021-08-11 07:03:24	1	0	15	0
   108533	2021-08-11 07:04:29	1	0	15	0
   108472	2021-08-11 07:06:32	1	0	15	0
   108587	2021-08-11 07:06:48	1	0	15	0
    10149	2021-08-11 07:07:04	1	0	15	0
   108635	2021-08-11 07:08:39	1	0	15	0
    10080	2021-08-11 07:11:16	1	0	15	0
   108538	2021-08-11 07:12:20	1	0	15	0
   108662	2021-08-11 07:15:23	1	0	15	0
   101451	2021-08-11 07:18:22	1	0	15	0
   108593	2021-08-11 07:20:24	1	0	15	0
    10356	2021-08-11 07:21:35	1	0	15	0
    10214	2021-08-11 07:22:47	1	0	15	0
    10065	2021-08-11 07:24:27	1	0	15	0
   108654	2021-08-11 07:25:25	1	0	15	0
   108674	2021-08-11 07:26:58	1	0	15	0
   108568	2021-08-11 07:27:27	1	0	15	0
   108658	2021-08-11 07:27:36	1	0	15	0
   108523	2021-08-11 07:28:09	1	0	15	0
   108638	2021-08-11 07:33:07	1	0	15	0
   108673	2021-08-11 07:33:14	1	0	15	0
   108669	2021-08-11 07:33:25	1	0	15	0
   108663	2021-08-11 07:35:37	1	0	15	0
   108667	2021-08-11 07:35:46	1	0	15	0
    10284	2021-08-11 07:39:06	1	0	15	0
    10550	2021-08-11 07:39:17	1	0	15	0
   108585	2021-08-11 07:39:24	1	0	15	0
    10033	2021-08-11 07:40:34	1	0	15	0
   101432	2021-08-11 07:41:34	1	0	15	0
    10221	2021-08-11 07:43:20	1	0	15	0
    10348	2021-08-11 07:44:36	1	0	15	0
    10348	2021-08-11 07:44:38	1	0	15	0
   108549	2021-08-11 07:45:39	1	0	15	0
   102542	2021-08-11 07:46:57	1	0	15	0
    10063	2021-08-11 07:47:12	1	0	15	0
    10025	2021-08-11 07:47:24	1	0	15	0
   108610	2021-08-11 07:47:32	1	0	15	0
   108676	2021-08-11 07:47:39	1	0	15	0
   108671	2021-08-11 07:47:45	1	0	15	0
    10076	2021-08-11 07:47:59	1	0	15	0
   108619	2021-08-11 07:48:49	1	0	15	0
    10228	2021-08-11 07:49:57	1	0	15	0
   108613	2021-08-11 07:50:33	1	0	15	0
    10129	2021-08-11 07:51:38	1	0	15	0
   108598	2021-08-11 07:52:42	1	0	15	0
   500001	2021-08-11 07:53:17	1	0	15	0
   108666	2021-08-11 07:54:59	1	0	15	0
    10138	2021-08-11 07:55:34	1	0	15	0
    10032	2021-08-11 07:57:22	1	0	15	0
    10309	2021-08-11 07:57:57	1	0	15	0
   108489	2021-08-11 07:58:34	1	0	15	0
   102524	2021-08-11 07:58:50	1	0	15	0
    19980	2021-08-11 07:59:06	1	0	15	0
   108672	2021-08-11 07:59:42	1	0	15	0
   108611	2021-08-11 08:00:13	1	0	15	0
   102544	2021-08-11 08:01:43	1	0	15	0
   108579	2021-08-11 08:05:42	1	0	15	0
   108591	2021-08-11 08:11:11	1	0	15	0
   108515	2021-08-11 08:18:15	1	0	15	0
   102579	2021-08-11 08:21:53	1	0	15	0
    10278	2021-08-11 15:07:14	1	0	15	0
    10456	2021-08-11 15:10:08	1	1	15	0
   108593	2021-08-11 16:00:07	1	1	15	0
   108630	2021-08-11 16:00:54	1	1	15	0
   108613	2021-08-11 16:01:27	1	1	15	0
   102526	2021-08-11 16:01:43	1	1	15	0
   108472	2021-08-11 16:01:59	1	1	15	0
    10309	2021-08-11 16:02:08	1	1	15	0
   108533	2021-08-11 16:02:43	1	1	15	0
    10284	2021-08-11 16:03:06	1	1	15	0
    10228	2021-08-11 16:05:54	1	1	15	0
   102542	2021-08-11 16:15:01	1	1	15	0
   102524	2021-08-11 16:30:18	1	1	15	0
   108549	2021-08-11 17:00:18	1	1	15	0
    10138	2021-08-11 17:00:39	1	1	15	0
   108538	2021-08-11 17:00:50	1	1	15	0
    10214	2021-08-11 17:00:58	1	1	15	0
    10080	2021-08-11 17:01:06	1	1	15	0
   108619	2021-08-11 17:01:16	1	1	15	0
   108568	2021-08-11 17:01:24	1	1	15	0
    10348	2021-08-11 17:01:30	1	1	15	0
   101451	2021-08-11 17:01:39	1	1	15	0
   108617	2021-08-11 17:01:52	1	1	15	0
   108489	2021-08-11 17:02:08	1	1	15	0
    10356	2021-08-11 17:02:26	1	1	15	0
   108638	2021-08-11 17:03:17	1	1	15	0
   108556	2021-08-11 17:03:30	1	1	15	0
    10221	2021-08-11 17:04:03	1	1	15	0
   108669	2021-08-11 17:04:11	1	1	15	0
   108515	2021-08-11 17:04:20	1	1	15	0
    10063	2021-08-11 17:04:33	1	1	15	0
   108674	2021-08-11 17:04:55	1	1	15	0
    19980	2021-08-11 17:05:03	1	1	15	0
   500001	2021-08-11 17:05:14	1	1	15	0
   101432	2021-08-11 17:05:30	1	1	15	0
   108673	2021-08-11 17:05:37	1	1	15	0
   108579	2021-08-11 17:05:46	1	1	15	0
    10149	2021-08-11 17:05:53	1	1	15	0
   108635	2021-08-11 17:06:04	1	1	15	0
   108591	2021-08-11 17:06:13	1	1	15	0
   108587	2021-08-11 17:06:26	1	1	15	0
   108587	2021-08-11 17:06:28	1	1	15	0
   108611	2021-08-11 17:06:36	1	1	15	0
    10065	2021-08-11 17:06:43	1	1	15	0
    10127	2021-08-11 17:07:47	1	1	15	0
    10127	2021-08-11 17:07:50	1	1	15	0
   108671	2021-08-11 17:07:57	1	1	15	0
    10550	2021-08-11 17:08:06	1	1	15	0
    10076	2021-08-11 17:08:26	1	1	15	0
   108676	2021-08-11 17:08:39	1	1	15	0
    10025	2021-08-11 17:10:21	1	1	15	0
   108667	2021-08-11 17:12:19	1	1	15	0
   108668	2021-08-11 17:12:29	1	1	15	0
   102544	2021-08-11 17:18:20	1	1	15	0
   102544	2021-08-11 17:18:22	1	1	15	0
   108672	2021-08-11 17:24:16	1	1	15	0
    10033	2021-08-11 17:33:59	1	1	15	0
    10033	2021-08-11 17:34:01	1	1	15	0
   108585	2021-08-11 17:40:32	1	1	15	0
   108666	2021-08-11 17:49:38	1	1	15	0
   102579	2021-08-11 18:20:28	1	1	15	0
   108469	2021-08-11 18:33:51	1	1	15	0
    10159	2021-08-11 18:35:12	1	1	15	0
   108654	2021-08-11 19:06:51	1	1	15	0
    10372	2021-08-11 19:07:12	1	1	15	0
    10372	2021-08-11 19:07:15	1	1	15	0
   101437	2021-08-11 19:11:00	1	1	15	0
    10032	2021-08-11 19:14:37	1	1	15	0
    10129	2021-08-11 19:24:46	1	1	15	0
   108523	2021-08-11 20:33:28	1	1	15	0
   108610	2021-08-11 20:41:34	1	1	15	0
   108663	2021-08-11 20:48:34	1	1	15	0
   108598	2021-08-11 21:01:39	1	1	15	0
   108662	2021-08-11 21:02:23	1	1	15	0
   108658	2021-08-11 21:02:30	1	1	15	0
    10356	2021-08-12 03:07:45	1	0	15	0
    10214	2021-08-12 03:07:53	1	0	15	0
    10348	2021-08-12 03:08:32	1	0	15	0
    10456	2021-08-12 05:37:15	1	0	15	0
   101437	2021-08-12 05:58:52	1	0	15	0
   102526	2021-08-12 06:21:22	1	0	15	0
   101451	2021-08-12 06:35:55	1	0	15	0
   108469	2021-08-12 06:36:39	1	0	15	0
    10372	2021-08-12 06:42:48	1	0	15	0
   108662	2021-08-12 06:57:48	1	0	15	0
   108556	2021-08-12 07:05:08	1	0	15	0
   108630	2021-08-12 07:05:17	1	0	15	0
   108587	2021-08-12 07:06:05	1	0	15	0
   108587	2021-08-12 07:06:07	1	0	15	0
   108533	2021-08-12 07:08:20	1	0	15	0
    10080	2021-08-12 07:14:35	1	0	15	0
   108593	2021-08-12 07:17:25	1	0	15	0
   108613	2021-08-12 07:21:39	1	0	15	0
   108472	2021-08-12 07:22:52	1	0	15	0
    10278	2021-08-12 07:26:02	1	0	15	0
    10149	2021-08-12 07:27:42	1	0	15	0
   102542	2021-08-12 07:28:14	1	0	15	0
    10033	2021-08-12 07:28:49	1	0	15	0
   108523	2021-08-12 07:29:04	1	0	15	0
   108658	2021-08-12 07:29:13	1	0	15	0
   108663	2021-08-12 07:31:45	1	0	15	0
   108585	2021-08-12 07:33:31	1	0	15	0
   108673	2021-08-12 07:34:37	1	0	15	0
   108568	2021-08-12 07:34:53	1	0	15	0
   108667	2021-08-12 07:36:19	1	0	15	0
   108538	2021-08-12 07:36:39	1	0	15	0
   108669	2021-08-12 07:37:56	1	0	15	0
   108635	2021-08-12 07:38:19	1	0	15	0
    10065	2021-08-12 07:38:56	1	0	15	0
   101432	2021-08-12 07:42:48	1	0	15	0
    10284	2021-08-12 07:43:51	1	0	15	0
   108672	2021-08-12 07:43:59	1	0	15	0
   108674	2021-08-12 07:44:14	1	0	15	0
   108638	2021-08-12 07:44:23	1	0	15	0
    10228	2021-08-12 07:44:41	1	0	15	0
    10063	2021-08-12 07:45:46	1	0	15	0
   108676	2021-08-12 07:45:55	1	0	15	0
   108671	2021-08-12 07:46:05	1	0	15	0
    10127	2021-08-12 07:46:36	1	0	15	0
    10076	2021-08-12 07:46:58	1	0	15	0
    10025	2021-08-12 07:47:33	1	0	15	0
    10129	2021-08-12 07:48:52	1	0	15	0
    10221	2021-08-12 07:49:41	1	0	15	0
   108579	2021-08-12 07:49:52	1	0	15	0
    10458	2021-08-12 07:50:12	1	0	15	0
    10159	2021-08-12 07:52:45	1	0	15	0
    10138	2021-08-12 07:52:54	1	0	15	0
    10138	2021-08-12 07:52:56	1	0	15	0
    19980	2021-08-12 07:53:09	1	0	15	0
    19980	2021-08-12 07:53:12	1	0	15	0
   108549	2021-08-12 07:54:22	1	0	15	0
   108619	2021-08-12 07:56:45	1	0	15	0
    10032	2021-08-12 07:56:56	1	0	15	0
   108598	2021-08-12 07:57:56	1	0	15	0
    10309	2021-08-12 07:58:01	1	0	15	0
   108666	2021-08-12 07:58:10	1	0	15	0
   108611	2021-08-12 08:02:41	1	0	15	0
   108489	2021-08-12 08:04:42	1	0	15	0
   102524	2021-08-12 08:04:51	1	0	15	0
   102579	2021-08-12 08:09:04	1	0	15	0
   108515	2021-08-12 08:19:58	1	0	15	0
   108591	2021-08-12 08:21:20	1	0	15	0
   500001	2021-08-12 08:38:54	1	0	15	0
   102544	2021-08-12 08:39:59	1	0	15	0
    10550	2021-08-12 08:46:19	1	0	15	0
    10025	2021-08-12 12:03:12	1	0	15	0
    10356	2021-08-12 12:24:10	1	1	15	0
    10214	2021-08-12 12:24:57	1	1	15	0
   108610	2021-08-12 12:37:24	1	1	15	0
   108549	2021-08-12 16:00:55	1	1	15	0
   101451	2021-08-12 16:02:04	1	1	15	0
   101451	2021-08-12 16:02:06	1	1	15	0
   102526	2021-08-12 16:02:15	1	1	15	0
    10284	2021-08-12 16:03:30	1	1	15	0
   108472	2021-08-12 16:03:58	1	1	15	0
   108619	2021-08-12 16:04:56	1	1	15	0
    10309	2021-08-12 16:06:47	1	1	15	0
   108538	2021-08-12 16:08:36	1	1	15	0
    10138	2021-08-12 16:08:59	1	1	15	0
    10228	2021-08-12 16:15:15	1	1	15	0
   108593	2021-08-12 17:00:05	1	1	15	0
   108613	2021-08-12 17:00:30	1	1	15	0
   108630	2021-08-12 17:00:36	1	1	15	0
    10080	2021-08-12 17:00:43	1	1	15	0
    10550	2021-08-12 17:01:08	1	1	15	0
   108533	2021-08-12 17:01:21	1	1	15	0
   108489	2021-08-12 17:02:00	1	1	15	0
   102524	2021-08-12 17:02:14	1	1	15	0
   108673	2021-08-12 17:02:21	1	1	15	0
   108579	2021-08-12 17:02:26	1	1	15	0
   101432	2021-08-12 17:02:35	1	1	15	0
   108638	2021-08-12 17:02:41	1	1	15	0
   108676	2021-08-12 17:03:08	1	1	15	0
   108671	2021-08-12 17:03:12	1	1	15	0
    10221	2021-08-12 17:03:52	1	1	15	0
   108674	2021-08-12 17:04:42	1	1	15	0
    10076	2021-08-12 17:05:02	1	1	15	0
    10063	2021-08-12 17:05:12	1	1	15	0
   108669	2021-08-12 17:05:22	1	1	15	0
    10149	2021-08-12 17:05:31	1	1	15	0
   108611	2021-08-12 17:05:43	1	1	15	0
   108556	2021-08-12 17:05:52	1	1	15	0
   108515	2021-08-12 17:05:58	1	1	15	0
    19980	2021-08-12 17:06:14	1	1	15	0
   108587	2021-08-12 17:06:40	1	1	15	0
    10065	2021-08-12 17:07:02	1	1	15	0
   108667	2021-08-12 17:07:36	1	1	15	0
   108635	2021-08-12 17:07:49	1	1	15	0
   500001	2021-08-12 17:10:07	1	1	15	0
   102542	2021-08-12 17:13:16	1	1	15	0
    10458	2021-08-12 17:15:27	1	1	15	0
   108591	2021-08-12 17:16:15	1	1	15	0
   108672	2021-08-12 17:20:07	1	1	15	0
   102544	2021-08-12 17:26:52	1	1	15	0
   108568	2021-08-12 17:27:43	1	1	15	0
    10456	2021-08-12 17:37:08	1	1	15	0
   102579	2021-08-12 17:37:30	1	1	15	0
    10278	2021-08-12 17:43:50	1	1	15	0
   108585	2021-08-12 17:47:47	1	1	15	0
    10033	2021-08-12 17:48:01	1	1	15	0
    10159	2021-08-12 17:51:25	1	1	15	0
    10348	2021-08-12 18:16:58	1	1	15	0
    10129	2021-08-12 18:29:47	1	1	15	0
   108469	2021-08-12 18:34:24	1	1	15	0
    10032	2021-08-12 18:59:53	1	1	15	0
   108654	2021-08-12 19:00:00	1	1	15	0
   101437	2021-08-12 19:00:19	1	1	15	0
    10372	2021-08-12 19:00:55	1	1	15	0
   108666	2021-08-12 19:34:29	1	1	15	0
   108598	2021-08-12 20:01:58	1	1	15	0
    10127	2021-08-12 20:02:10	1	1	15	0
   108610	2021-08-12 20:02:22	1	1	15	0
   108523	2021-08-12 20:02:29	1	1	15	0
   108663	2021-08-12 20:02:35	1	1	15	0
   108662	2021-08-12 20:02:42	1	1	15	0
   108658	2021-08-12 20:02:50	1	1	15	0
   108538	2021-08-13 03:29:27	1	0	15	0
    10278	2021-08-13 03:34:46	1	0	15	0
    10456	2021-08-13 05:30:19	1	0	15	0
   101437	2021-08-13 06:03:50	1	0	15	0
   101437	2021-08-13 06:03:52	1	0	15	0
   102526	2021-08-13 06:18:36	1	0	15	0
   108654	2021-08-13 06:33:35	1	0	15	0
    10127	2021-08-13 06:34:51	1	0	15	0
   108469	2021-08-13 06:35:47	1	0	15	0
    10372	2021-08-13 06:40:54	1	0	15	0
   108617	2021-08-13 06:46:50	1	0	15	0
   108662	2021-08-13 06:56:01	1	0	15	0
   108533	2021-08-13 07:00:53	1	0	15	0
    10080	2021-08-13 07:07:09	1	0	15	0
   108587	2021-08-13 07:09:56	1	0	15	0
   108587	2021-08-13 07:10:06	1	0	15	0
    10033	2021-08-13 07:10:15	1	0	15	0
    10214	2021-08-13 07:13:45	1	0	15	0
    10356	2021-08-13 07:14:11	1	0	15	0
   108658	2021-08-13 07:14:41	1	0	15	0
   108635	2021-08-13 07:15:02	1	0	15	0
   108593	2021-08-13 07:18:59	1	0	15	0
   108472	2021-08-13 07:20:33	1	0	15	0
   108663	2021-08-13 07:21:47	1	0	15	0
   108549	2021-08-13 07:22:00	1	0	15	0
   108523	2021-08-13 07:26:00	1	0	15	0
   108568	2021-08-13 07:26:24	1	0	15	0
    10025	2021-08-13 07:31:51	1	0	15	0
   108638	2021-08-13 07:32:37	1	0	15	0
    10065	2021-08-13 07:32:46	1	0	15	0
   108673	2021-08-13 07:34:40	1	0	15	0
    10032	2021-08-13 07:37:33	1	0	15	0
   108674	2021-08-13 07:38:17	1	0	15	0
    10149	2021-08-13 07:38:25	1	0	15	0
   108667	2021-08-13 07:39:16	1	0	15	0
   102542	2021-08-13 07:41:07	1	0	15	0
   108669	2021-08-13 07:42:31	1	0	15	0
    10063	2021-08-13 07:45:24	1	0	15	0
   108610	2021-08-13 07:45:34	1	0	15	0
   108676	2021-08-13 07:45:42	1	0	15	0
   108671	2021-08-13 07:45:48	1	0	15	0
    10076	2021-08-13 07:46:22	1	0	15	0
   108672	2021-08-13 07:46:34	1	0	15	0
    10284	2021-08-13 07:48:20	1	0	15	0
    10221	2021-08-13 07:48:35	1	0	15	0
   108585	2021-08-13 07:49:26	1	0	15	0
    10129	2021-08-13 07:49:37	1	0	15	0
   108619	2021-08-13 07:51:04	1	0	15	0
   108598	2021-08-13 07:51:36	1	0	15	0
   102579	2021-08-13 07:52:47	1	0	15	0
   108579	2021-08-13 07:54:46	1	0	15	0
    10159	2021-08-13 07:55:57	1	0	15	0
   101432	2021-08-13 07:56:36	1	0	15	0
    19980	2021-08-13 07:56:53	1	0	15	0
    10309	2021-08-13 07:58:09	1	0	15	0
   108489	2021-08-13 07:58:30	1	0	15	0
   102524	2021-08-13 07:58:41	1	0	15	0
    10138	2021-08-13 07:59:03	1	0	15	0
    10458	2021-08-13 07:59:46	1	0	15	0
    10348	2021-08-13 08:00:06	1	0	15	0
   102544	2021-08-13 08:03:25	1	0	15	0
   108666	2021-08-13 08:05:04	1	0	15	0
    10550	2021-08-13 08:06:13	1	0	15	0
   108611	2021-08-13 08:08:47	1	0	15	0
   108613	2021-08-13 08:09:54	1	0	15	0
   108591	2021-08-13 08:15:44	1	0	15	0
   500001	2021-08-13 08:15:54	1	0	15	0
   108556	2021-08-13 10:54:50	1	0	15	0
   108610	2021-08-13 12:01:30	1	0	15	0
    10309	2021-08-13 12:02:50	1	0	15	0
   108515	2021-08-13 12:56:02	1	0	15	0
    10550	2021-08-13 15:30:49	1	0	15	0
   108613	2021-08-13 16:03:59	1	0	15	0
   108533	2021-08-13 16:05:21	1	0	15	0
    10284	2021-08-13 16:08:02	1	1	15	0
   108472	2021-08-13 16:09:44	1	1	15	0
    10456	2021-08-13 16:09:58	1	1	15	0
   108549	2021-08-13 16:11:54	1	1	15	0
   108619	2021-08-13 16:12:57	1	1	15	0
    10138	2021-08-13 16:13:28	1	1	15	0
   102542	2021-08-13 16:15:21	1	1	15	0
    10356	2021-08-13 16:20:20	1	1	15	0
    10214	2021-08-13 16:20:29	1	1	15	0
   108593	2021-08-13 17:00:05	1	1	15	0
   108568	2021-08-13 17:00:16	1	1	15	0
    10458	2021-08-13 17:00:32	1	1	15	0
   108667	2021-08-13 17:01:35	1	1	15	0
   102524	2021-08-13 17:01:45	1	1	15	0
   108671	2021-08-13 17:01:52	1	1	15	0
   108676	2021-08-13 17:01:58	1	1	15	0
   108579	2021-08-13 17:02:04	1	1	15	0
    10080	2021-08-13 17:02:14	1	1	15	0
    10221	2021-08-13 17:02:28	1	1	15	0
   101432	2021-08-13 17:02:36	1	1	15	0
   102579	2021-08-13 17:02:46	1	1	15	0
   108591	2021-08-13 17:02:55	1	1	15	0
   108591	2021-08-13 17:02:57	1	1	15	0
   108515	2021-08-13 17:04:00	1	1	15	0
   108674	2021-08-13 17:04:11	1	1	15	0
   500001	2021-08-13 17:04:27	1	1	15	0
   108669	2021-08-13 17:04:36	1	1	15	0
   108556	2021-08-13 17:04:47	1	1	15	0
    10076	2021-08-13 17:04:54	1	1	15	0
   108489	2021-08-13 17:05:02	1	1	15	0
    10149	2021-08-13 17:05:08	1	1	15	0
   108638	2021-08-13 17:05:16	1	1	15	0
   108673	2021-08-13 17:05:21	1	1	15	0
   108611	2021-08-13 17:05:31	1	1	15	0
   102526	2021-08-13 17:07:09	1	1	15	0
   108635	2021-08-13 17:07:29	1	1	15	0
    10065	2021-08-13 17:07:37	1	1	15	0
    19980	2021-08-13 17:08:17	1	1	15	0
    10063	2021-08-13 17:08:29	1	1	15	0
    10372	2021-08-13 17:08:53	1	1	15	0
   108587	2021-08-13 17:09:37	1	1	15	0
    10025	2021-08-13 17:10:27	1	1	15	0
   102544	2021-08-13 17:14:57	1	1	15	0
   102544	2021-08-13 17:15:00	1	1	15	0
    10159	2021-08-13 17:21:08	1	1	15	0
   108585	2021-08-13 17:21:17	1	1	15	0
   108585	2021-08-13 17:21:20	1	1	15	0
    10348	2021-08-13 17:33:00	1	1	15	0
    10033	2021-08-13 17:34:05	1	1	15	0
   108672	2021-08-13 17:34:18	1	1	15	0
   108672	2021-08-13 17:34:20	1	1	15	0
   108666	2021-08-13 17:36:54	1	1	15	0
   108469	2021-08-13 18:38:54	1	1	15	0
    10129	2021-08-13 18:39:28	1	1	15	0
    10032	2021-08-13 19:03:06	1	1	15	0
   101437	2021-08-13 19:03:16	1	1	15	0
   108657	2021-08-13 19:03:37	1	1	15	0
    10127	2021-08-13 19:56:07	1	1	15	0
    10127	2021-08-13 19:56:10	1	1	15	0
   108538	2021-08-13 19:59:54	1	1	15	0
   108538	2021-08-13 20:00:06	1	1	15	0
    10278	2021-08-13 20:00:22	1	1	15	0
   108662	2021-08-13 20:00:52	1	1	15	0
   108658	2021-08-13 20:04:23	1	1	15	0
   108663	2021-08-13 20:04:37	1	1	15	0
   108598	2021-08-13 20:05:13	1	1	15	0
   108523	2021-08-13 20:05:21	1	1	15	0
    10456	2021-08-14 05:24:33	1	0	15	0
   102542	2021-08-14 05:43:51	1	0	15	0
   102542	2021-08-14 05:43:54	1	0	15	0
   101437	2021-08-14 06:10:15	1	0	15	0
   102526	2021-08-14 06:26:05	1	0	15	0
    10372	2021-08-14 06:36:13	1	0	15	0
    10348	2021-08-14 06:38:42	1	0	15	0
   108630	2021-08-14 06:40:20	1	0	15	0
    10214	2021-08-14 06:48:04	1	0	15	0
    10356	2021-08-14 06:48:23	1	0	15	0
   108587	2021-08-14 06:55:47	1	0	15	0
   108587	2021-08-14 06:55:49	1	0	15	0
   108593	2021-08-14 07:06:01	1	0	15	0
   108663	2021-08-14 07:08:36	1	0	15	0
   108654	2021-08-14 07:19:38	1	0	15	0
   108472	2021-08-14 07:23:46	1	0	15	0
    10278	2021-08-14 07:26:04	1	0	15	0
    10033	2021-08-14 07:26:29	1	0	15	0
    10033	2021-08-14 07:26:31	1	0	15	0
    10127	2021-08-14 07:30:18	1	0	15	0
   108469	2021-08-14 07:31:42	1	0	15	0
   108662	2021-08-14 07:33:56	1	0	15	0
   108549	2021-08-14 07:34:36	1	0	15	0
   108598	2021-08-14 07:37:01	1	0	15	0
   108658	2021-08-14 07:37:10	1	0	15	0
   108673	2021-08-14 07:39:32	1	0	15	0
   108667	2021-08-14 07:41:08	1	0	15	0
   108523	2021-08-14 07:41:29	1	0	15	0
   108538	2021-08-14 07:45:07	1	0	15	0
   108619	2021-08-14 07:48:46	1	0	15	0
    10309	2021-08-14 07:50:49	1	0	15	0
   108610	2021-08-14 07:50:58	1	0	15	0
    10129	2021-08-14 07:52:16	1	0	15	0
    10076	2021-08-14 07:57:27	1	0	15	0
    10032	2021-08-14 08:02:43	1	0	15	0
   108672	2021-08-14 08:04:03	1	0	15	0
    10138	2021-08-14 08:09:23	1	0	15	0
   102579	2021-08-14 08:27:15	1	0	15	0
   108591	2021-08-14 08:30:34	1	0	15	0
   108533	2021-08-14 15:02:25	1	0	15	0
   102579	2021-08-14 15:11:58	1	0	15	0
    10356	2021-08-14 15:19:56	1	1	15	0
    10214	2021-08-14 15:20:06	1	1	15	0
   102542	2021-08-14 15:25:12	1	1	15	0
   102542	2021-08-14 15:25:14	1	1	15	0
   108593	2021-08-14 16:00:09	1	1	15	0
    10456	2021-08-14 16:00:17	1	1	15	0
    10456	2021-08-14 16:00:20	1	1	15	0
   108630	2021-08-14 16:00:25	1	1	15	0
   108538	2021-08-14 16:00:46	1	1	15	0
    10278	2021-08-14 16:01:41	1	1	15	0
   108472	2021-08-14 16:01:55	1	1	15	0
   108619	2021-08-14 16:02:39	1	1	15	0
   108549	2021-08-14 16:04:00	1	1	15	0
   108469	2021-08-14 16:06:22	1	1	15	0
    10138	2021-08-14 16:07:15	1	1	15	0
   108587	2021-08-14 16:14:23	1	1	15	0
    10372	2021-08-14 17:02:57	1	1	15	0
    10372	2021-08-14 17:02:59	1	1	15	0
   108673	2021-08-14 17:03:09	1	1	15	0
   108667	2021-08-14 17:03:17	1	1	15	0
    10127	2021-08-14 17:03:25	1	1	15	0
    10127	2021-08-14 17:03:28	1	1	15	0
    10076	2021-08-14 17:03:38	1	1	15	0
    10032	2021-08-14 17:05:10	1	1	15	0
   108591	2021-08-14 17:06:31	1	1	15	0
   108672	2021-08-14 17:09:20	1	1	15	0
    10033	2021-08-14 17:09:57	1	1	15	0
   108598	2021-08-14 17:37:06	1	1	15	0
   108610	2021-08-14 17:37:19	1	1	15	0
    10348	2021-08-14 17:37:44	1	1	15	0
   108523	2021-08-14 17:46:40	1	1	15	0
   108663	2021-08-14 17:46:48	1	1	15	0
   108662	2021-08-14 17:47:02	1	1	15	0
   108658	2021-08-14 17:47:10	1	1	15	0
   108552	2021-08-14 18:00:26	1	1	15	0
   108654	2021-08-14 18:00:45	1	1	15	0
   108657	2021-08-14 18:00:53	1	1	15	0
   101437	2021-08-14 18:00:59	1	1	15	0
    10129	2021-08-14 18:10:47	1	1	15	0
    10309	2021-08-14 18:44:00	1	1	15	0
   102526	2021-08-14 18:46:09	1	1	15	0
   101437	2021-08-15 06:13:13	1	1	15	0
   101437	2021-08-15 06:13:55	1	0	15	0
   108657	2021-08-15 06:36:09	1	0	15	0
    10372	2021-08-15 06:48:48	1	0	15	0
    10372	2021-08-15 06:48:51	1	0	15	0
   108552	2021-08-15 06:51:39	1	0	15	0
   108472	2021-08-15 07:28:06	1	0	15	0
    10033	2021-08-15 07:35:15	1	0	15	0
   108538	2021-08-15 07:36:18	1	0	15	0
   108515	2021-08-15 09:01:48	1	0	15	0
   108657	2021-08-15 16:00:15	1	1	15	0
   108657	2021-08-15 16:00:17	1	1	15	0
    10033	2021-08-15 16:01:30	1	1	15	0
   101437	2021-08-15 16:01:43	1	1	15	0
    10372	2021-08-15 16:01:52	1	1	15	0
   108472	2021-08-15 16:02:21	1	1	15	0
   108552	2021-08-15 16:02:45	1	1	15	0
   108538	2021-08-15 16:02:55	1	1	15	0
   108515	2021-08-15 17:02:01	1	1	15	0
    10356	2021-08-16 03:05:46	1	0	15	0
    10214	2021-08-16 03:05:53	1	0	15	0
   108538	2021-08-16 03:24:15	1	0	15	0
   101437	2021-08-16 06:11:40	1	0	15	0
   102526	2021-08-16 06:17:27	1	0	15	0
    10372	2021-08-16 06:32:15	1	0	15	0
   108617	2021-08-16 06:32:37	1	0	15	0
   108469	2021-08-16 06:39:00	1	0	15	0
   108630	2021-08-16 06:41:39	1	0	15	0
   108662	2021-08-16 06:46:39	1	0	15	0
   108533	2021-08-16 06:53:36	1	0	15	0
   108556	2021-08-16 07:06:08	1	0	15	0
   108635	2021-08-16 07:08:42	1	0	15	0
   108587	2021-08-16 07:13:24	1	0	15	0
   101451	2021-08-16 07:15:18	1	0	15	0
   108593	2021-08-16 07:16:05	1	0	15	0
   108593	2021-08-16 07:16:07	1	0	15	0
    10159	2021-08-16 07:19:46	1	0	15	0
   108658	2021-08-16 07:21:23	1	0	15	0
   108654	2021-08-16 07:23:04	1	0	15	0
    10278	2021-08-16 07:25:30	1	0	15	0
    10278	2021-08-16 07:25:32	1	0	15	0
    10080	2021-08-16 07:25:50	1	0	15	0
   108472	2021-08-16 07:27:06	1	0	15	0
   108674	2021-08-16 07:31:17	1	0	15	0
    10065	2021-08-16 07:34:57	1	0	15	0
    10033	2021-08-16 07:35:42	1	0	15	0
   108568	2021-08-16 07:36:56	1	0	15	0
   108523	2021-08-16 07:38:01	1	0	15	0
   108669	2021-08-16 07:39:41	1	0	15	0
    10284	2021-08-16 07:40:57	1	0	15	0
   108585	2021-08-16 07:42:51	1	0	15	0
    10127	2021-08-16 07:43:45	1	0	15	0
    10221	2021-08-16 07:44:11	1	0	15	0
   108667	2021-08-16 07:45:57	1	0	15	0
    10063	2021-08-16 07:46:16	1	0	15	0
   108610	2021-08-16 07:46:24	1	0	15	0
   108676	2021-08-16 07:46:31	1	0	15	0
   108671	2021-08-16 07:46:39	1	0	15	0
    10076	2021-08-16 07:46:53	1	0	15	0
   108638	2021-08-16 07:49:26	1	0	15	0
    10129	2021-08-16 07:50:52	1	0	15	0
   101432	2021-08-16 07:51:16	1	0	15	0
   102542	2021-08-16 07:51:23	1	0	15	0
    19980	2021-08-16 07:52:28	1	0	15	0
    10032	2021-08-16 07:54:07	1	0	15	0
   108672	2021-08-16 07:54:24	1	0	15	0
   108663	2021-08-16 07:54:54	1	0	15	0
    10458	2021-08-16 07:55:33	1	0	15	0
    10550	2021-08-16 07:55:44	1	0	15	0
   108619	2021-08-16 07:57:51	1	0	15	0
    10309	2021-08-16 07:58:07	1	0	15	0
   108613	2021-08-16 08:00:51	1	0	15	0
    10348	2021-08-16 08:01:04	1	0	15	0
    10149	2021-08-16 08:01:12	1	0	15	0
    10149	2021-08-16 08:01:14	1	0	15	0
   108579	2021-08-16 08:01:24	1	0	15	0
   108598	2021-08-16 08:01:45	1	0	15	0
   108611	2021-08-16 08:09:41	1	0	15	0
    10138	2021-08-16 08:11:52	1	0	15	0
   102579	2021-08-16 08:14:36	1	0	15	0
   108489	2021-08-16 08:28:51	1	0	15	0
   102524	2021-08-16 08:29:00	1	0	15	0
   108666	2021-08-16 08:29:29	1	0	15	0
   108591	2021-08-16 08:35:08	1	0	15	0
   108549	2021-08-16 08:41:25	1	0	15	0
   108515	2021-08-16 10:41:34	1	0	15	0
   108610	2021-08-16 12:07:14	1	0	15	0
    10356	2021-08-16 12:16:01	1	1	15	0
    10214	2021-08-16 12:16:18	1	1	15	0
   108538	2021-08-16 12:23:24	1	1	15	0
   102526	2021-08-16 15:00:58	1	1	15	0
    10284	2021-08-16 16:13:25	1	1	15	0
   108472	2021-08-16 16:15:25	1	1	15	0
   108593	2021-08-16 17:00:22	1	1	15	0
   108613	2021-08-16 17:00:33	1	1	15	0
   108587	2021-08-16 17:00:49	1	1	15	0
   108587	2021-08-16 17:00:52	1	1	15	0
   108630	2021-08-16 17:00:56	1	1	15	0
    10309	2021-08-16 17:01:05	1	1	15	0
   101451	2021-08-16 17:01:17	1	1	15	0
    10080	2021-08-16 17:01:25	1	1	15	0
    10550	2021-08-16 17:01:48	1	1	15	0
   108579	2021-08-16 17:02:08	1	1	15	0
   108617	2021-08-16 17:02:20	1	1	15	0
   108667	2021-08-16 17:02:37	1	1	15	0
   108533	2021-08-16 17:02:45	1	1	15	0
   108676	2021-08-16 17:03:01	1	1	15	0
   108489	2021-08-16 17:03:11	1	1	15	0
    19980	2021-08-16 17:03:24	1	1	15	0
   108671	2021-08-16 17:03:35	1	1	15	0
   102542	2021-08-16 17:03:49	1	1	15	0
    10076	2021-08-16 17:04:09	1	1	15	0
   108515	2021-08-16 17:04:21	1	1	15	0
   108674	2021-08-16 17:04:37	1	1	15	0
   102579	2021-08-16 17:05:03	1	1	15	0
   108669	2021-08-16 17:05:16	1	1	15	0
   101432	2021-08-16 17:05:27	1	1	15	0
   108638	2021-08-16 17:05:36	1	1	15	0
   108556	2021-08-16 17:05:50	1	1	15	0
   108568	2021-08-16 17:05:59	1	1	15	0
   108591	2021-08-16 17:06:13	1	1	15	0
    10221	2021-08-16 17:06:37	1	1	15	0
   102524	2021-08-16 17:07:01	1	1	15	0
    10149	2021-08-16 17:07:18	1	1	15	0
   108611	2021-08-16 17:07:53	1	1	15	0
    10063	2021-08-16 17:08:10	1	1	15	0
    10065	2021-08-16 17:08:19	1	1	15	0
    10278	2021-08-16 17:11:22	1	1	15	0
   108549	2021-08-16 17:14:10	1	1	15	0
   108635	2021-08-16 17:14:22	1	1	15	0
   108619	2021-08-16 17:16:36	1	1	15	0
    10159	2021-08-16 17:17:41	1	1	15	0
   108585	2021-08-16 17:19:05	1	1	15	0
   108672	2021-08-16 17:30:54	1	1	15	0
    10033	2021-08-16 18:06:23	1	1	15	0
   108469	2021-08-16 18:31:14	1	1	15	0
   108654	2021-08-16 19:00:10	1	1	15	0
   101437	2021-08-16 19:00:26	1	1	15	0
    10372	2021-08-16 19:00:45	1	1	15	0
    10032	2021-08-16 19:01:38	1	1	15	0
    10129	2021-08-16 19:30:40	1	1	15	0
    10127	2021-08-16 19:59:44	1	1	15	0
   108523	2021-08-16 20:06:24	1	1	15	0
   108598	2021-08-16 20:36:54	1	1	15	0
   108663	2021-08-16 20:37:05	1	1	15	0
   108658	2021-08-16 20:37:20	1	1	15	0
   108662	2021-08-16 20:37:29	1	1	15	0
   108666	2021-08-16 21:20:12	1	1	15	0
    10138	2021-08-16 21:33:34	1	1	15	0
    10138	2021-08-16 21:33:36	1	1	15	0
    10348	2021-08-16 21:34:52	1	1	15	0
    10348	2021-08-16 21:34:55	1	1	15	0
    10456	2021-08-17 05:33:15	1	0	15	0
   101437	2021-08-17 06:02:25	1	0	15	0
   102526	2021-08-17 06:21:38	1	0	15	0
    10372	2021-08-17 06:35:12	1	0	15	0
    10372	2021-08-17 06:35:14	1	0	15	0
   108469	2021-08-17 06:42:51	1	0	15	0
   108617	2021-08-17 06:48:28	1	0	15	0
   108662	2021-08-17 06:57:42	1	0	15	0
   108556	2021-08-17 07:02:57	1	0	15	0
   108533	2021-08-17 07:04:57	1	0	15	0
   108630	2021-08-17 07:10:38	1	0	15	0
   101451	2021-08-17 07:15:57	1	0	15	0
   102542	2021-08-17 07:16:06	1	0	15	0
   108635	2021-08-17 07:17:35	1	0	15	0
    10033	2021-08-17 07:18:14	1	0	15	0
    10214	2021-08-17 07:20:23	1	0	15	0
    10356	2021-08-17 07:20:56	1	0	15	0
   108593	2021-08-17 07:21:38	1	0	15	0
    10149	2021-08-17 07:22:16	1	0	15	0
    10278	2021-08-17 07:23:53	1	0	15	0
   108568	2021-08-17 07:24:48	1	0	15	0
    10080	2021-08-17 07:28:19	1	0	15	0
   108585	2021-08-17 07:30:52	1	0	15	0
   108654	2021-08-17 07:31:36	1	0	15	0
    10159	2021-08-17 07:32:57	1	0	15	0
   108673	2021-08-17 07:34:25	1	0	15	0
   108489	2021-08-17 07:35:13	1	0	15	0
   102524	2021-08-17 07:35:27	1	0	15	0
   108472	2021-08-17 07:35:33	1	0	15	0
   108523	2021-08-17 07:35:51	1	0	15	0
   108549	2021-08-17 07:36:35	1	0	15	0
   108669	2021-08-17 07:37:37	1	0	15	0
    10284	2021-08-17 07:38:09	1	0	15	0
   108538	2021-08-17 07:38:20	1	0	15	0
   101432	2021-08-17 07:38:46	1	0	15	0
   108674	2021-08-17 07:39:37	1	0	15	0
    10065	2021-08-17 07:43:52	1	0	15	0
   108638	2021-08-17 07:45:37	1	0	15	0
   108658	2021-08-17 07:45:47	1	0	15	0
   108667	2021-08-17 07:46:28	1	0	15	0
    10063	2021-08-17 07:49:05	1	0	15	0
   108610	2021-08-17 07:49:15	1	0	15	0
   108676	2021-08-17 07:49:23	1	0	15	0
   108671	2021-08-17 07:49:30	1	0	15	0
    10076	2021-08-17 07:49:46	1	0	15	0
   108672	2021-08-17 07:50:35	1	0	15	0
    10221	2021-08-17 07:50:52	1	0	15	0
    19980	2021-08-17 07:53:32	1	0	15	0
    10129	2021-08-17 07:55:24	1	0	15	0
   108619	2021-08-17 07:57:05	1	0	15	0
   108663	2021-08-17 07:57:32	1	0	15	0
   108579	2021-08-17 07:57:37	1	0	15	0
    10309	2021-08-17 07:58:20	1	0	15	0
    10138	2021-08-17 07:59:01	1	0	15	0
   102544	2021-08-17 07:59:15	1	0	15	0
    10458	2021-08-17 07:59:26	1	0	15	0
   108598	2021-08-17 07:59:58	1	0	15	0
    10032	2021-08-17 08:03:48	1	0	15	0
   108666	2021-08-17 08:04:18	1	0	15	0
    10348	2021-08-17 08:08:24	1	0	15	0
   102579	2021-08-17 08:14:02	1	0	15	0
   500001	2021-08-17 08:27:17	1	0	15	0
   108591	2021-08-17 08:28:21	1	0	15	0
   108587	2021-08-17 08:28:29	1	0	15	0
   108587	2021-08-17 08:28:32	1	0	15	0
    10550	2021-08-17 08:39:45	1	0	15	0
    10127	2021-08-17 09:04:29	1	0	15	0
   108515	2021-08-17 09:54:06	1	0	15	0
   108585	2021-08-17 12:02:34	1	0	15	0
   102526	2021-08-17 16:00:59	1	1	15	0
    10309	2021-08-17 16:01:33	1	1	15	0
    10214	2021-08-17 16:01:52	1	1	15	0
    10356	2021-08-17 16:02:04	1	1	15	0
    10456	2021-08-17 16:02:45	1	1	15	0
   108538	2021-08-17 16:03:21	1	1	15	0
   108472	2021-08-17 16:04:11	1	1	15	0
   108587	2021-08-17 16:05:23	1	1	15	0
   108587	2021-08-17 16:05:25	1	1	15	0
    10278	2021-08-17 16:08:44	1	1	15	0
   108593	2021-08-17 17:00:05	1	1	15	0
   101451	2021-08-17 17:00:26	1	1	15	0
   108619	2021-08-17 17:00:41	1	1	15	0
   108549	2021-08-17 17:00:56	1	1	15	0
   108630	2021-08-17 17:01:02	1	1	15	0
    10080	2021-08-17 17:01:09	1	1	15	0
   102524	2021-08-17 17:01:49	1	1	15	0
    10284	2021-08-17 17:01:58	1	1	15	0
   101432	2021-08-17 17:02:08	1	1	15	0
    19980	2021-08-17 17:02:16	1	1	15	0
    19980	2021-08-17 17:02:18	1	1	15	0
   108533	2021-08-17 17:02:25	1	1	15	0
   108591	2021-08-17 17:02:31	1	1	15	0
   108617	2021-08-17 17:02:42	1	1	15	0
   108489	2021-08-17 17:03:06	1	1	15	0
   108667	2021-08-17 17:03:17	1	1	15	0
    10550	2021-08-17 17:03:36	1	1	15	0
   108674	2021-08-17 17:04:01	1	1	15	0
   108676	2021-08-17 17:04:13	1	1	15	0
   108610	2021-08-17 17:04:20	1	1	15	0
   108671	2021-08-17 17:04:26	1	1	15	0
   108638	2021-08-17 17:04:31	1	1	15	0
    10076	2021-08-17 17:04:37	1	1	15	0
    10033	2021-08-17 17:04:43	1	1	15	0
   108579	2021-08-17 17:04:48	1	1	15	0
   108673	2021-08-17 17:04:53	1	1	15	0
    10221	2021-08-17 17:05:00	1	1	15	0
   108568	2021-08-17 17:05:08	1	1	15	0
    10159	2021-08-17 17:05:21	1	1	15	0
   108556	2021-08-17 17:05:31	1	1	15	0
   108669	2021-08-17 17:05:39	1	1	15	0
   108635	2021-08-17 17:06:39	1	1	15	0
   102579	2021-08-17 17:06:45	1	1	15	0
    10138	2021-08-17 17:07:08	1	1	15	0
    10065	2021-08-17 17:07:21	1	1	15	0
    10063	2021-08-17 17:07:51	1	1	15	0
    10149	2021-08-17 17:08:25	1	1	15	0
   108672	2021-08-17 17:10:15	1	1	15	0
   102542	2021-08-17 17:12:44	1	1	15	0
   108598	2021-08-17 17:15:01	1	1	15	0
   108666	2021-08-17 17:17:28	1	1	15	0
    10348	2021-08-17 17:22:55	1	1	15	0
   102544	2021-08-17 17:24:52	1	1	15	0
   500001	2021-08-17 17:32:08	1	1	15	0
   108654	2021-08-17 18:00:15	1	1	15	0
    10372	2021-08-17 18:00:40	1	1	15	0
    10372	2021-08-17 18:00:42	1	1	15	0
   101437	2021-08-17 18:01:49	1	1	15	0
   101437	2021-08-17 18:01:51	1	1	15	0
    10032	2021-08-17 18:05:47	1	1	15	0
   108515	2021-08-17 18:06:54	1	1	15	0
    10127	2021-08-17 18:29:17	1	1	15	0
   108469	2021-08-17 18:31:40	1	1	15	0
    10129	2021-08-17 18:37:00	1	1	15	0
   108663	2021-08-17 20:09:29	1	1	15	0
   108523	2021-08-17 20:09:38	1	1	15	0
   108658	2021-08-17 20:34:37	1	1	15	0
   108662	2021-08-17 20:34:50	1	1	15	0
    10278	2021-08-18 04:47:03	1	0	15	0
   108638	2021-08-18 04:47:27	1	0	15	0
   108538	2021-08-18 04:47:37	1	0	15	0
   108472	2021-08-18 04:49:57	1	0	15	0
    10348	2021-08-18 05:00:58	1	0	15	0
    10348	2021-08-18 05:01:00	1	0	15	0
    10456	2021-08-18 05:35:06	1	0	15	0
   101437	2021-08-18 05:55:27	1	0	15	0
   102526	2021-08-18 06:20:11	1	0	15	0
   108617	2021-08-18 06:28:11	1	0	15	0
    10372	2021-08-18 06:41:20	1	0	15	0
   108469	2021-08-18 06:45:22	1	0	15	0
   108662	2021-08-18 07:01:08	1	0	15	0
   108635	2021-08-18 07:01:14	1	0	15	0
   108593	2021-08-18 07:07:52	1	0	15	0
    10214	2021-08-18 07:08:43	1	0	15	0
    10214	2021-08-18 07:08:45	1	0	15	0
    10356	2021-08-18 07:09:57	1	0	15	0
    10080	2021-08-18 07:11:18	1	0	15	0
   108533	2021-08-18 07:12:23	1	0	15	0
    10149	2021-08-18 07:17:36	1	0	15	0
   108630	2021-08-18 07:18:11	1	0	15	0
   108587	2021-08-18 07:19:22	1	0	15	0
   101451	2021-08-18 07:19:39	1	0	15	0
   102542	2021-08-18 07:22:39	1	0	15	0
    10159	2021-08-18 07:26:56	1	0	15	0
   108556	2021-08-18 07:27:10	1	0	15	0
   108568	2021-08-18 07:28:04	1	0	15	0
   108654	2021-08-18 07:30:18	1	0	15	0
    10033	2021-08-18 07:31:55	1	0	15	0
   108523	2021-08-18 07:33:56	1	0	15	0
   108585	2021-08-18 07:34:27	1	0	15	0
   108658	2021-08-18 07:34:48	1	0	15	0
   108673	2021-08-18 07:35:59	1	0	15	0
   108613	2021-08-18 07:37:58	1	0	15	0
    10063	2021-08-18 07:39:38	1	0	15	0
   108610	2021-08-18 07:39:48	1	0	15	0
   108676	2021-08-18 07:39:53	1	0	15	0
   108671	2021-08-18 07:40:19	1	0	15	0
    10076	2021-08-18 07:40:30	1	0	15	0
   101432	2021-08-18 07:40:39	1	0	15	0
   108549	2021-08-18 07:40:45	1	0	15	0
    10065	2021-08-18 07:42:27	1	0	15	0
   108674	2021-08-18 07:44:27	1	0	15	0
   108669	2021-08-18 07:44:50	1	0	15	0
   108663	2021-08-18 07:45:13	1	0	15	0
    10221	2021-08-18 07:46:12	1	0	15	0
   108667	2021-08-18 07:47:23	1	0	15	0
    10025	2021-08-18 07:48:32	1	0	15	0
    10129	2021-08-18 07:50:56	1	0	15	0
    10309	2021-08-18 07:51:30	1	0	15	0
    19980	2021-08-18 07:52:50	1	0	15	0
   102544	2021-08-18 07:52:59	1	0	15	0
    10032	2021-08-18 07:53:39	1	0	15	0
   108489	2021-08-18 07:57:48	1	0	15	0
   102524	2021-08-18 07:58:02	1	0	15	0
   108598	2021-08-18 07:58:29	1	0	15	0
   108515	2021-08-18 07:58:47	1	0	15	0
    10138	2021-08-18 07:59:08	1	0	15	0
    10284	2021-08-18 07:59:19	1	0	15	0
   108672	2021-08-18 07:59:30	1	0	15	0
   108619	2021-08-18 08:00:16	1	0	15	0
    10458	2021-08-18 08:01:36	1	0	15	0
   108666	2021-08-18 08:06:05	1	0	15	0
   102579	2021-08-18 08:14:10	1	0	15	0
    10550	2021-08-18 08:18:23	1	0	15	0
   108611	2021-08-18 08:21:39	1	0	15	0
   108591	2021-08-18 08:41:05	1	0	15	0
   500001	2021-08-18 08:44:07	1	0	15	0
   108579	2021-08-18 12:42:00	1	0	15	0
    10284	2021-08-18 16:03:21	1	0	15	0
    10138	2021-08-18 16:04:43	1	0	15	0
    10456	2021-08-18 16:08:13	1	1	15	0
   108472	2021-08-18 16:08:21	1	1	15	0
    10214	2021-08-18 16:10:17	1	1	15	0
    10356	2021-08-18 16:11:55	1	1	15	0
   108549	2021-08-18 16:16:52	1	1	15	0
    10348	2021-08-18 16:20:58	1	1	15	0
   108630	2021-08-18 17:00:04	1	1	15	0
   108613	2021-08-18 17:00:10	1	1	15	0
   108593	2021-08-18 17:00:16	1	1	15	0
   108619	2021-08-18 17:00:22	1	1	15	0
   101432	2021-08-18 17:00:31	1	1	15	0
   101451	2021-08-18 17:00:36	1	1	15	0
    19980	2021-08-18 17:00:47	1	1	15	0
    10080	2021-08-18 17:00:58	1	1	15	0
   108568	2021-08-18 17:01:10	1	1	15	0
   108533	2021-08-18 17:01:19	1	1	15	0
   108515	2021-08-18 17:01:27	1	1	15	0
    10309	2021-08-18 17:01:34	1	1	15	0
   102526	2021-08-18 17:01:42	1	1	15	0
   108667	2021-08-18 17:01:50	1	1	15	0
   500001	2021-08-18 17:02:04	1	1	15	0
   108591	2021-08-18 17:02:12	1	1	15	0
   108638	2021-08-18 17:02:18	1	1	15	0
   102524	2021-08-18 17:02:23	1	1	15	0
   108579	2021-08-18 17:02:29	1	1	15	0
    10550	2021-08-18 17:02:35	1	1	15	0
    10458	2021-08-18 17:02:41	1	1	15	0
   108673	2021-08-18 17:02:47	1	1	15	0
   108489	2021-08-18 17:03:03	1	1	15	0
   108556	2021-08-18 17:03:12	1	1	15	0
   108617	2021-08-18 17:03:22	1	1	15	0
    10221	2021-08-18 17:03:29	1	1	15	0
   108672	2021-08-18 17:03:38	1	1	15	0
   108669	2021-08-18 17:03:49	1	1	15	0
   108674	2021-08-18 17:04:18	1	1	15	0
   108587	2021-08-18 17:04:26	1	1	15	0
    10065	2021-08-18 17:04:36	1	1	15	0
   108611	2021-08-18 17:04:50	1	1	15	0
   108676	2021-08-18 17:04:58	1	1	15	0
   108671	2021-08-18 17:05:07	1	1	15	0
    10076	2021-08-18 17:05:15	1	1	15	0
    10063	2021-08-18 17:05:21	1	1	15	0
    10149	2021-08-18 17:05:30	1	1	15	0
   102579	2021-08-18 17:05:38	1	1	15	0
   108635	2021-08-18 17:06:22	1	1	15	0
    10159	2021-08-18 17:09:38	1	1	15	0
    10033	2021-08-18 17:10:17	1	1	15	0
   102544	2021-08-18 17:13:25	1	1	15	0
   108585	2021-08-18 17:14:12	1	1	15	0
    10025	2021-08-18 17:22:53	1	1	15	0
   102542	2021-08-18 17:43:45	1	1	15	0
    10032	2021-08-18 17:45:31	1	1	15	0
    10032	2021-08-18 17:45:33	1	1	15	0
   108654	2021-08-18 18:00:16	1	1	15	0
   101437	2021-08-18 18:00:33	1	1	15	0
    10278	2021-08-18 18:00:49	1	1	15	0
   108538	2021-08-18 18:01:04	1	1	15	0
    10372	2021-08-18 18:01:16	1	1	15	0
    10372	2021-08-18 18:01:18	1	1	15	0
   108469	2021-08-18 18:15:54	1	1	15	0
   108666	2021-08-18 18:42:11	1	1	15	0
    10129	2021-08-18 18:43:47	1	1	15	0
   108610	2021-08-18 19:12:11	1	1	15	0
   108523	2021-08-18 19:14:52	1	1	15	0
   108598	2021-08-18 20:08:22	1	1	15	0
   108663	2021-08-18 20:08:28	1	1	15	0
   108658	2021-08-18 20:08:48	1	1	15	0
   108662	2021-08-18 20:08:57	1	1	15	0
    10356	2021-08-19 03:04:13	1	0	15	0
    10214	2021-08-19 03:04:58	1	0	15	0
    10348	2021-08-19 03:05:38	1	0	15	0
    10456	2021-08-19 04:29:03	1	0	15	0
    10278	2021-08-19 05:34:36	1	0	15	0
    10278	2021-08-19 05:34:38	1	0	15	0
   108538	2021-08-19 05:46:43	1	0	15	0
   101437	2021-08-19 05:57:30	1	0	15	0
   102526	2021-08-19 06:22:58	1	0	15	0
   108617	2021-08-19 06:31:36	1	0	15	0
   108469	2021-08-19 06:33:54	1	0	15	0
    10372	2021-08-19 06:44:50	1	0	15	0
   108472	2021-08-19 06:47:18	1	0	15	0
   108556	2021-08-19 06:57:48	1	0	15	0
   108658	2021-08-19 07:02:28	1	0	15	0
    10032	2021-08-19 07:03:59	1	0	15	0
   108635	2021-08-19 07:04:20	1	0	15	0
   108662	2021-08-19 07:07:14	1	0	15	0
   108587	2021-08-19 07:09:24	1	0	15	0
   108587	2021-08-19 07:09:27	1	0	15	0
   108533	2021-08-19 07:12:04	1	0	15	0
   101451	2021-08-19 07:12:27	1	0	15	0
   108630	2021-08-19 07:15:04	1	0	15	0
   108593	2021-08-19 07:21:10	1	0	15	0
    10149	2021-08-19 07:21:18	1	0	15	0
    10149	2021-08-19 07:21:20	1	0	15	0
    10033	2021-08-19 07:22:38	1	0	15	0
    10033	2021-08-19 07:22:41	1	0	15	0
    10080	2021-08-19 07:24:05	1	0	15	0
    10080	2021-08-19 07:24:07	1	0	15	0
   108523	2021-08-19 07:29:15	1	0	15	0
   108568	2021-08-19 07:29:24	1	0	15	0
    10159	2021-08-19 07:30:15	1	0	15	0
   108585	2021-08-19 07:31:45	1	0	15	0
   108549	2021-08-19 07:35:44	1	0	15	0
   108673	2021-08-19 07:36:34	1	0	15	0
    10065	2021-08-19 07:39:13	1	0	15	0
   108669	2021-08-19 07:39:35	1	0	15	0
   108674	2021-08-19 07:39:53	1	0	15	0
   108638	2021-08-19 07:40:28	1	0	15	0
    10284	2021-08-19 07:40:55	1	0	15	0
   102542	2021-08-19 07:42:19	1	0	15	0
    10221	2021-08-19 07:42:31	1	0	15	0
    10063	2021-08-19 07:42:59	1	0	15	0
   108610	2021-08-19 07:43:08	1	0	15	0
   108676	2021-08-19 07:43:14	1	0	15	0
   108671	2021-08-19 07:43:36	1	0	15	0
    10076	2021-08-19 07:43:43	1	0	15	0
   101432	2021-08-19 07:43:51	1	0	15	0
   108667	2021-08-19 07:45:49	1	0	15	0
    10129	2021-08-19 07:48:36	1	0	15	0
   500001	2021-08-19 07:48:49	1	0	15	0
   108598	2021-08-19 07:50:14	1	0	15	0
    10025	2021-08-19 07:51:58	1	0	15	0
   108619	2021-08-19 07:53:13	1	0	15	0
    19980	2021-08-19 07:53:24	1	0	15	0
    10550	2021-08-19 07:54:27	1	0	15	0
   108579	2021-08-19 07:54:49	1	0	15	0
    10309	2021-08-19 07:55:41	1	0	15	0
    10138	2021-08-19 07:55:57	1	0	15	0
   108663	2021-08-19 07:56:30	1	0	15	0
   108613	2021-08-19 07:58:27	1	0	15	0
   108489	2021-08-19 07:58:36	1	0	15	0
   102524	2021-08-19 07:58:47	1	0	15	0
   108672	2021-08-19 07:58:57	1	0	15	0
   108611	2021-08-19 08:01:28	1	0	15	0
    10458	2021-08-19 08:02:04	1	0	15	0
   108666	2021-08-19 08:03:10	1	0	15	0
   102544	2021-08-19 08:04:04	1	0	15	0
   108515	2021-08-19 08:25:30	1	0	15	0
   108591	2021-08-19 08:31:08	1	0	15	0
   102579	2021-08-19 11:54:56	1	0	15	0
    10356	2021-08-19 13:00:22	1	1	15	0
    10214	2021-08-19 13:00:31	1	1	15	0
   102526	2021-08-19 16:03:46	1	1	15	0
    10309	2021-08-19 16:05:40	1	1	15	0
   108619	2021-08-19 16:07:28	1	1	15	0
    10456	2021-08-19 16:07:41	1	1	15	0
    10278	2021-08-19 16:09:19	1	1	15	0
   108538	2021-08-19 16:09:27	1	1	15	0
   108472	2021-08-19 16:09:32	1	1	15	0
    10138	2021-08-19 16:17:42	1	1	15	0
    10284	2021-08-19 16:18:14	1	1	15	0
   108549	2021-08-19 16:18:43	1	1	15	0
   108630	2021-08-19 17:00:08	1	1	15	0
   108613	2021-08-19 17:00:20	1	1	15	0
   108654	2021-08-19 17:00:26	1	1	15	0
   108593	2021-08-19 17:00:35	1	1	15	0
   108533	2021-08-19 17:00:43	1	1	15	0
   101451	2021-08-19 17:00:50	1	1	15	0
   102524	2021-08-19 17:00:59	1	1	15	0
    10372	2021-08-19 17:01:04	1	1	15	0
    10025	2021-08-19 17:01:10	1	1	15	0
    10080	2021-08-19 17:01:19	1	1	15	0
   108568	2021-08-19 17:01:29	1	1	15	0
    10065	2021-08-19 17:01:38	1	1	15	0
    10458	2021-08-19 17:01:49	1	1	15	0
   108489	2021-08-19 17:01:57	1	1	15	0
   108591	2021-08-19 17:02:06	1	1	15	0
   108617	2021-08-19 17:02:23	1	1	15	0
   500001	2021-08-19 17:02:37	1	1	15	0
   101437	2021-08-19 17:02:45	1	1	15	0
    19980	2021-08-19 17:02:54	1	1	15	0
   102579	2021-08-19 17:03:02	1	1	15	0
   108676	2021-08-19 17:03:10	1	1	15	0
   108579	2021-08-19 17:03:20	1	1	15	0
    10221	2021-08-19 17:03:32	1	1	15	0
   108667	2021-08-19 17:03:40	1	1	15	0
   108556	2021-08-19 17:03:56	1	1	15	0
   108669	2021-08-19 17:04:03	1	1	15	0
   108611	2021-08-19 17:04:26	1	1	15	0
    10033	2021-08-19 17:04:32	1	1	15	0
   108674	2021-08-19 17:04:41	1	1	15	0
   108671	2021-08-19 17:04:50	1	1	15	0
    10076	2021-08-19 17:05:01	1	1	15	0
    10550	2021-08-19 17:05:10	1	1	15	0
   108673	2021-08-19 17:05:28	1	1	15	0
    10149	2021-08-19 17:05:44	1	1	15	0
    10159	2021-08-19 17:06:03	1	1	15	0
   108587	2021-08-19 17:06:20	1	1	15	0
    10063	2021-08-19 17:07:00	1	1	15	0
   101432	2021-08-19 17:08:25	1	1	15	0
   108638	2021-08-19 17:08:31	1	1	15	0
    10032	2021-08-19 17:09:14	1	1	15	0
   108515	2021-08-19 17:09:23	1	1	15	0
   108635	2021-08-19 17:12:52	1	1	15	0
   102542	2021-08-19 17:13:33	1	1	15	0
   108672	2021-08-19 17:15:07	1	1	15	0
   108585	2021-08-19 17:31:28	1	1	15	0
   108666	2021-08-19 17:32:07	1	1	15	0
   108469	2021-08-19 18:14:05	1	1	15	0
    10129	2021-08-19 18:44:21	1	1	15	0
   108523	2021-08-19 19:47:05	1	1	15	0
   108610	2021-08-19 20:08:55	1	1	15	0
   108663	2021-08-19 20:41:35	1	1	15	0
   108598	2021-08-19 20:42:07	1	1	15	0
   108658	2021-08-19 20:42:20	1	1	15	0
   108662	2021-08-19 20:42:29	1	1	15	0
    10356	2021-08-20 03:02:10	1	0	15	0
    10214	2021-08-20 03:02:17	1	0	15	0
    10348	2021-08-20 03:09:59	1	0	15	0
    10456	2021-08-20 05:13:49	1	0	15	0
   101437	2021-08-20 05:58:04	1	0	15	0
   102526	2021-08-20 06:17:46	1	0	15	0
   108469	2021-08-20 06:36:21	1	0	15	0
   108617	2021-08-20 06:39:32	1	0	15	0
    10372	2021-08-20 06:52:45	1	0	15	0
   108635	2021-08-20 07:08:06	1	0	15	0
    10080	2021-08-20 07:13:35	1	0	15	0
   108658	2021-08-20 07:16:30	1	0	15	0
    10278	2021-08-20 07:17:40	1	0	15	0
    10149	2021-08-20 07:17:54	1	0	15	0
   108587	2021-08-20 07:19:59	1	0	15	0
    10033	2021-08-20 07:21:12	1	0	15	0
   108630	2021-08-20 07:21:24	1	0	15	0
   101451	2021-08-20 07:23:40	1	0	15	0
   108533	2021-08-20 07:23:57	1	0	15	0
   108556	2021-08-20 07:25:04	1	0	15	0
   108654	2021-08-20 07:28:22	1	0	15	0
   102542	2021-08-20 07:28:41	1	0	15	0
   108472	2021-08-20 07:28:50	1	0	15	0
   108593	2021-08-20 07:29:24	1	0	15	0
    10159	2021-08-20 07:32:59	1	0	15	0
   108523	2021-08-20 07:35:14	1	0	15	0
   108568	2021-08-20 07:38:10	1	0	15	0
   108663	2021-08-20 07:38:55	1	0	15	0
   108549	2021-08-20 07:39:25	1	0	15	0
   108669	2021-08-20 07:39:56	1	0	15	0
   108667	2021-08-20 07:40:16	1	0	15	0
   108638	2021-08-20 07:41:12	1	0	15	0
    10063	2021-08-20 07:42:12	1	0	15	0
   108610	2021-08-20 07:42:21	1	0	15	0
   108676	2021-08-20 07:42:27	1	0	15	0
   108671	2021-08-20 07:42:35	1	0	15	0
    10076	2021-08-20 07:42:42	1	0	15	0
    10065	2021-08-20 07:42:53	1	0	15	0
   108674	2021-08-20 07:43:18	1	0	15	0
   101432	2021-08-20 07:45:21	1	0	15	0
   108662	2021-08-20 07:46:22	1	0	15	0
    10221	2021-08-20 07:48:14	1	0	15	0
   108538	2021-08-20 07:51:41	1	0	15	0
    19980	2021-08-20 07:53:06	1	0	15	0
    10284	2021-08-20 07:54:13	1	0	15	0
    10129	2021-08-20 07:54:23	1	0	15	0
    10309	2021-08-20 07:55:28	1	0	15	0
   108619	2021-08-20 07:56:35	1	0	15	0
   108598	2021-08-20 07:58:13	1	0	15	0
   108672	2021-08-20 07:59:49	1	0	15	0
    10550	2021-08-20 08:00:31	1	0	15	0
   108579	2021-08-20 08:02:00	1	0	15	0
    10458	2021-08-20 08:02:19	1	0	15	0
    10032	2021-08-20 08:05:48	1	0	15	0
   108613	2021-08-20 08:06:46	1	0	15	0
   108585	2021-08-20 08:07:10	1	0	15	0
   108591	2021-08-20 08:08:17	1	0	15	0
   102544	2021-08-20 08:12:32	1	0	15	0
   108611	2021-08-20 08:17:06	1	0	15	0
   500001	2021-08-20 08:18:12	1	0	15	0
   108666	2021-08-20 08:23:05	1	0	15	0
   108489	2021-08-20 08:27:01	1	0	15	0
   102524	2021-08-20 08:27:12	1	0	15	0
   102579	2021-08-20 08:28:16	1	0	15	0
    10127	2021-08-20 08:56:47	1	0	15	0
    10127	2021-08-20 08:56:49	1	0	15	0
   108515	2021-08-20 10:50:18	1	0	15	0
    10356	2021-08-20 12:02:24	1	1	15	0
    10214	2021-08-20 12:02:34	1	1	15	0
    10348	2021-08-20 12:50:21	1	1	15	0
    10348	2021-08-20 12:50:24	1	1	15	0
   108538	2021-08-20 16:03:39	1	1	15	0
   108472	2021-08-20 16:08:01	1	1	15	0
   108549	2021-08-20 16:16:35	1	1	15	0
    10284	2021-08-20 16:17:18	1	1	15	0
   108587	2021-08-20 16:20:11	1	1	15	0
   102526	2021-08-20 16:20:58	1	1	15	0
    10309	2021-08-20 16:21:24	1	1	15	0
   108613	2021-08-20 17:01:03	1	1	15	0
   101451	2021-08-20 17:01:19	1	1	15	0
   108533	2021-08-20 17:01:27	1	1	15	0
   102524	2021-08-20 17:01:41	1	1	15	0
   108619	2021-08-20 17:01:50	1	1	15	0
   108619	2021-08-20 17:01:52	1	1	15	0
   108579	2021-08-20 17:02:05	1	1	15	0
   108489	2021-08-20 17:02:25	1	1	15	0
    10221	2021-08-20 17:02:47	1	1	15	0
   108667	2021-08-20 17:02:55	1	1	15	0
   108671	2021-08-20 17:03:13	1	1	15	0
   108676	2021-08-20 17:03:35	1	1	15	0
   500001	2021-08-20 17:03:44	1	1	15	0
    19980	2021-08-20 17:03:54	1	1	15	0
   108568	2021-08-20 17:04:06	1	1	15	0
   108674	2021-08-20 17:04:23	1	1	15	0
   101437	2021-08-20 17:04:40	1	1	15	0
    10080	2021-08-20 17:04:47	1	1	15	0
   101432	2021-08-20 17:04:54	1	1	15	0
   108669	2021-08-20 17:05:00	1	1	15	0
    10063	2021-08-20 17:05:10	1	1	15	0
   108654	2021-08-20 17:05:22	1	1	15	0
   108556	2021-08-20 17:05:34	1	1	15	0
    10076	2021-08-20 17:05:44	1	1	15	0
    10076	2021-08-20 17:05:47	1	1	15	0
    10458	2021-08-20 17:05:53	1	1	15	0
    10065	2021-08-20 17:05:59	1	1	15	0
   108638	2021-08-20 17:06:09	1	1	15	0
   108515	2021-08-20 17:06:19	1	1	15	0
    10033	2021-08-20 17:06:25	1	1	15	0
   102579	2021-08-20 17:06:36	1	1	15	0
    10149	2021-08-20 17:06:47	1	1	15	0
   108610	2021-08-20 17:07:08	1	1	15	0
   108591	2021-08-20 17:07:16	1	1	15	0
    10372	2021-08-20 17:07:28	1	1	15	0
   108635	2021-08-20 17:08:40	1	1	15	0
   108611	2021-08-20 17:09:00	1	1	15	0
   108611	2021-08-20 17:09:02	1	1	15	0
   108672	2021-08-20 17:09:49	1	1	15	0
   108672	2021-08-20 17:09:51	1	1	15	0
   108585	2021-08-20 17:12:31	1	1	15	0
    10025	2021-08-20 17:13:00	1	1	15	0
    10550	2021-08-20 17:26:58	1	1	15	0
    10159	2021-08-20 17:34:40	1	1	15	0
   102544	2021-08-20 17:36:28	1	1	15	0
   102542	2021-08-20 17:53:47	1	1	15	0
    10032	2021-08-20 18:04:24	1	1	15	0
   108469	2021-08-20 18:32:44	1	1	15	0
   108663	2021-08-20 18:47:37	1	1	15	0
   108658	2021-08-20 18:47:45	1	1	15	0
   108598	2021-08-20 18:48:03	1	1	15	0
   108523	2021-08-20 19:05:44	1	1	15	0
    10129	2021-08-20 19:06:35	1	1	15	0
    10456	2021-08-20 20:08:09	1	1	15	0
    10456	2021-08-20 20:08:12	1	1	15	0
   108662	2021-08-20 20:12:41	1	1	15	0
   108662	2021-08-20 20:12:44	1	1	15	0
   108666	2021-08-20 20:22:18	1	1	15	0
   108666	2021-08-20 20:22:21	1	1	15	0
    10278	2021-08-20 20:45:51	1	1	15	0
   108593	2021-08-20 23:00:09	1	1	15	0
   108630	2021-08-20 23:00:16	1	1	15	0
   108472	2021-08-21 07:10:26	1	0	15	0
    10033	2021-08-21 07:35:10	1	0	15	0
   108469	2021-08-21 07:49:41	1	0	15	0
   108538	2021-08-21 07:52:16	1	0	15	0
   108538	2021-08-21 07:52:18	1	0	15	0
    10348	2021-08-21 07:59:43	1	0	15	0
    10348	2021-08-21 07:59:46	1	0	15	0
    10129	2021-08-21 08:01:09	1	0	15	0
    10032	2021-08-21 08:14:14	1	0	15	0
    10032	2021-08-21 08:14:17	1	0	15	0
    10032	2021-08-21 15:15:20	1	0	15	0
    10033	2021-08-21 15:38:52	1	0	15	0
   108538	2021-08-21 16:01:21	1	0	15	0
   108538	2021-08-21 16:01:23	1	0	15	0
   108472	2021-08-21 16:01:49	1	0	15	0
   108472	2021-08-21 16:02:16	1	1	15	0
   108538	2021-08-21 16:02:36	1	1	15	0
   108538	2021-08-21 16:02:38	1	1	15	0
   108469	2021-08-21 20:09:28	1	1	15	0
    10348	2021-08-21 20:10:03	1	1	15	0
    10129	2021-08-21 20:18:52	1	1	15	0
   108538	2021-08-22 05:39:25	1	0	15	0
   108472	2021-08-22 05:46:30	1	0	15	0
   101437	2021-08-22 06:02:45	1	0	15	0
    10372	2021-08-22 06:45:35	1	0	15	0
   108657	2021-08-22 06:58:55	1	0	15	0
    10033	2021-08-22 07:20:22	1	0	15	0
    10348	2021-08-22 07:44:49	1	0	15	0
   108469	2021-08-22 07:49:36	1	0	15	0
    10033	2021-08-22 15:00:43	1	0	15	0
   101437	2021-08-22 16:00:10	1	1	15	0
   108657	2021-08-22 16:00:26	1	1	15	0
    10372	2021-08-22 16:00:34	1	1	15	0
    10372	2021-08-22 16:00:36	1	1	15	0
    10033	2021-08-22 18:57:09	1	1	15	0
    10348	2021-08-22 19:01:07	1	1	15	0
   108472	2021-08-22 19:01:31	1	1	15	0
   108469	2021-08-22 19:02:01	1	1	15	0
   108538	2021-08-22 19:02:12	1	1	15	0
    10278	2021-08-23 03:39:03	1	1	15	0
    10278	2021-08-23 03:40:30	1	0	15	0
    10278	2021-08-23 03:40:32	1	0	15	0
   108538	2021-08-23 03:49:43	1	0	15	0
    10456	2021-08-23 05:30:11	1	0	15	0
    10456	2021-08-23 05:30:14	1	0	15	0
   101437	2021-08-23 06:08:14	1	0	15	0
   102526	2021-08-23 06:28:52	1	0	15	0
   108662	2021-08-23 06:34:57	1	0	15	0
    10372	2021-08-23 06:36:52	1	0	15	0
   108658	2021-08-23 06:39:45	1	0	15	0
   108556	2021-08-23 06:47:56	1	0	15	0
   108469	2021-08-23 06:48:25	1	0	15	0
   108617	2021-08-23 06:48:44	1	0	15	0
    10159	2021-08-23 07:06:54	1	0	15	0
   108630	2021-08-23 07:07:06	1	0	15	0
   108585	2021-08-23 07:08:59	1	0	15	0
    10033	2021-08-23 07:10:42	1	0	15	0
    10214	2021-08-23 07:14:27	1	0	15	0
    10214	2021-08-23 07:14:29	1	0	15	0
    10356	2021-08-23 07:14:58	1	0	15	0
   108635	2021-08-23 07:17:47	1	0	15	0
    10033	2021-08-23 07:20:06	1	0	15	0
    10080	2021-08-23 07:20:33	1	0	15	0
   108593	2021-08-23 07:21:02	1	0	15	0
   108638	2021-08-23 07:21:41	1	0	15	0
   102542	2021-08-23 07:23:05	1	0	15	0
   108472	2021-08-23 07:25:21	1	0	15	0
    10149	2021-08-23 07:26:32	1	0	15	0
    10149	2021-08-23 07:26:34	1	0	15	0
   108523	2021-08-23 07:26:44	1	0	15	0
   108672	2021-08-23 07:27:23	1	0	15	0
   108672	2021-08-23 07:27:25	1	0	15	0
   108568	2021-08-23 07:34:39	1	0	15	0
   108654	2021-08-23 07:35:38	1	0	15	0
   108669	2021-08-23 07:36:13	1	0	15	0
   108673	2021-08-23 07:38:03	1	0	15	0
    10065	2021-08-23 07:41:18	1	0	15	0
    10063	2021-08-23 07:42:09	1	0	15	0
   108610	2021-08-23 07:42:18	1	0	15	0
   108671	2021-08-23 07:42:29	1	0	15	0
   101432	2021-08-23 07:42:53	1	0	15	0
   108667	2021-08-23 07:46:30	1	0	15	0
   108598	2021-08-23 07:48:10	1	0	15	0
   108674	2021-08-23 07:48:39	1	0	15	0
    10129	2021-08-23 07:51:57	1	0	15	0
    10221	2021-08-23 07:52:15	1	0	15	0
   108549	2021-08-23 07:54:11	1	0	15	0
    19980	2021-08-23 07:55:34	1	0	15	0
   108663	2021-08-23 07:57:13	1	0	15	0
    10284	2021-08-23 07:57:42	1	0	15	0
   500001	2021-08-23 07:58:04	1	0	15	0
    10309	2021-08-23 07:58:15	1	0	15	0
   108619	2021-08-23 07:58:34	1	0	15	0
    10458	2021-08-23 07:58:57	1	0	15	0
    10348	2021-08-23 07:59:21	1	0	15	0
   108666	2021-08-23 07:59:52	1	0	15	0
    10138	2021-08-23 08:01:35	1	0	15	0
    10032	2021-08-23 08:03:31	1	0	15	0
   108591	2021-08-23 08:05:18	1	0	15	0
   108579	2021-08-23 08:07:26	1	0	15	0
   102579	2021-08-23 08:15:44	1	0	15	0
   108611	2021-08-23 08:17:06	1	0	15	0
    10550	2021-08-23 08:22:09	1	0	15	0
   108515	2021-08-23 08:41:50	1	0	15	0
    10076	2021-08-23 09:01:01	1	0	15	0
   108669	2021-08-23 12:03:34	1	0	15	0
   108538	2021-08-23 14:17:12	1	1	15	0
    10278	2021-08-23 14:24:24	1	1	15	0
   102526	2021-08-23 16:03:31	1	1	15	0
    10309	2021-08-23 16:03:57	1	1	15	0
    10356	2021-08-23 16:04:28	1	1	15	0
   108472	2021-08-23 16:12:34	1	1	15	0
    10456	2021-08-23 16:17:25	1	1	15	0
    10456	2021-08-23 16:17:28	1	1	15	0
   108593	2021-08-23 17:00:13	1	1	15	0
   108630	2021-08-23 17:00:19	1	1	15	0
   108619	2021-08-23 17:01:03	1	1	15	0
   101432	2021-08-23 17:01:28	1	1	15	0
    10080	2021-08-23 17:02:07	1	1	15	0
   108568	2021-08-23 17:02:18	1	1	15	0
   108617	2021-08-23 17:02:28	1	1	15	0
   108674	2021-08-23 17:03:02	1	1	15	0
    10221	2021-08-23 17:03:12	1	1	15	0
   108610	2021-08-23 17:03:18	1	1	15	0
   108579	2021-08-23 17:03:24	1	1	15	0
   108673	2021-08-23 17:03:29	1	1	15	0
    19980	2021-08-23 17:03:44	1	1	15	0
    10458	2021-08-23 17:03:56	1	1	15	0
    10065	2021-08-23 17:04:27	1	1	15	0
   108635	2021-08-23 17:04:36	1	1	15	0
   108556	2021-08-23 17:04:48	1	1	15	0
    10076	2021-08-23 17:05:12	1	1	15	0
   108671	2021-08-23 17:05:19	1	1	15	0
   108672	2021-08-23 17:05:27	1	1	15	0
   102579	2021-08-23 17:05:38	1	1	15	0
   108638	2021-08-23 17:05:48	1	1	15	0
   108611	2021-08-23 17:05:54	1	1	15	0
    10063	2021-08-23 17:06:27	1	1	15	0
    10149	2021-08-23 17:06:36	1	1	15	0
   102542	2021-08-23 17:07:01	1	1	15	0
    10550	2021-08-23 17:07:13	1	1	15	0
   108667	2021-08-23 17:07:27	1	1	15	0
   500001	2021-08-23 17:10:20	1	1	15	0
    10033	2021-08-23 17:13:46	1	1	15	0
    10025	2021-08-23 17:14:27	1	1	15	0
   108585	2021-08-23 17:20:40	1	1	15	0
   108515	2021-08-23 17:26:10	1	1	15	0
    10159	2021-08-23 17:29:17	1	1	15	0
    10032	2021-08-23 17:45:01	1	1	15	0
   108591	2021-08-23 17:58:18	1	1	15	0
   108654	2021-08-23 18:00:11	1	1	15	0
   101437	2021-08-23 18:00:18	1	1	15	0
    10372	2021-08-23 18:01:37	1	1	15	0
   108469	2021-08-23 18:32:38	1	1	15	0
   108666	2021-08-23 18:44:37	1	1	15	0
   108666	2021-08-23 18:44:39	1	1	15	0
    10129	2021-08-23 19:17:26	1	1	15	0
   108523	2021-08-23 19:41:30	1	1	15	0
   108549	2021-08-23 21:00:58	1	1	15	0
    10138	2021-08-23 21:02:58	1	1	15	0
    10138	2021-08-23 21:03:01	1	1	15	0
    10348	2021-08-23 21:04:18	1	1	15	0
   108663	2021-08-23 21:10:29	1	1	15	0
   108598	2021-08-23 21:48:26	1	1	15	0
   108658	2021-08-23 21:48:37	1	1	15	0
   108662	2021-08-23 23:10:54	1	1	15	0
    10456	2021-08-24 05:37:43	1	0	15	0
   101437	2021-08-24 06:19:37	1	0	15	0
    10372	2021-08-24 06:33:52	1	0	15	0
   108617	2021-08-24 06:39:04	1	0	15	0
    10127	2021-08-24 06:39:40	1	0	15	0
   108469	2021-08-24 06:46:03	1	0	15	0
   108587	2021-08-24 06:59:01	1	0	15	0
   102526	2021-08-24 07:08:48	1	0	15	0
    10080	2021-08-24 07:10:41	1	0	15	0
   108630	2021-08-24 07:11:45	1	0	15	0
   108630	2021-08-24 07:11:47	1	0	15	0
    10149	2021-08-24 07:15:56	1	0	15	0
    10149	2021-08-24 07:15:58	1	0	15	0
   101451	2021-08-24 07:17:34	1	0	15	0
   108593	2021-08-24 07:17:44	1	0	15	0
   102542	2021-08-24 07:20:11	1	0	15	0
    10356	2021-08-24 07:25:15	1	0	15	0
   108523	2021-08-24 07:26:09	1	0	15	0
   108549	2021-08-24 07:28:02	1	0	15	0
   108556	2021-08-24 07:29:51	1	0	15	0
   108662	2021-08-24 07:30:33	1	0	15	0
    10033	2021-08-24 07:30:52	1	0	15	0
    10025	2021-08-24 07:31:51	1	0	15	0
    10278	2021-08-24 07:33:44	1	0	15	0
    10159	2021-08-24 07:36:05	1	0	15	0
   108669	2021-08-24 07:42:16	1	0	15	0
   108654	2021-08-24 07:43:00	1	0	15	0
   108635	2021-08-24 07:43:12	1	0	15	0
    10065	2021-08-24 07:44:06	1	0	15	0
   108638	2021-08-24 07:44:59	1	0	15	0
    10221	2021-08-24 07:45:34	1	0	15	0
   108667	2021-08-24 07:45:46	1	0	15	0
    10063	2021-08-24 07:46:26	1	0	15	0
   108610	2021-08-24 07:46:33	1	0	15	0
   108671	2021-08-24 07:46:41	1	0	15	0
   108585	2021-08-24 07:47:09	1	0	15	0
    10076	2021-08-24 07:47:49	1	0	15	0
   108674	2021-08-24 07:49:59	1	0	15	0
    10284	2021-08-24 07:50:11	1	0	15	0
    10550	2021-08-24 07:51:01	1	0	15	0
   108568	2021-08-24 07:51:09	1	0	15	0
   108673	2021-08-24 07:52:18	1	0	15	0
   108658	2021-08-24 07:52:33	1	0	15	0
   108598	2021-08-24 07:52:41	1	0	15	0
    10129	2021-08-24 07:53:09	1	0	15	0
   108672	2021-08-24 07:54:55	1	0	15	0
   102544	2021-08-24 07:55:09	1	0	15	0
   108619	2021-08-24 07:56:19	1	0	15	0
   108489	2021-08-24 07:57:41	1	0	15	0
   102524	2021-08-24 07:57:50	1	0	15	0
   101432	2021-08-24 07:58:29	1	0	15	0
    10458	2021-08-24 07:58:48	1	0	15	0
    10138	2021-08-24 07:59:18	1	0	15	0
   108579	2021-08-24 08:00:11	1	0	15	0
    10309	2021-08-24 08:00:49	1	0	15	0
    19980	2021-08-24 08:03:15	1	0	15	0
   108663	2021-08-24 08:03:23	1	0	15	0
    10032	2021-08-24 08:03:53	1	0	15	0
   108591	2021-08-24 08:04:50	1	0	15	0
   108666	2021-08-24 08:08:20	1	0	15	0
   108613	2021-08-24 08:09:34	1	0	15	0
   108611	2021-08-24 08:12:28	1	0	15	0
    10348	2021-08-24 08:12:53	1	0	15	0
   102579	2021-08-24 08:14:46	1	0	15	0
   500001	2021-08-24 08:45:00	1	0	15	0
   108515	2021-08-24 08:49:43	1	0	15	0
   108635	2021-08-24 15:24:41	1	0	15	0
   108533	2021-08-24 16:04:46	1	0	15	0
    10284	2021-08-24 16:05:36	1	1	15	0
   108549	2021-08-24 16:06:42	1	1	15	0
    10348	2021-08-24 16:08:02	1	1	15	0
   102542	2021-08-24 16:12:20	1	1	15	0
    10138	2021-08-24 16:14:28	1	1	15	0
   108593	2021-08-24 17:00:05	1	1	15	0
   108630	2021-08-24 17:00:17	1	1	15	0
   101451	2021-08-24 17:00:28	1	1	15	0
   108613	2021-08-24 17:00:36	1	1	15	0
   108619	2021-08-24 17:00:56	1	1	15	0
   101432	2021-08-24 17:01:02	1	1	15	0
   108579	2021-08-24 17:01:09	1	1	15	0
   102526	2021-08-24 17:01:42	1	1	15	0
   108617	2021-08-24 17:02:01	1	1	15	0
    10309	2021-08-24 17:02:08	1	1	15	0
   500001	2021-08-24 17:02:24	1	1	15	0
   108610	2021-08-24 17:02:32	1	1	15	0
   108489	2021-08-24 17:02:52	1	1	15	0
    10080	2021-08-24 17:03:03	1	1	15	0
   102524	2021-08-24 17:03:19	1	1	15	0
   108515	2021-08-24 17:03:29	1	1	15	0
   108556	2021-08-24 17:04:28	1	1	15	0
   108674	2021-08-24 17:04:35	1	1	15	0
   108669	2021-08-24 17:04:51	1	1	15	0
   108568	2021-08-24 17:04:58	1	1	15	0
   108591	2021-08-24 17:05:11	1	1	15	0
    10221	2021-08-24 17:05:26	1	1	15	0
   108611	2021-08-24 17:05:39	1	1	15	0
   108667	2021-08-24 17:05:59	1	1	15	0
   102579	2021-08-24 17:06:13	1	1	15	0
    10033	2021-08-24 17:06:21	1	1	15	0
    10063	2021-08-24 17:06:53	1	1	15	0
   108671	2021-08-24 17:07:12	1	1	15	0
    10065	2021-08-24 17:07:41	1	1	15	0
    10149	2021-08-24 17:07:48	1	1	15	0
    10076	2021-08-24 17:07:56	1	1	15	0
    10025	2021-08-24 17:09:12	1	1	15	0
   108587	2021-08-24 17:09:23	1	1	15	0
   108587	2021-08-24 17:09:26	1	1	15	0
   108638	2021-08-24 17:09:35	1	1	15	0
    19980	2021-08-24 17:11:06	1	1	15	0
   108585	2021-08-24 17:17:01	1	1	15	0
   108672	2021-08-24 17:19:46	1	1	15	0
   108673	2021-08-24 17:22:19	1	1	15	0
    10159	2021-08-24 17:23:37	1	1	15	0
    10456	2021-08-24 17:23:46	1	1	15	0
    10278	2021-08-24 17:25:52	1	1	15	0
    10550	2021-08-24 17:27:37	1	1	15	0
   102544	2021-08-24 17:41:10	1	1	15	0
    10032	2021-08-24 17:43:50	1	1	15	0
   108654	2021-08-24 18:00:08	1	1	15	0
   101437	2021-08-24 18:00:18	1	1	15	0
    10372	2021-08-24 18:01:07	1	1	15	0
   108469	2021-08-24 18:36:28	1	1	15	0
    10129	2021-08-24 18:40:43	1	1	15	0
   108523	2021-08-24 19:39:38	1	1	15	0
   108663	2021-08-24 21:01:12	1	1	15	0
   108598	2021-08-24 21:01:45	1	1	15	0
   108666	2021-08-24 21:08:15	1	1	15	0
    10127	2021-08-24 21:14:30	1	1	15	0
   108658	2021-08-24 21:14:49	1	1	15	0
   108662	2021-08-24 21:14:57	1	1	15	0
    10456	2021-08-25 05:00:21	1	0	15	0
    10278	2021-08-25 05:38:31	1	0	15	0
    10278	2021-08-25 05:38:33	1	0	15	0
   101437	2021-08-25 06:08:28	1	0	15	0
   101437	2021-08-25 06:08:30	1	0	15	0
   102526	2021-08-25 06:23:55	1	0	15	0
   108662	2021-08-25 06:35:19	1	0	15	0
    10372	2021-08-25 06:43:18	1	0	15	0
    10372	2021-08-25 06:43:20	1	0	15	0
   108617	2021-08-25 06:45:06	1	0	15	0
   108469	2021-08-25 06:52:19	1	0	15	0
   108658	2021-08-25 06:57:02	1	0	15	0
   108587	2021-08-25 07:06:39	1	0	15	0
   108587	2021-08-25 07:06:41	1	0	15	0
    10080	2021-08-25 07:08:12	1	0	15	0
    10127	2021-08-25 07:10:44	1	0	15	0
    10149	2021-08-25 07:12:27	1	0	15	0
   108635	2021-08-25 07:13:01	1	0	15	0
   108556	2021-08-25 07:16:26	1	0	15	0
   101451	2021-08-25 07:16:40	1	0	15	0
   108630	2021-08-25 07:17:39	1	0	15	0
   108593	2021-08-25 07:19:26	1	0	15	0
   108538	2021-08-25 07:19:57	1	0	15	0
   108533	2021-08-25 07:20:36	1	0	15	0
   108523	2021-08-25 07:21:45	1	0	15	0
    10356	2021-08-25 07:24:52	1	0	15	0
   108549	2021-08-25 07:24:58	1	0	15	0
   108472	2021-08-25 07:31:33	1	0	15	0
   108568	2021-08-25 07:31:45	1	0	15	0
   102542	2021-08-25 07:32:13	1	0	15	0
   108638	2021-08-25 07:32:31	1	0	15	0
    10033	2021-08-25 07:34:57	1	0	15	0
    10159	2021-08-25 07:36:24	1	0	15	0
   108673	2021-08-25 07:36:50	1	0	15	0
    10550	2021-08-25 07:37:05	1	0	15	0
   108672	2021-08-25 07:41:04	1	0	15	0
   108613	2021-08-25 07:41:20	1	0	15	0
    10065	2021-08-25 07:41:33	1	0	15	0
   101432	2021-08-25 07:42:29	1	0	15	0
    10063	2021-08-25 07:44:22	1	0	15	0
   108610	2021-08-25 07:44:32	1	0	15	0
   108671	2021-08-25 07:44:43	1	0	15	0
    10076	2021-08-25 07:44:53	1	0	15	0
   108669	2021-08-25 07:45:52	1	0	15	0
   500001	2021-08-25 07:48:24	1	0	15	0
    10284	2021-08-25 07:48:54	1	0	15	0
    10221	2021-08-25 07:49:39	1	0	15	0
   108674	2021-08-25 07:50:03	1	0	15	0
   108585	2021-08-25 07:50:20	1	0	15	0
   108667	2021-08-25 07:50:39	1	0	15	0
    10348	2021-08-25 07:51:19	1	0	15	0
    19980	2021-08-25 07:52:01	1	0	15	0
    10309	2021-08-25 07:52:24	1	0	15	0
   108489	2021-08-25 07:54:01	1	0	15	0
   102524	2021-08-25 07:54:12	1	0	15	0
   108663	2021-08-25 07:56:12	1	0	15	0
    10129	2021-08-25 07:57:19	1	0	15	0
   108598	2021-08-25 07:58:31	1	0	15	0
    10138	2021-08-25 07:58:52	1	0	15	0
   108619	2021-08-25 08:00:54	1	0	15	0
   108666	2021-08-25 08:01:57	1	0	15	0
    10458	2021-08-25 08:04:38	1	0	15	0
   108579	2021-08-25 08:05:08	1	0	15	0
   108591	2021-08-25 08:05:44	1	0	15	0
    10032	2021-08-25 08:05:57	1	0	15	0
   108611	2021-08-25 08:06:17	1	0	15	0
   102579	2021-08-25 08:24:51	1	0	15	0
   102544	2021-08-25 08:29:59	1	0	15	0
