   101437	2021-01-11 06:16:00	1	1	15	0
   108662	2021-01-11 06:19:25	1	1	15	0
    10456	2021-01-11 06:19:43	1	0	15	0
   108556	2021-01-11 07:10:41	1	0	15	0
   108617	2021-01-11 07:17:40	1	0	15	0
   108630	2021-01-11 07:23:48	1	0	15	0
    10356	2021-01-11 07:31:35	1	0	15	0
    10033	2021-01-11 07:33:29	1	0	15	0
   102542	2021-01-11 07:33:51	1	0	15	0
    10278	2021-01-11 07:34:18	1	0	15	0
   108654	2021-01-11 07:34:40	1	0	15	0
   108661	2021-01-11 07:34:48	1	0	15	0
   108469	2021-01-11 07:36:17	1	0	15	0
   108610	2021-01-11 07:38:56	1	0	15	0
    10025	2021-01-11 07:39:06	1	0	15	0
    10221	2021-01-11 07:39:41	1	0	15	0
   101451	2021-01-11 07:44:43	1	0	15	0
   102526	2021-01-11 07:46:06	1	0	15	0
   108658	2021-01-11 07:47:03	1	0	15	0
   108665	2021-01-11 07:48:27	1	0	15	0
   108665	2021-01-11 07:48:30	1	0	15	0
   108663	2021-01-11 07:50:49	1	0	15	0
   101432	2021-01-11 07:52:32	1	0	15	0
    10129	2021-01-11 07:55:51	1	0	15	0
   108619	2021-01-11 07:56:31	1	0	15	0
    10138	2021-01-11 07:56:41	1	0	15	0
   108636	2021-01-11 07:57:34	1	0	15	0
   108657	2021-01-11 07:59:58	1	0	15	0
   108549	2021-01-11 08:00:23	1	0	15	0
   108598	2021-01-11 08:00:45	1	0	15	0
    10032	2021-01-11 08:01:13	1	0	15	0
   108650	2021-01-11 08:01:59	1	0	15	0
   108638	2021-01-11 08:02:43	1	0	15	0
    10372	2021-01-11 08:02:48	1	0	15	0
   108568	2021-01-11 08:03:02	1	0	15	0
    10284	2021-01-11 08:03:46	1	0	15	0
   108611	2021-01-11 08:04:02	1	0	15	0
    10065	2021-01-11 08:05:40	1	0	15	0
    10080	2021-01-11 08:05:48	1	0	15	0
    10309	2021-01-11 08:05:59	1	0	15	0
   500001	2021-01-11 08:10:35	1	0	15	0
    19980	2021-01-11 08:16:06	1	0	15	0
    10149	2021-01-11 08:19:18	1	0	15	0
    10076	2021-01-11 08:19:27	1	0	15	0
   108523	2021-01-11 08:19:34	1	0	15	0
   108585	2021-01-11 08:22:31	1	0	15	0
   108591	2021-01-11 08:38:45	1	0	15	0
    10127	2021-01-11 08:41:00	1	0	15	0
   108608	2021-01-11 09:19:44	1	0	15	0
   108515	2021-01-11 09:36:08	1	0	15	0
   108629	2021-01-11 10:11:58	1	0	15	0
   108630	2021-01-11 12:01:08	1	0	15	0
   102526	2021-01-11 16:02:12	1	0	15	0
    10309	2021-01-11 16:02:24	1	0	15	0
    10356	2021-01-11 16:02:31	1	0	15	0
   101437	2021-01-11 16:02:48	1	0	15	0
   101451	2021-01-11 16:02:55	1	0	15	0
   108644	2021-01-11 16:03:15	1	0	15	0
    10348	2021-01-11 16:03:58	1	0	15	0
   108549	2021-01-11 16:04:13	1	0	15	0
    10138	2021-01-11 16:04:22	1	0	15	0
    10456	2021-01-11 16:04:32	1	0	15	0
    10278	2021-01-11 16:05:25	1	0	15	0
   108469	2021-01-11 16:09:34	1	0	15	0
   102525	2021-01-11 17:01:33	1	1	15	0
   108657	2021-01-11 17:01:42	1	1	15	0
    10025	2021-01-11 17:01:53	1	1	15	0
   108654	2021-01-11 17:02:16	1	1	15	0
   108617	2021-01-11 17:02:28	1	1	15	0
   108619	2021-01-11 17:02:40	1	1	15	0
    10458	2021-01-11 17:02:46	1	1	15	0
    10372	2021-01-11 17:03:02	1	1	15	0
   101432	2021-01-11 17:03:09	1	1	15	0
    10033	2021-01-11 17:03:19	1	1	15	0
    10080	2021-01-11 17:03:29	1	1	15	0
    10221	2021-01-11 17:03:41	1	1	15	0
   108650	2021-01-11 17:03:52	1	1	15	0
   108608	2021-01-11 17:04:13	1	1	15	0
    19980	2021-01-11 17:04:54	1	1	15	0
   108611	2021-01-11 17:05:05	1	1	15	0
   108585	2021-01-11 17:05:14	1	1	15	0
    10065	2021-01-11 17:05:26	1	1	15	0
   108591	2021-01-11 17:06:04	1	1	15	0
   108568	2021-01-11 17:06:15	1	1	15	0
   108636	2021-01-11 17:06:28	1	1	15	0
   108658	2021-01-11 17:07:40	1	1	15	0
   108556	2021-01-11 17:07:51	1	1	15	0
   108638	2021-01-11 17:07:58	1	1	15	0
   108629	2021-01-11 17:08:39	1	1	15	0
   108505	2021-01-11 17:09:48	1	1	15	0
    10284	2021-01-11 17:10:43	1	1	15	0
   102542	2021-01-11 17:13:19	1	1	15	0
   500001	2021-01-11 17:16:27	1	1	15	0
   108610	2021-01-11 17:30:49	1	1	15	0
   108515	2021-01-11 17:31:31	1	1	15	0
    10076	2021-01-11 17:32:20	1	1	15	0
    10063	2021-01-11 17:35:06	1	1	15	0
    10149	2021-01-11 17:37:45	1	1	15	0
    10129	2021-01-11 18:11:57	1	1	15	0
    10032	2021-01-11 18:28:07	1	1	15	0
   108663	2021-01-11 19:03:51	1	1	15	0
   108662	2021-01-11 19:04:00	1	1	15	0
   108523	2021-01-11 19:35:25	1	1	15	0
   108661	2021-01-11 20:19:11	1	1	15	0
   108665	2021-01-11 20:19:58	1	1	15	0
   108665	2021-01-11 20:20:01	1	1	15	0
   108598	2021-01-11 20:20:48	1	1	15	0
    10127	2021-01-11 20:21:21	1	1	15	0
   108608	2021-01-12 05:57:37	1	1	15	0
    10456	2021-01-12 06:11:34	1	0	15	0
   101437	2021-01-12 06:19:04	1	0	15	0
   102526	2021-01-12 06:56:13	1	0	15	0
   108533	2021-01-12 06:59:14	1	0	15	0
   108662	2021-01-12 07:02:30	1	0	15	0
   108556	2021-01-12 07:06:42	1	0	15	0
    10149	2021-01-12 07:10:40	1	0	15	0
   108568	2021-01-12 07:10:53	1	0	15	0
   108657	2021-01-12 07:14:11	1	0	15	0
   108661	2021-01-12 07:18:24	1	0	15	0
    10080	2021-01-12 07:19:11	1	0	15	0
    10214	2021-01-12 07:20:14	1	0	15	0
    10356	2021-01-12 07:21:53	1	0	15	0
   108630	2021-01-12 07:22:01	1	0	15	0
   108523	2021-01-12 07:22:13	1	0	15	0
    10065	2021-01-12 07:23:22	1	0	15	0
   108472	2021-01-12 07:23:52	1	0	15	0
   108610	2021-01-12 07:24:22	1	0	15	0
   108617	2021-01-12 07:25:45	1	0	15	0
   108654	2021-01-12 07:25:57	1	0	15	0
   108505	2021-01-12 07:31:33	1	0	15	0
   108469	2021-01-12 07:34:26	1	0	15	0
   108577	2021-01-12 07:35:03	1	0	15	0
   108577	2021-01-12 07:35:06	1	0	15	0
   108489	2021-01-12 07:36:00	1	0	15	0
   108553	2021-01-12 07:36:28	1	0	15	0
    10278	2021-01-12 07:36:56	1	0	15	0
    10221	2021-01-12 07:37:23	1	0	15	0
   108598	2021-01-12 07:38:19	1	0	15	0
   108650	2021-01-12 07:38:55	1	0	15	0
   108658	2021-01-12 07:39:08	1	0	15	0
    10033	2021-01-12 07:41:05	1	0	15	0
   108593	2021-01-12 07:41:45	1	0	15	0
    10127	2021-01-12 07:42:29	1	0	15	0
    10025	2021-01-12 07:43:15	1	0	15	0
   102542	2021-01-12 07:43:42	1	0	15	0
   102525	2021-01-12 07:44:10	1	0	15	0
   108663	2021-01-12 07:47:28	1	0	15	0
   101436	2021-01-12 07:49:39	1	0	15	0
   108538	2021-01-12 07:50:19	1	0	15	0
   108471	2021-01-12 07:51:50	1	0	15	0
   108570	2021-01-12 07:56:18	1	0	15	0
   108619	2021-01-12 07:56:46	1	0	15	0
   108549	2021-01-12 07:57:59	1	0	15	0
    19980	2021-01-12 07:59:02	1	0	15	0
    10129	2021-01-12 08:00:59	1	0	15	0
   108638	2021-01-12 08:01:51	1	0	15	0
    10032	2021-01-12 08:02:12	1	0	15	0
    10458	2021-01-12 08:02:18	1	0	15	0
    10284	2021-01-12 08:02:53	1	0	15	0
   108635	2021-01-12 08:03:04	1	0	15	0
    10309	2021-01-12 08:03:56	1	0	15	0
   108636	2021-01-12 08:05:03	1	0	15	0
    10138	2021-01-12 08:05:26	1	0	15	0
   500001	2021-01-12 08:06:17	1	0	15	0
   108611	2021-01-12 08:09:00	1	0	15	0
   102544	2021-01-12 08:10:52	1	0	15	0
    10348	2021-01-12 08:12:23	1	0	15	0
   108591	2021-01-12 08:20:03	1	0	15	0
   108617	2021-01-12 08:40:33	1	0	15	0
    10550	2021-01-12 08:47:41	1	0	15	0
   108515	2021-01-12 08:51:30	1	0	15	0
    10372	2021-01-12 09:01:11	1	0	15	0
    10025	2021-01-12 12:04:02	1	0	15	0
    10033	2021-01-12 12:05:25	1	0	15	0
   108593	2021-01-12 16:00:58	1	1	15	0
   108549	2021-01-12 16:01:30	1	1	15	0
   101437	2021-01-12 16:02:06	1	1	15	0
    10348	2021-01-12 16:02:14	1	1	15	0
    10456	2021-01-12 16:02:28	1	1	15	0
    10284	2021-01-12 16:02:36	1	1	15	0
    10284	2021-01-12 16:02:39	1	1	15	0
   102526	2021-01-12 16:03:11	1	1	15	0
   108577	2021-01-12 16:05:30	1	1	15	0
    10278	2021-01-12 16:06:02	1	1	15	0
   108570	2021-01-12 16:06:25	1	1	15	0
    10309	2021-01-12 16:06:35	1	1	15	0
    10138	2021-01-12 16:09:39	1	1	15	0
   108644	2021-01-12 16:10:19	1	1	15	0
   108471	2021-01-12 16:17:33	1	1	15	0
   108471	2021-01-12 16:17:36	1	1	15	0
   108469	2021-01-12 16:21:42	1	1	15	0
   108568	2021-01-12 17:00:40	1	1	15	0
    10149	2021-01-12 17:00:49	1	1	15	0
   108630	2021-01-12 17:00:58	1	1	15	0
   102544	2021-01-12 17:01:14	1	1	15	0
   108657	2021-01-12 17:01:23	1	1	15	0
    10372	2021-01-12 17:01:42	1	1	15	0
   108654	2021-01-12 17:01:50	1	1	15	0
   108619	2021-01-12 17:01:57	1	1	15	0
   108538	2021-01-12 17:02:07	1	1	15	0
   108472	2021-01-12 17:02:10	1	1	15	0
   108636	2021-01-12 17:02:20	1	1	15	0
   108515	2021-01-12 17:02:45	1	1	15	0
    10221	2021-01-12 17:03:12	1	1	15	0
    10065	2021-01-12 17:03:22	1	1	15	0
    10080	2021-01-12 17:03:37	1	1	15	0
    10458	2021-01-12 17:03:46	1	1	15	0
   108635	2021-01-12 17:03:57	1	1	15	0
   108608	2021-01-12 17:04:08	1	1	15	0
   102525	2021-01-12 17:04:39	1	1	15	0
    19980	2021-01-12 17:04:54	1	1	15	0
    10550	2021-01-12 17:05:05	1	1	15	0
   108489	2021-01-12 17:05:13	1	1	15	0
   108556	2021-01-12 17:05:23	1	1	15	0
   108650	2021-01-12 17:05:31	1	1	15	0
   500001	2021-01-12 17:05:48	1	1	15	0
   108591	2021-01-12 17:06:01	1	1	15	0
   108611	2021-01-12 17:07:42	1	1	15	0
    10127	2021-01-12 17:08:32	1	1	15	0
   108662	2021-01-12 17:08:41	1	1	15	0
   108610	2021-01-12 17:10:48	1	1	15	0
   102524	2021-01-12 17:11:40	1	1	15	0
   108638	2021-01-12 17:13:22	1	1	15	0
    10032	2021-01-12 18:15:36	1	1	15	0
    10129	2021-01-12 18:59:06	1	1	15	0
   108533	2021-01-12 19:00:26	1	1	15	0
   102542	2021-01-12 19:00:35	1	1	15	0
   108663	2021-01-12 19:40:01	1	1	15	0
   108658	2021-01-12 19:40:10	1	1	15	0
   108598	2021-01-12 19:40:30	1	1	15	0
   108523	2021-01-12 19:40:39	1	1	15	0
   108661	2021-01-12 20:19:38	1	1	15	0
   108665	2021-01-12 20:20:44	1	1	15	0
    10214	2021-01-12 20:31:32	1	1	15	0
    10214	2021-01-12 20:31:36	1	1	15	0
    10356	2021-01-12 20:31:56	1	1	15	0
   108553	2021-01-12 20:32:07	1	1	15	0
   108553	2021-01-12 20:32:10	1	1	15	0
    10456	2021-01-13 06:09:39	1	0	15	0
   101437	2021-01-13 06:23:07	1	0	15	0
   108608	2021-01-13 06:42:24	1	0	15	0
   108662	2021-01-13 06:43:36	1	0	15	0
   108663	2021-01-13 06:44:05	1	0	15	0
   108638	2021-01-13 06:44:38	1	0	15	0
   108533	2021-01-13 06:50:10	1	0	15	0
   102526	2021-01-13 06:53:55	1	0	15	0
   108654	2021-01-13 07:07:04	1	0	15	0
   108617	2021-01-13 07:07:34	1	0	15	0
   102542	2021-01-13 07:07:41	1	0	15	0
    10149	2021-01-13 07:11:16	1	0	15	0
   108587	2021-01-13 07:13:01	1	0	15	0
   108553	2021-01-13 07:17:39	1	0	15	0
   108553	2021-01-13 07:17:41	1	0	15	0
   108472	2021-01-13 07:18:12	1	0	15	0
   108585	2021-01-13 07:18:53	1	0	15	0
   108556	2021-01-13 07:20:05	1	0	15	0
   108610	2021-01-13 07:20:45	1	0	15	0
    10214	2021-01-13 07:21:19	1	0	15	0
   108613	2021-01-13 07:21:47	1	0	15	0
   108661	2021-01-13 07:22:02	1	0	15	0
    10356	2021-01-13 07:22:18	1	0	15	0
   101451	2021-01-13 07:23:01	1	0	15	0
    10372	2021-01-13 07:23:12	1	0	15	0
   108612	2021-01-13 07:23:22	1	0	15	0
   108577	2021-01-13 07:23:38	1	0	15	0
   108568	2021-01-13 07:24:47	1	0	15	0
   108538	2021-01-13 07:28:49	1	0	15	0
   108523	2021-01-13 07:29:54	1	0	15	0
    10065	2021-01-13 07:30:30	1	0	15	0
    10278	2021-01-13 07:30:54	1	0	15	0
   108489	2021-01-13 07:31:54	1	0	15	0
   102524	2021-01-13 07:32:23	1	0	15	0
   108505	2021-01-13 07:35:42	1	0	15	0
   108570	2021-01-13 07:35:55	1	0	15	0
    10221	2021-01-13 07:37:36	1	0	15	0
    10228	2021-01-13 07:38:45	1	0	15	0
   108658	2021-01-13 07:40:20	1	0	15	0
   108469	2021-01-13 07:41:27	1	0	15	0
    10033	2021-01-13 07:46:02	1	0	15	0
   108471	2021-01-13 07:46:52	1	0	15	0
   108471	2021-01-13 07:46:55	1	0	15	0
   108549	2021-01-13 07:49:11	1	0	15	0
   102544	2021-01-13 07:51:18	1	0	15	0
   108650	2021-01-13 07:51:30	1	0	15	0
   108593	2021-01-13 07:52:05	1	0	15	0
    10025	2021-01-13 07:52:17	1	0	15	0
    10127	2021-01-13 07:57:26	1	0	15	0
   108644	2021-01-13 07:57:35	1	0	15	0
    19980	2021-01-13 07:58:04	1	0	15	0
    10138	2021-01-13 07:58:15	1	0	15	0
   108629	2021-01-13 07:58:37	1	0	15	0
   500001	2021-01-13 07:59:07	1	0	15	0
   108598	2021-01-13 07:59:16	1	0	15	0
   108591	2021-01-13 07:59:38	1	0	15	0
    10284	2021-01-13 08:00:46	1	0	15	0
    10284	2021-01-13 08:00:48	1	0	15	0
   108636	2021-01-13 08:01:12	1	0	15	0
    10309	2021-01-13 08:01:36	1	0	15	0
    10348	2021-01-13 08:03:02	1	0	15	0
   101432	2021-01-13 08:03:14	1	0	15	0
    10032	2021-01-13 08:03:49	1	0	15	0
    10063	2021-01-13 08:04:48	1	0	15	0
   108635	2021-01-13 08:06:01	1	0	15	0
   108611	2021-01-13 08:06:11	1	0	15	0
   102525	2021-01-13 11:46:37	1	0	15	0
    10129	2021-01-13 12:07:10	1	0	15	0
   108489	2021-01-13 12:10:05	1	0	15	0
   102524	2021-01-13 12:10:22	1	0	15	0
   108570	2021-01-13 12:21:57	1	0	15	0
   108549	2021-01-13 16:02:36	1	0	15	0
    10356	2021-01-13 16:03:00	1	0	15	0
    10214	2021-01-13 16:03:18	1	0	15	0
   102526	2021-01-13 16:04:27	1	0	15	0
   101437	2021-01-13 16:04:59	1	0	15	0
   108612	2021-01-13 16:05:35	1	0	15	0
    10278	2021-01-13 16:06:07	1	0	15	0
   108472	2021-01-13 16:06:17	1	0	15	0
    10284	2021-01-13 16:06:26	1	0	15	0
   108577	2021-01-13 16:06:36	1	0	15	0
   108538	2021-01-13 16:06:53	1	0	15	0
   108644	2021-01-13 16:07:00	1	0	15	0
   108553	2021-01-13 16:07:05	1	0	15	0
   108587	2021-01-13 16:07:14	1	0	15	0
    10228	2021-01-13 16:07:27	1	0	15	0
    10138	2021-01-13 16:07:39	1	0	15	0
    10348	2021-01-13 16:07:52	1	0	15	0
   108471	2021-01-13 16:08:55	1	0	15	0
   108469	2021-01-13 16:10:16	1	0	15	0
    10309	2021-01-13 16:14:18	1	0	15	0
   102544	2021-01-13 16:16:45	1	0	15	0
    10550	2021-01-13 17:01:31	1	0	15	0
    10025	2021-01-13 17:01:38	1	0	15	0
   101451	2021-01-13 17:01:50	1	0	15	0
   108613	2021-01-13 17:02:00	1	0	15	0
    10456	2021-01-13 17:02:06	1	0	15	0
   101432	2021-01-13 17:02:12	1	0	15	0
   108654	2021-01-13 17:02:19	1	0	15	0
   108533	2021-01-13 17:02:28	1	0	15	0
    10372	2021-01-13 17:02:36	1	0	15	0
   108617	2021-01-13 17:02:44	1	0	15	0
    10221	2021-01-13 17:03:19	1	0	15	0
   108515	2021-01-13 17:03:25	1	0	15	0
   108593	2021-01-13 17:03:42	1	1	15	0
    19980	2021-01-13 17:04:05	1	1	15	0
   108611	2021-01-13 17:04:15	1	1	15	0
   108556	2021-01-13 17:04:28	1	1	15	0
   108591	2021-01-13 17:04:37	1	1	15	0
    10033	2021-01-13 17:04:46	1	1	15	0
   108568	2021-01-13 17:04:56	1	1	15	0
   102525	2021-01-13 17:05:18	1	1	15	0
   108585	2021-01-13 17:05:30	1	1	15	0
    10065	2021-01-13 17:06:23	1	1	15	0
   108650	2021-01-13 17:06:35	1	1	15	0
   108608	2021-01-13 17:07:11	1	1	15	0
   108505	2021-01-13 17:07:26	1	1	15	0
   102542	2021-01-13 17:07:32	1	1	15	0
   108636	2021-01-13 17:07:42	1	1	15	0
   108629	2021-01-13 17:07:55	1	1	15	0
   500001	2021-01-13 17:14:39	1	1	15	0
   108662	2021-01-13 17:14:48	1	1	15	0
   108662	2021-01-13 17:14:51	1	1	15	0
   108663	2021-01-13 17:14:58	1	1	15	0
    10063	2021-01-13 17:15:58	1	1	15	0
    10149	2021-01-13 17:16:24	1	1	15	0
    10032	2021-01-13 17:41:10	1	1	15	0
   108635	2021-01-13 17:46:48	1	1	15	0
   108638	2021-01-13 17:47:31	1	1	15	0
    10129	2021-01-13 18:37:37	1	1	15	0
   108610	2021-01-13 20:07:14	1	1	15	0
   108658	2021-01-13 20:07:27	1	1	15	0
   108598	2021-01-13 20:07:52	1	1	15	0
   108661	2021-01-13 20:23:44	1	1	15	0
   108523	2021-01-13 20:23:59	1	1	15	0
    10127	2021-01-13 20:24:20	1	1	15	0
   108665	2021-01-13 20:24:33	1	1	15	0
    10456	2021-01-14 06:10:05	1	0	15	0
   101437	2021-01-14 06:23:03	1	0	15	0
   108662	2021-01-14 06:29:08	1	0	15	0
   102526	2021-01-14 06:39:33	1	0	15	0
   108663	2021-01-14 06:44:33	1	0	15	0
   108533	2021-01-14 06:55:04	1	0	15	0
   108613	2021-01-14 07:11:38	1	0	15	0
   108556	2021-01-14 07:11:54	1	0	15	0
   102525	2021-01-14 07:14:24	1	0	15	0
    10149	2021-01-14 07:15:10	1	0	15	0
   108612	2021-01-14 07:17:52	1	0	15	0
    10214	2021-01-14 07:18:42	1	0	15	0
    10214	2021-01-14 07:18:45	1	0	15	0
    10356	2021-01-14 07:19:07	1	0	15	0
   108654	2021-01-14 07:22:31	1	0	15	0
   108617	2021-01-14 07:23:01	1	0	15	0
   108610	2021-01-14 07:24:16	1	0	15	0
   108587	2021-01-14 07:24:40	1	0	15	0
   108472	2021-01-14 07:25:06	1	0	15	0
   108570	2021-01-14 07:26:45	1	0	15	0
   101451	2021-01-14 07:28:54	1	0	15	0
    10221	2021-01-14 07:29:09	1	0	15	0
   108523	2021-01-14 07:30:52	1	0	15	0
    10127	2021-01-14 07:31:47	1	0	15	0
   108585	2021-01-14 07:32:55	1	0	15	0
    10278	2021-01-14 07:33:32	1	0	15	0
   108505	2021-01-14 07:33:50	1	0	15	0
    10065	2021-01-14 07:34:36	1	0	15	0
   108661	2021-01-14 07:35:51	1	0	15	0
    10080	2021-01-14 07:36:07	1	0	15	0
    10033	2021-01-14 07:39:27	1	0	15	0
   108658	2021-01-14 07:40:03	1	0	15	0
   108471	2021-01-14 07:41:40	1	0	15	0
    10372	2021-01-14 07:44:54	1	0	15	0
    10372	2021-01-14 07:44:57	1	0	15	0
   108598	2021-01-14 07:45:11	1	0	15	0
   108549	2021-01-14 07:45:24	1	0	15	0
    10228	2021-01-14 07:46:16	1	0	15	0
   108469	2021-01-14 07:47:18	1	0	15	0
   108568	2021-01-14 07:47:54	1	0	15	0
   108538	2021-01-14 07:50:12	1	0	15	0
    10025	2021-01-14 07:50:43	1	0	15	0
   108650	2021-01-14 07:51:16	1	0	15	0
   108593	2021-01-14 07:52:25	1	0	15	0
   102542	2021-01-14 07:52:53	1	0	15	0
   108665	2021-01-14 07:53:24	1	0	15	0
   101432	2021-01-14 07:53:35	1	0	15	0
   108644	2021-01-14 07:56:56	1	0	15	0
    19980	2021-01-14 07:58:28	1	0	15	0
    10129	2021-01-14 07:58:35	1	0	15	0
   108553	2021-01-14 07:58:41	1	0	15	0
   108553	2021-01-14 07:58:44	1	0	15	0
    10398	2021-01-14 07:58:48	1	0	15	0
   108619	2021-01-14 07:59:06	1	0	15	0
    10309	2021-01-14 07:59:44	1	0	15	0
   108636	2021-01-14 08:01:03	1	0	15	0
    10458	2021-01-14 08:02:05	1	0	15	0
    10348	2021-01-14 08:03:00	1	0	15	0
    10032	2021-01-14 08:03:18	1	0	15	0
    10063	2021-01-14 08:05:35	1	0	15	0
   108489	2021-01-14 08:05:47	1	0	15	0
    10076	2021-01-14 08:05:56	1	0	15	0
   102524	2021-01-14 08:06:05	1	0	15	0
    10138	2021-01-14 08:07:16	1	0	15	0
   108635	2021-01-14 08:12:08	1	0	15	0
   108591	2021-01-14 08:12:17	1	0	15	0
   500001	2021-01-14 08:14:59	1	0	15	0
    10550	2021-01-14 08:44:55	1	0	15	0
    10025	2021-01-14 12:05:34	1	0	15	0
   108471	2021-01-14 16:02:54	1	0	15	0
   108644	2021-01-14 16:03:02	1	0	15	0
   108538	2021-01-14 16:03:14	1	0	15	0
    10398	2021-01-14 16:03:22	1	0	15	0
    10356	2021-01-14 16:03:31	1	0	15	0
   108472	2021-01-14 16:03:36	1	0	15	0
    10228	2021-01-14 16:03:47	1	0	15	0
   108612	2021-01-14 16:03:55	1	0	15	0
   108612	2021-01-14 16:03:58	1	0	15	0
   101437	2021-01-14 16:04:03	1	0	15	0
    10138	2021-01-14 16:04:12	1	0	15	0
   102526	2021-01-14 16:04:22	1	0	15	0
    10309	2021-01-14 16:04:36	1	0	15	0
   108469	2021-01-14 16:04:46	1	0	15	0
    10278	2021-01-14 16:05:43	1	0	15	0
   108549	2021-01-14 16:06:08	1	0	15	0
   108570	2021-01-14 16:06:34	1	0	15	0
   108587	2021-01-14 16:07:14	1	0	15	0
    10550	2021-01-14 16:12:17	1	0	15	0
   101432	2021-01-14 17:01:14	1	0	15	0
    10458	2021-01-14 17:01:21	1	0	15	0
    10456	2021-01-14 17:01:31	1	0	15	0
   108593	2021-01-14 17:01:44	1	1	15	0
   108619	2021-01-14 17:02:03	1	1	15	0
   108654	2021-01-14 17:02:09	1	1	15	0
   108613	2021-01-14 17:02:24	1	1	15	0
    10372	2021-01-14 17:02:31	1	1	15	0
   108617	2021-01-14 17:02:37	1	1	15	0
   101451	2021-01-14 17:02:43	1	1	15	0
   108556	2021-01-14 17:02:59	1	1	15	0
    10033	2021-01-14 17:03:07	1	1	15	0
    10080	2021-01-14 17:03:18	1	1	15	0
   108591	2021-01-14 17:03:27	1	1	15	0
   108650	2021-01-14 17:03:42	1	1	15	0
    10221	2021-01-14 17:03:52	1	1	15	0
    19980	2021-01-14 17:04:17	1	1	15	0
   108636	2021-01-14 17:04:25	1	1	15	0
   108610	2021-01-14 17:04:42	1	1	15	0
   108635	2021-01-14 17:04:52	1	1	15	0
   108505	2021-01-14 17:05:05	1	1	15	0
   108568	2021-01-14 17:06:05	1	1	15	0
   102525	2021-01-14 17:06:47	1	1	15	0
    10065	2021-01-14 17:07:12	1	1	15	0
   108663	2021-01-14 17:09:53	1	1	15	0
   108662	2021-01-14 17:10:02	1	1	15	0
   500001	2021-01-14 17:16:25	1	1	15	0
   102524	2021-01-14 17:42:29	1	1	15	0
    10063	2021-01-14 17:46:22	1	1	15	0
   108489	2021-01-14 17:46:42	1	1	15	0
    10076	2021-01-14 17:47:02	1	1	15	0
    10149	2021-01-14 17:48:31	1	1	15	0
    10129	2021-01-14 18:00:56	1	1	15	0
   108533	2021-01-14 19:00:20	1	1	15	0
   102542	2021-01-14 19:00:37	1	1	15	0
   108658	2021-01-14 20:03:11	1	1	15	0
   108598	2021-01-14 20:03:36	1	1	15	0
   108661	2021-01-14 20:16:03	1	1	15	0
   108523	2021-01-14 20:16:17	1	1	15	0
   108665	2021-01-14 20:16:46	1	1	15	0
    10127	2021-01-14 20:16:57	1	1	15	0
    10456	2021-01-15 06:14:01	1	0	15	0
   108608	2021-01-15 06:35:40	1	0	15	0
   101437	2021-01-15 06:36:06	1	0	15	0
   108662	2021-01-15 06:42:54	1	0	15	0
   102542	2021-01-15 07:02:38	1	0	15	0
   108556	2021-01-15 07:06:39	1	0	15	0
   108612	2021-01-15 07:07:01	1	0	15	0
   108613	2021-01-15 07:07:58	1	0	15	0
   108613	2021-01-15 07:08:01	1	0	15	0
   108654	2021-01-15 07:14:30	1	0	15	0
   108617	2021-01-15 07:14:54	1	0	15	0
   108587	2021-01-15 07:15:08	1	0	15	0
   108570	2021-01-15 07:15:51	1	0	15	0
   108549	2021-01-15 07:16:51	1	0	15	0
    10356	2021-01-15 07:18:05	1	0	15	0
    10149	2021-01-15 07:18:16	1	0	15	0
   102525	2021-01-15 07:20:46	1	0	15	0
    10127	2021-01-15 07:23:28	1	0	15	0
   108663	2021-01-15 07:23:36	1	0	15	0
   108610	2021-01-15 07:23:42	1	0	15	0
    10221	2021-01-15 07:25:46	1	0	15	0
    10278	2021-01-15 07:27:00	1	0	15	0
    10372	2021-01-15 07:28:16	1	0	15	0
    10372	2021-01-15 07:28:19	1	0	15	0
   108472	2021-01-15 07:30:07	1	0	15	0
   108593	2021-01-15 07:30:56	1	0	15	0
   108593	2021-01-15 07:30:59	1	0	15	0
   108538	2021-01-15 07:31:48	1	0	15	0
    10080	2021-01-15 07:33:28	1	0	15	0
   108523	2021-01-15 07:34:19	1	0	15	0
   108505	2021-01-15 07:34:39	1	0	15	0
   108577	2021-01-15 07:34:51	1	0	15	0
   108585	2021-01-15 07:35:12	1	0	15	0
    10065	2021-01-15 07:36:14	1	0	15	0
   101451	2021-01-15 07:36:38	1	0	15	0
   108568	2021-01-15 07:38:48	1	0	15	0
    10033	2021-01-15 07:39:54	1	0	15	0
   108658	2021-01-15 07:40:25	1	0	15	0
    10228	2021-01-15 07:40:33	1	0	15	0
   108469	2021-01-15 07:41:02	1	0	15	0
   108471	2021-01-15 07:43:27	1	0	15	0
   108650	2021-01-15 07:43:39	1	0	15	0
    10025	2021-01-15 07:48:26	1	0	15	0
    10284	2021-01-15 07:50:41	1	0	15	0
   108644	2021-01-15 07:51:23	1	0	15	0
   108619	2021-01-15 07:54:04	1	0	15	0
   101432	2021-01-15 07:55:56	1	0	15	0
   108598	2021-01-15 07:57:46	1	0	15	0
   108611	2021-01-15 07:58:31	1	0	15	0
    10348	2021-01-15 07:58:40	1	0	15	0
   108636	2021-01-15 07:59:23	1	0	15	0
    10138	2021-01-15 08:01:41	1	0	15	0
   108638	2021-01-15 08:02:43	1	0	15	0
   108665	2021-01-15 08:03:41	1	0	15	0
    10458	2021-01-15 08:05:05	1	0	15	0
    10398	2021-01-15 08:05:39	1	0	15	0
   108591	2021-01-15 08:09:22	1	0	15	0
   108635	2021-01-15 08:11:44	1	0	15	0
    10063	2021-01-15 08:13:58	1	0	15	0
   108489	2021-01-15 08:14:08	1	0	15	0
    10076	2021-01-15 08:14:23	1	0	15	0
   500001	2021-01-15 08:16:48	1	0	15	0
   108515	2021-01-15 08:44:22	1	0	15	0
    10550	2021-01-15 09:37:31	1	0	15	0
    10129	2021-01-15 12:08:55	1	0	15	0
    10550	2021-01-15 15:52:50	1	0	15	0
   108593	2021-01-15 16:01:53	1	0	15	0
   101437	2021-01-15 16:02:51	1	0	15	0
    10348	2021-01-15 16:03:41	1	0	15	0
   108654	2021-01-15 16:03:56	1	1	15	0
   108577	2021-01-15 16:04:09	1	1	15	0
    10228	2021-01-15 16:04:16	1	1	15	0
   108612	2021-01-15 16:04:22	1	1	15	0
   108570	2021-01-15 16:04:44	1	1	15	0
    10372	2021-01-15 16:05:02	1	1	15	0
   108472	2021-01-15 16:05:14	1	1	15	0
   108469	2021-01-15 16:05:30	1	1	15	0
   108644	2021-01-15 16:05:40	1	1	15	0
    10278	2021-01-15 16:09:25	1	1	15	0
   108553	2021-01-15 16:16:13	1	1	15	0
    10356	2021-01-15 16:16:23	1	1	15	0
    10214	2021-01-15 16:16:29	1	1	15	0
   102542	2021-01-15 16:18:47	1	1	15	0
   108471	2021-01-15 16:24:55	1	1	15	0
    10025	2021-01-15 17:01:32	1	1	15	0
   101432	2021-01-15 17:01:41	1	1	15	0
   108549	2021-01-15 17:01:50	1	1	15	0
   108658	2021-01-15 17:02:23	1	1	15	0
   108636	2021-01-15 17:02:32	1	1	15	0
   108538	2021-01-15 17:02:46	1	1	15	0
   101451	2021-01-15 17:02:57	1	1	15	0
   108617	2021-01-15 17:03:14	1	1	15	0
   108591	2021-01-15 17:03:25	1	1	15	0
    10080	2021-01-15 17:03:40	1	1	15	0
    10398	2021-01-15 17:04:18	1	1	15	0
    10284	2021-01-15 17:04:25	1	1	15	0
    10284	2021-01-15 17:04:28	1	1	15	0
   108650	2021-01-15 17:05:01	1	1	15	0
    10456	2021-01-15 17:05:57	1	1	15	0
    10221	2021-01-15 17:06:18	1	1	15	0
   108568	2021-01-15 17:06:33	1	1	15	0
   108608	2021-01-15 17:06:44	1	1	15	0
   108619	2021-01-15 17:06:56	1	1	15	0
   108505	2021-01-15 17:07:14	1	1	15	0
   108663	2021-01-15 17:07:28	1	1	15	0
    10065	2021-01-15 17:07:38	1	1	15	0
   108610	2021-01-15 17:07:50	1	1	15	0
   108611	2021-01-15 17:08:18	1	1	15	0
    10458	2021-01-15 17:08:37	1	1	15	0
   108556	2021-01-15 17:09:31	1	1	15	0
    10138	2021-01-15 17:09:40	1	1	15	0
   108662	2021-01-15 17:11:17	1	1	15	0
   108587	2021-01-15 17:12:39	1	1	15	0
   500001	2021-01-15 17:14:15	1	1	15	0
   108638	2021-01-15 17:27:30	1	1	15	0
   102525	2021-01-15 17:28:53	1	1	15	0
   108489	2021-01-15 17:51:15	1	1	15	0
   108515	2021-01-15 18:17:28	1	1	15	0
    10063	2021-01-15 18:20:03	1	1	15	0
    10129	2021-01-15 18:24:18	1	1	15	0
    10149	2021-01-15 18:24:53	1	1	15	0
    10076	2021-01-15 18:26:40	1	1	15	0
    10127	2021-01-15 18:26:53	1	1	15	0
   108665	2021-01-15 18:27:03	1	1	15	0
   108523	2021-01-15 19:07:11	1	1	15	0
   101437	2021-01-16 06:24:24	1	0	15	0
   108593	2021-01-16 06:52:10	1	0	15	0
   108533	2021-01-16 06:54:36	1	0	15	0
    10372	2021-01-16 06:59:53	1	0	15	0
   102542	2021-01-16 07:02:57	1	0	15	0
    10214	2021-01-16 07:11:55	1	0	15	0
   108553	2021-01-16 07:20:30	1	0	15	0
   108553	2021-01-16 07:20:32	1	0	15	0
   108577	2021-01-16 07:22:43	1	0	15	0
   108472	2021-01-16 07:24:29	1	0	15	0
   108587	2021-01-16 07:25:11	1	0	15	0
   108612	2021-01-16 07:27:55	1	0	15	0
    10033	2021-01-16 07:39:35	1	0	15	0
    10228	2021-01-16 07:40:01	1	0	15	0
    10398	2021-01-16 07:51:02	1	0	15	0
    10398	2021-01-16 07:51:05	1	0	15	0
   108538	2021-01-16 07:51:53	1	0	15	0
    10348	2021-01-16 07:54:48	1	0	15	0
    10032	2021-01-16 08:07:59	1	0	15	0
    10138	2021-01-16 08:44:47	1	0	15	0
    10033	2021-01-16 10:05:55	1	0	15	0
   108593	2021-01-16 11:01:24	1	0	15	0
    10032	2021-01-16 12:04:27	1	0	15	0
   101437	2021-01-16 15:01:31	1	0	15	0
   108533	2021-01-16 15:01:46	1	0	15	0
   102542	2021-01-16 15:02:27	1	0	15	0
   101436	2021-01-16 16:01:24	1	0	15	0
   108472	2021-01-16 16:01:30	1	0	15	0
   108538	2021-01-16 16:01:36	1	0	15	0
   108612	2021-01-16 16:01:55	1	0	15	0
    10372	2021-01-16 16:02:24	1	1	15	0
    10348	2021-01-16 16:02:36	1	1	15	0
    10228	2021-01-16 16:02:49	1	1	15	0
    10398	2021-01-16 16:03:36	1	1	15	0
   108587	2021-01-16 16:26:33	1	1	15	0
    10138	2021-01-16 16:42:18	1	1	15	0
   108613	2021-01-16 22:03:05	1	1	15	0
   102544	2021-01-16 22:03:22	1	1	15	0
    10309	2021-01-17 06:04:17	1	1	15	0
    10309	2021-01-17 09:23:55	1	1	15	0
   108662	2021-01-18 06:09:45	1	1	15	0
    10456	2021-01-18 06:14:15	1	0	15	0
   101437	2021-01-18 06:17:58	1	0	15	0
   102526	2021-01-18 06:36:17	1	0	15	0
   108663	2021-01-18 06:44:04	1	0	15	0
   108661	2021-01-18 06:48:08	1	0	15	0
   108533	2021-01-18 07:04:20	1	0	15	0
   102542	2021-01-18 07:06:39	1	0	15	0
    10372	2021-01-18 07:11:06	1	0	15	0
   108593	2021-01-18 07:11:37	1	0	15	0
   108556	2021-01-18 07:14:45	1	0	15	0
   108630	2021-01-18 07:14:56	1	0	15	0
   108610	2021-01-18 07:29:12	1	0	15	0
   108654	2021-01-18 07:29:38	1	0	15	0
   101451	2021-01-18 07:29:44	1	0	15	0
    10033	2021-01-18 07:30:34	1	0	15	0
   108523	2021-01-18 07:31:12	1	0	15	0
   108612	2021-01-18 07:32:49	1	0	15	0
    10278	2021-01-18 07:32:58	1	0	15	0
    10149	2021-01-18 07:34:12	1	0	15	0
    10149	2021-01-18 07:34:15	1	0	15	0
    10149	2021-01-18 07:34:30	1	0	15	0
   108538	2021-01-18 07:34:56	1	0	15	0
    10032	2021-01-18 07:35:29	1	0	15	0
   102525	2021-01-18 07:38:38	1	0	15	0
    10080	2021-01-18 07:38:50	1	0	15	0
   108658	2021-01-18 07:40:06	1	0	15	0
   108644	2021-01-18 07:41:09	1	0	15	0
   108554	2021-01-18 07:43:25	1	0	15	0
    10065	2021-01-18 07:43:40	1	0	15	0
    10065	2021-01-18 07:43:43	1	0	15	0
   108568	2021-01-18 07:43:52	1	0	15	0
    10065	2021-01-18 07:44:03	1	0	15	0
   108585	2021-01-18 07:47:05	1	0	15	0
   108608	2021-01-18 07:47:25	1	0	15	0
   108650	2021-01-18 07:47:41	1	0	15	0
   108469	2021-01-18 07:47:50	1	0	15	0
   108471	2021-01-18 07:48:23	1	0	15	0
   101432	2021-01-18 07:54:40	1	0	15	0
   108598	2021-01-18 07:56:22	1	0	15	0
   108619	2021-01-18 07:57:38	1	0	15	0
    10129	2021-01-18 07:57:51	1	0	15	0
    10221	2021-01-18 08:02:12	1	0	15	0
    10309	2021-01-18 08:03:49	1	0	15	0
   108611	2021-01-18 08:04:11	1	0	15	0
   108638	2021-01-18 08:05:17	1	0	15	0
   108638	2021-01-18 08:05:20	1	0	15	0
    19980	2021-01-18 08:05:55	1	0	15	0
    19980	2021-01-18 08:05:58	1	0	15	0
    10458	2021-01-18 08:06:09	1	0	15	0
    10284	2021-01-18 08:14:28	1	0	15	0
    10063	2021-01-18 08:15:56	1	0	15	0
   108489	2021-01-18 08:16:10	1	0	15	0
    10076	2021-01-18 08:16:19	1	0	15	0
   102524	2021-01-18 08:16:31	1	0	15	0
    10138	2021-01-18 08:16:49	1	0	15	0
   500001	2021-01-18 08:17:27	1	0	15	0
   108635	2021-01-18 08:26:21	1	0	15	0
    10348	2021-01-18 08:27:34	1	0	15	0
   108591	2021-01-18 08:32:29	1	0	15	0
   108665	2021-01-18 09:02:16	1	0	15	0
   108665	2021-01-18 09:02:19	1	0	15	0
    10127	2021-01-18 09:12:12	1	0	15	0
   102544	2021-01-18 09:44:37	1	0	15	0
   108515	2021-01-18 09:45:48	1	0	15	0
   101437	2021-01-18 16:02:38	1	0	15	0
   108554	2021-01-18 16:03:08	1	0	15	0
   108612	2021-01-18 16:03:15	1	0	15	0
   102526	2021-01-18 16:03:27	1	0	15	0
   108654	2021-01-18 16:04:04	1	1	15	0
   108533	2021-01-18 16:04:37	1	1	15	0
    10309	2021-01-18 16:05:19	1	1	15	0
    10278	2021-01-18 16:06:09	1	1	15	0
   108471	2021-01-18 16:07:27	1	1	15	0
    10138	2021-01-18 16:08:05	1	1	15	0
   108469	2021-01-18 16:09:46	1	1	15	0
   102542	2021-01-18 16:13:38	1	1	15	0
   101432	2021-01-18 17:01:24	1	1	15	0
   101451	2021-01-18 17:01:37	1	1	15	0
    10372	2021-01-18 17:01:52	1	1	15	0
   108619	2021-01-18 17:01:59	1	1	15	0
   102544	2021-01-18 17:02:09	1	1	15	0
   108657	2021-01-18 17:02:21	1	1	15	0
   108630	2021-01-18 17:02:39	1	1	15	0
    10456	2021-01-18 17:02:45	1	1	15	0
    10284	2021-01-18 17:03:14	1	1	15	0
   108638	2021-01-18 17:03:25	1	1	15	0
   108650	2021-01-18 17:03:37	1	1	15	0
    10080	2021-01-18 17:04:00	1	1	15	0
   108515	2021-01-18 17:04:07	1	1	15	0
   102525	2021-01-18 17:04:18	1	1	15	0
    10033	2021-01-18 17:04:27	1	1	15	0
   108611	2021-01-18 17:04:48	1	1	15	0
   108556	2021-01-18 17:05:07	1	1	15	0
   108635	2021-01-18 17:05:41	1	1	15	0
   108585	2021-01-18 17:05:53	1	1	15	0
   108585	2021-01-18 17:05:56	1	1	15	0
   108591	2021-01-18 17:06:03	1	1	15	0
    19980	2021-01-18 17:06:19	1	1	15	0
   108662	2021-01-18 17:07:05	1	1	15	0
    10221	2021-01-18 17:07:23	1	1	15	0
   108658	2021-01-18 17:07:33	1	1	15	0
   108663	2021-01-18 17:07:42	1	1	15	0
   108608	2021-01-18 17:07:51	1	1	15	0
   108505	2021-01-18 17:08:11	1	1	15	0
    10065	2021-01-18 17:08:37	1	1	15	0
   108568	2021-01-18 17:08:50	1	1	15	0
   108636	2021-01-18 17:08:59	1	1	15	0
   108489	2021-01-18 17:17:55	1	1	15	0
   500001	2021-01-18 17:20:13	1	1	15	0
    10032	2021-01-18 17:35:12	1	1	15	0
    10127	2021-01-18 17:45:37	1	1	15	0
   102524	2021-01-18 17:45:51	1	1	15	0
    10076	2021-01-18 17:49:42	1	1	15	0
    10149	2021-01-18 17:50:52	1	1	15	0
   108610	2021-01-18 18:11:54	1	1	15	0
   108598	2021-01-18 18:12:46	1	1	15	0
    10129	2021-01-18 18:18:27	1	1	15	0
   108523	2021-01-18 18:37:14	1	1	15	0
   108661	2021-01-18 18:38:03	1	1	15	0
   108665	2021-01-18 18:38:38	1	1	15	0
   108538	2021-01-18 19:30:34	1	1	15	0
   108644	2021-01-18 19:31:26	1	1	15	0
    10456	2021-01-19 06:09:01	1	0	15	0
   101437	2021-01-19 06:22:12	1	0	15	0
   108657	2021-01-19 06:32:45	1	0	15	0
   108657	2021-01-19 06:32:48	1	0	15	0
    10372	2021-01-19 06:52:05	1	0	15	0
   108662	2021-01-19 06:53:49	1	0	15	0
   102525	2021-01-19 06:54:02	1	0	15	0
   102526	2021-01-19 06:58:51	1	0	15	0
   108533	2021-01-19 07:04:22	1	0	15	0
   108613	2021-01-19 07:05:13	1	0	15	0
   102542	2021-01-19 07:06:06	1	0	15	0
    10149	2021-01-19 07:12:31	1	0	15	0
   108556	2021-01-19 07:16:08	1	0	15	0
   108549	2021-01-19 07:19:03	1	0	15	0
   108654	2021-01-19 07:19:24	1	0	15	0
   108617	2021-01-19 07:20:01	1	0	15	0
    10356	2021-01-19 07:20:51	1	0	15	0
   108630	2021-01-19 07:25:36	1	0	15	0
    10025	2021-01-19 07:28:40	1	0	15	0
   108610	2021-01-19 07:28:51	1	0	15	0
   108612	2021-01-19 07:31:25	1	0	15	0
   108568	2021-01-19 07:32:10	1	0	15	0
    10033	2021-01-19 07:32:53	1	0	15	0
    10278	2021-01-19 07:33:25	1	0	15	0
   108523	2021-01-19 07:34:58	1	0	15	0
   108505	2021-01-19 07:35:18	1	0	15	0
   108469	2021-01-19 07:37:03	1	0	15	0
   101451	2021-01-19 07:39:24	1	0	15	0
   108577	2021-01-19 07:40:00	1	0	15	0
    10120	2021-01-19 07:40:10	1	0	15	0
   108593	2021-01-19 07:40:33	1	0	15	0
   108644	2021-01-19 07:41:07	1	0	15	0
   108658	2021-01-19 07:41:37	1	0	15	0
   108608	2021-01-19 07:43:28	1	0	15	0
   108554	2021-01-19 07:44:10	1	0	15	0
    10221	2021-01-19 07:44:49	1	0	15	0
   108471	2021-01-19 07:49:56	1	0	15	0
    10228	2021-01-19 07:50:06	1	0	15	0
   108650	2021-01-19 07:50:20	1	0	15	0
   108663	2021-01-19 07:51:56	1	0	15	0
   108611	2021-01-19 07:53:00	1	0	15	0
   108636	2021-01-19 07:54:21	1	0	15	0
   500001	2021-01-19 07:54:37	1	0	15	0
    10309	2021-01-19 07:55:09	1	0	15	0
   108619	2021-01-19 07:56:24	1	0	15	0
    10284	2021-01-19 07:57:08	1	0	15	0
   108538	2021-01-19 07:57:18	1	0	15	0
    19980	2021-01-19 07:57:37	1	0	15	0
   108665	2021-01-19 07:58:10	1	0	15	0
    10032	2021-01-19 08:00:02	1	0	15	0
   108598	2021-01-19 08:00:18	1	0	15	0
    10348	2021-01-19 08:00:25	1	0	15	0
   108585	2021-01-19 08:00:31	1	0	15	0
   108585	2021-01-19 08:00:34	1	0	15	0
    10129	2021-01-19 08:01:44	1	0	15	0
   108591	2021-01-19 08:05:03	1	0	15	0
    10138	2021-01-19 08:09:44	1	0	15	0
    10065	2021-01-19 08:12:33	1	0	15	0
    10080	2021-01-19 08:12:41	1	0	15	0
   108635	2021-01-19 08:17:04	1	0	15	0
   108515	2021-01-19 08:22:50	1	0	15	0
    10127	2021-01-19 08:36:42	1	0	15	0
    10550	2021-01-19 08:48:18	1	0	15	0
    10076	2021-01-19 08:48:50	1	0	15	0
    10284	2021-01-19 12:01:48	1	0	15	0
    10025	2021-01-19 12:03:15	1	0	15	0
    10033	2021-01-19 14:03:28	1	0	15	0
   108657	2021-01-19 16:02:47	1	1	15	0
    10372	2021-01-19 16:03:06	1	1	15	0
   101437	2021-01-19 16:03:17	1	1	15	0
   108654	2021-01-19 16:03:23	1	1	15	0
    10456	2021-01-19 16:03:31	1	1	15	0
   108612	2021-01-19 16:03:42	1	1	15	0
   108577	2021-01-19 16:03:49	1	1	15	0
    10348	2021-01-19 16:03:57	1	1	15	0
    10228	2021-01-19 16:04:11	1	1	15	0
   102526	2021-01-19 16:04:26	1	1	15	0
   108554	2021-01-19 16:04:42	1	1	15	0
    10278	2021-01-19 16:05:27	1	1	15	0
   108549	2021-01-19 16:05:36	1	1	15	0
    10309	2021-01-19 16:05:53	1	1	15	0
   108471	2021-01-19 16:11:14	1	1	15	0
    10138	2021-01-19 16:19:22	1	1	15	0
    10214	2021-01-19 17:00:23	1	1	15	0
    10356	2021-01-19 17:00:43	1	1	15	0
   108515	2021-01-19 17:00:49	1	1	15	0
   108553	2021-01-19 17:00:54	1	1	15	0
   108630	2021-01-19 17:01:00	1	1	15	0
    10458	2021-01-19 17:01:07	1	1	15	0
   101451	2021-01-19 17:01:13	1	1	15	0
   108613	2021-01-19 17:01:24	1	1	15	0
   108593	2021-01-19 17:01:33	1	1	15	0
    10149	2021-01-19 17:01:43	1	1	15	0
   108538	2021-01-19 17:02:00	1	1	15	0
   108619	2021-01-19 17:02:08	1	1	15	0
   108568	2021-01-19 17:02:26	1	1	15	0
   102525	2021-01-19 17:02:37	1	1	15	0
   108469	2021-01-19 17:02:51	1	1	15	0
   108617	2021-01-19 17:03:06	1	1	15	0
   108556	2021-01-19 17:03:15	1	1	15	0
    10221	2021-01-19 17:03:23	1	1	15	0
   108636	2021-01-19 17:03:40	1	1	15	0
   108591	2021-01-19 17:03:49	1	1	15	0
    10550	2021-01-19 17:03:58	1	1	15	0
   108650	2021-01-19 17:04:05	1	1	15	0
    10065	2021-01-19 17:04:17	1	1	15	0
    10080	2021-01-19 17:04:26	1	1	15	0
    19980	2021-01-19 17:04:44	1	1	15	0
   108608	2021-01-19 17:05:10	1	1	15	0
   108635	2021-01-19 17:05:25	1	1	15	0
    10076	2021-01-19 17:05:44	1	1	15	0
   108644	2021-01-19 17:05:57	1	1	15	0
   108611	2021-01-19 17:06:18	1	1	15	0
   108663	2021-01-19 17:08:50	1	1	15	0
   108662	2021-01-19 17:08:59	1	1	15	0
   500001	2021-01-19 17:17:43	1	1	15	0
   108610	2021-01-19 17:19:43	1	1	15	0
    10032	2021-01-19 17:31:04	1	1	15	0
   102542	2021-01-19 17:57:54	1	1	15	0
   108533	2021-01-19 18:00:21	1	1	15	0
   102542	2021-01-19 18:00:29	1	1	15	0
   102542	2021-01-19 18:00:44	1	1	15	0
   108523	2021-01-19 20:07:16	1	1	15	0
   108658	2021-01-19 20:07:28	1	1	15	0
   108598	2021-01-19 20:07:45	1	1	15	0
    10127	2021-01-19 21:28:02	1	1	15	0
   108665	2021-01-19 21:28:13	1	1	15	0
   108665	2021-01-19 21:28:16	1	1	15	0
   108665	2021-01-19 21:28:19	1	1	15	0
    10456	2021-01-20 06:18:54	1	0	15	0
   101437	2021-01-20 06:22:42	1	0	15	0
   108608	2021-01-20 06:23:25	1	0	15	0
   108553	2021-01-20 06:28:02	1	0	15	0
   108663	2021-01-20 06:40:58	1	0	15	0
    10214	2021-01-20 06:44:11	1	0	15	0
    10356	2021-01-20 06:44:35	1	0	15	0
   108533	2021-01-20 06:45:38	1	0	15	0
   102526	2021-01-20 06:46:53	1	0	15	0
   102542	2021-01-20 06:52:42	1	0	15	0
   108556	2021-01-20 06:56:25	1	0	15	0
   108662	2021-01-20 06:56:49	1	0	15	0
   108587	2021-01-20 07:12:10	1	0	15	0
   108630	2021-01-20 07:18:05	1	0	15	0
   102525	2021-01-20 07:18:35	1	0	15	0
   108613	2021-01-20 07:22:10	1	0	15	0
   108613	2021-01-20 07:22:13	1	0	15	0
   108654	2021-01-20 07:24:48	1	0	15	0
    10149	2021-01-20 07:25:20	1	0	15	0
   108617	2021-01-20 07:25:56	1	0	15	0
   101451	2021-01-20 07:26:10	1	0	15	0
    10398	2021-01-20 07:26:19	1	0	15	0
    10065	2021-01-20 07:26:52	1	0	15	0
    10065	2021-01-20 07:26:55	1	0	15	0
    10065	2021-01-20 07:27:03	1	0	15	0
    10120	2021-01-20 07:27:50	1	0	15	0
   108577	2021-01-20 07:30:03	1	0	15	0
   108658	2021-01-20 07:30:17	1	0	15	0
   108523	2021-01-20 07:30:36	1	0	15	0
   108593	2021-01-20 07:32:19	1	0	15	0
    10372	2021-01-20 07:33:11	1	0	15	0
   108554	2021-01-20 07:33:38	1	0	15	0
   108505	2021-01-20 07:34:12	1	0	15	0
   108612	2021-01-20 07:34:35	1	0	15	0
    10278	2021-01-20 07:36:15	1	0	15	0
    10278	2021-01-20 07:36:18	1	0	15	0
   108610	2021-01-20 07:37:05	1	0	15	0
    10228	2021-01-20 07:37:14	1	0	15	0
    10033	2021-01-20 07:37:22	1	0	15	0
    10221	2021-01-20 07:39:45	1	0	15	0
   108538	2021-01-20 07:40:27	1	0	15	0
   108549	2021-01-20 07:40:37	1	0	15	0
   108472	2021-01-20 07:41:12	1	0	15	0
   108471	2021-01-20 07:43:20	1	0	15	0
   108469	2021-01-20 07:43:58	1	0	15	0
   101432	2021-01-20 07:45:42	1	0	15	0
   108644	2021-01-20 07:46:24	1	0	15	0
    10025	2021-01-20 07:48:06	1	0	15	0
    10127	2021-01-20 07:50:34	1	0	15	0
    10284	2021-01-20 07:50:48	1	0	15	0
   108598	2021-01-20 07:52:10	1	0	15	0
   108585	2021-01-20 07:53:44	1	0	15	0
   108585	2021-01-20 07:53:47	1	0	15	0
   500001	2021-01-20 07:54:03	1	0	15	0
    19980	2021-01-20 07:54:14	1	0	15	0
   108650	2021-01-20 07:55:27	1	0	15	0
   108585	2021-01-20 07:55:50	1	0	15	0
   108585	2021-01-20 07:55:53	1	0	15	0
    10138	2021-01-20 07:59:21	1	0	15	0
    10348	2021-01-20 07:59:42	1	0	15	0
    10309	2021-01-20 08:00:45	1	0	15	0
   108638	2021-01-20 08:02:58	1	0	15	0
   108638	2021-01-20 08:03:01	1	0	15	0
   108591	2021-01-20 08:04:22	1	0	15	0
   108611	2021-01-20 08:06:25	1	0	15	0
   108635	2021-01-20 08:07:02	1	0	15	0
    10063	2021-01-20 08:09:50	1	0	15	0
   108489	2021-01-20 08:10:00	1	0	15	0
    10076	2021-01-20 08:10:11	1	0	15	0
   102524	2021-01-20 08:10:27	1	0	15	0
   108515	2021-01-20 08:19:14	1	0	15	0
    10550	2021-01-20 08:55:24	1	0	15	0
   102544	2021-01-20 09:05:23	1	0	15	0
   108666	2021-01-20 09:42:21	1	0	15	0
   108666	2021-01-20 09:42:32	1	0	15	0
   108505	2021-01-20 09:46:10	1	0	15	0
    10129	2021-01-20 12:09:05	1	0	15	0
    10120	2021-01-20 16:01:50	1	0	15	0
    10214	2021-01-20 16:01:59	1	0	15	0
    10214	2021-01-20 16:02:02	1	0	15	0
   108471	2021-01-20 16:02:17	1	0	15	0
   101437	2021-01-20 16:02:26	1	0	15	0
   108553	2021-01-20 16:02:32	1	0	15	0
    10356	2021-01-20 16:02:41	1	0	15	0
   108554	2021-01-20 16:02:48	1	0	15	0
    10372	2021-01-20 16:02:58	1	0	15	0
   108538	2021-01-20 16:03:04	1	0	15	0
   108472	2021-01-20 16:03:16	1	0	15	0
   108644	2021-01-20 16:03:22	1	0	15	0
   108654	2021-01-20 16:03:41	1	0	15	0
    10348	2021-01-20 16:03:47	1	0	15	0
   108577	2021-01-20 16:03:54	1	0	15	0
   108612	2021-01-20 16:04:04	1	0	15	0
   108612	2021-01-20 16:04:07	1	0	15	0
   102526	2021-01-20 16:04:13	1	0	15	0
    10398	2021-01-20 16:04:20	1	0	15	0
    10309	2021-01-20 16:04:37	1	0	15	0
   101436	2021-01-20 16:04:43	1	0	15	0
    10278	2021-01-20 16:05:58	1	0	15	0
   108469	2021-01-20 16:06:07	1	0	15	0
    10228	2021-01-20 16:06:16	1	0	15	0
   108587	2021-01-20 16:06:29	1	0	15	0
   108549	2021-01-20 16:12:18	1	0	15	0
    10138	2021-01-20 16:13:47	1	0	15	0
    10138	2021-01-20 16:13:50	1	0	15	0
    10025	2021-01-20 17:00:50	1	0	15	0
   108630	2021-01-20 17:00:57	1	0	15	0
   108613	2021-01-20 17:01:24	1	0	15	0
   108613	2021-01-20 17:01:27	1	0	15	0
   101451	2021-01-20 17:01:32	1	0	15	0
    10456	2021-01-20 17:01:43	1	0	15	0
   102544	2021-01-20 17:01:56	1	0	15	0
   108598	2021-01-20 17:02:04	1	0	15	0
    10284	2021-01-20 17:02:13	1	0	15	0
    10284	2021-01-20 17:02:15	1	0	15	0
   108658	2021-01-20 17:02:23	1	0	15	0
    10221	2021-01-20 17:02:29	1	0	15	0
   108593	2021-01-20 17:02:38	1	0	15	0
   108617	2021-01-20 17:02:50	1	0	15	0
   108611	2021-01-20 17:03:01	1	0	15	0
   108591	2021-01-20 17:03:11	1	0	15	0
   108556	2021-01-20 17:03:54	1	0	15	0
   108650	2021-01-20 17:04:03	1	0	15	0
   108610	2021-01-20 17:04:11	1	0	15	0
   101432	2021-01-20 17:04:17	1	0	15	0
   108663	2021-01-20 17:04:23	1	0	15	0
    10033	2021-01-20 17:04:31	1	0	15	0
    19980	2021-01-20 17:04:45	1	0	15	0
    10550	2021-01-20 17:04:53	1	0	15	0
   108523	2021-01-20 17:04:59	1	0	15	0
   108608	2021-01-20 17:05:11	1	0	15	0
   102525	2021-01-20 17:05:22	1	0	15	0
   108505	2021-01-20 17:05:37	1	0	15	0
   108635	2021-01-20 17:05:49	1	0	15	0
   108662	2021-01-20 17:05:57	1	0	15	0
   108515	2021-01-20 17:06:05	1	0	15	0
   108666	2021-01-20 17:08:04	1	0	15	0
    10065	2021-01-20 17:09:07	1	0	15	0
   108585	2021-01-20 17:10:07	1	0	15	0
   500001	2021-01-20 17:16:14	1	0	15	0
   108638	2021-01-20 17:16:41	1	0	15	0
   108489	2021-01-20 17:28:46	1	0	15	0
   102524	2021-01-20 17:47:27	1	0	15	0
    10063	2021-01-20 17:47:39	1	0	15	0
    10076	2021-01-20 17:50:04	1	0	15	0
    10149	2021-01-20 17:50:33	1	0	15	0
   102542	2021-01-20 18:02:04	1	0	15	0
   108533	2021-01-20 18:03:09	1	0	15	0
    10129	2021-01-20 18:26:12	1	0	15	0
    10127	2021-01-20 21:19:57	1	0	15	0
   108665	2021-01-20 21:20:06	1	0	15	0
   108665	2021-01-20 21:20:09	1	0	15	0
    10456	2021-01-21 06:17:41	1	0	15	0
    10456	2021-01-21 06:17:44	1	0	15	0
   101437	2021-01-21 06:25:34	1	0	15	0
   108662	2021-01-21 06:45:00	1	0	15	0
   108608	2021-01-21 06:56:07	1	0	15	0
   108556	2021-01-21 06:57:10	1	0	15	0
   108533	2021-01-21 07:02:55	1	0	15	0
   102526	2021-01-21 07:05:39	1	0	15	0
   108523	2021-01-21 07:07:47	1	0	15	0
   108587	2021-01-21 07:11:48	1	0	15	0
   108587	2021-01-21 07:11:51	1	0	15	0
    10214	2021-01-21 07:14:05	1	0	15	0
    10356	2021-01-21 07:14:18	1	0	15	0
    10149	2021-01-21 07:15:54	1	0	15	0
   102542	2021-01-21 07:16:34	1	0	15	0
   108613	2021-01-21 07:18:33	1	0	15	0
   108617	2021-01-21 07:21:22	1	0	15	0
   108663	2021-01-21 07:23:38	1	0	15	0
    10127	2021-01-21 07:23:46	1	0	15	0
   108553	2021-01-21 07:25:28	1	0	15	0
   108585	2021-01-21 07:25:36	1	0	15	0
   108612	2021-01-21 07:27:50	1	0	15	0
   102525	2021-01-21 07:33:48	1	0	15	0
   108554	2021-01-21 07:35:04	1	0	15	0
   101451	2021-01-21 07:36:29	1	0	15	0
   108505	2021-01-21 07:36:59	1	0	15	0
    10278	2021-01-21 07:37:12	1	0	15	0
    10228	2021-01-21 07:37:53	1	0	15	0
   108658	2021-01-21 07:38:36	1	0	15	0
   108610	2021-01-21 07:39:02	1	0	15	0
    10372	2021-01-21 07:39:38	1	0	15	0
    10080	2021-01-21 07:40:36	1	0	15	0
    10120	2021-01-21 07:40:46	1	0	15	0
   108630	2021-01-21 07:41:29	1	0	15	0
    10221	2021-01-21 07:42:11	1	0	15	0
    10025	2021-01-21 07:42:32	1	0	15	0
   101436	2021-01-21 07:42:40	1	0	15	0
   108577	2021-01-21 07:42:46	1	0	15	0
   108538	2021-01-21 07:42:59	1	0	15	0
   108471	2021-01-21 07:43:06	1	0	15	0
    10033	2021-01-21 07:43:40	1	0	15	0
   108654	2021-01-21 07:43:47	1	0	15	0
   108469	2021-01-21 07:44:13	1	0	15	0
    10065	2021-01-21 07:44:57	1	0	15	0
   101432	2021-01-21 07:45:29	1	0	15	0
   108644	2021-01-21 07:45:57	1	0	15	0
   108568	2021-01-21 07:48:51	1	0	15	0
   108650	2021-01-21 07:49:16	1	0	15	0
   108549	2021-01-21 07:50:34	1	0	15	0
   108593	2021-01-21 07:51:22	1	0	15	0
   108666	2021-01-21 07:52:33	1	0	15	0
   108619	2021-01-21 07:56:56	1	0	15	0
   108638	2021-01-21 07:59:14	1	0	15	0
    19980	2021-01-21 07:59:41	1	0	15	0
   108629	2021-01-21 07:59:55	1	0	15	0
   108598	2021-01-21 08:00:06	1	0	15	0
    10129	2021-01-21 08:00:17	1	0	15	0
   108472	2021-01-21 08:02:15	1	0	15	0
    10309	2021-01-21 08:03:52	1	0	15	0
    10138	2021-01-21 08:04:52	1	0	15	0
    10063	2021-01-21 08:05:23	1	0	15	0
   108489	2021-01-21 08:05:32	1	0	15	0
    10076	2021-01-21 08:05:42	1	0	15	0
   102524	2021-01-21 08:05:53	1	0	15	0
   108591	2021-01-21 08:06:01	1	0	15	0
    10348	2021-01-21 08:06:14	1	0	15	0
    10458	2021-01-21 08:06:23	1	0	15	0
   108635	2021-01-21 08:17:38	1	0	15	0
    10398	2021-01-21 08:20:33	1	0	15	0
   108665	2021-01-21 08:22:49	1	0	15	0
   500001	2021-01-21 08:27:19	1	0	15	0
   108515	2021-01-21 08:41:03	1	0	15	0
    10550	2021-01-21 09:13:21	1	0	15	0
    10025	2021-01-21 12:01:41	1	0	15	0
   108654	2021-01-21 12:02:26	1	1	15	0
   108666	2021-01-21 14:14:59	1	1	15	0
    10120	2021-01-21 16:01:48	1	1	15	0
   108471	2021-01-21 16:02:15	1	1	15	0
   108538	2021-01-21 16:02:25	1	1	15	0
   102526	2021-01-21 16:02:39	1	1	15	0
    10356	2021-01-21 16:02:56	1	1	15	0
   101437	2021-01-21 16:03:15	1	1	15	0
   108472	2021-01-21 16:03:43	1	1	15	0
    10309	2021-01-21 16:03:49	1	1	15	0
    10398	2021-01-21 16:04:13	1	1	15	0
   108630	2021-01-21 16:04:20	1	1	15	0
   108613	2021-01-21 16:04:30	1	1	15	0
    10228	2021-01-21 16:04:38	1	1	15	0
   108577	2021-01-21 16:04:52	1	1	15	0
   108610	2021-01-21 16:06:31	1	1	15	0
   108598	2021-01-21 16:06:59	1	1	15	0
   108549	2021-01-21 16:07:23	1	1	15	0
   108612	2021-01-21 16:07:35	1	1	15	0
   108612	2021-01-21 16:07:38	1	1	15	0
   108644	2021-01-21 16:08:24	1	1	15	0
    10348	2021-01-21 16:08:37	1	1	15	0
    10278	2021-01-21 16:08:45	1	1	15	0
    10278	2021-01-21 16:08:48	1	1	15	0
   108554	2021-01-21 16:09:06	1	1	15	0
   108587	2021-01-21 16:10:03	1	1	15	0
    10138	2021-01-21 16:17:15	1	1	15	0
   108568	2021-01-21 17:00:32	1	1	15	0
   101451	2021-01-21 17:00:57	1	1	15	0
    10221	2021-01-21 17:01:07	1	1	15	0
    10456	2021-01-21 17:01:16	1	1	15	0
   108556	2021-01-21 17:01:33	1	1	15	0
   108515	2021-01-21 17:01:39	1	1	15	0
   102525	2021-01-21 17:01:48	1	1	15	0
   108619	2021-01-21 17:01:57	1	1	15	0
    10372	2021-01-21 17:02:14	1	1	15	0
    10458	2021-01-21 17:02:45	1	1	15	0
    19980	2021-01-21 17:02:59	1	1	15	0
    10550	2021-01-21 17:03:08	1	1	15	0
   101432	2021-01-21 17:03:14	1	1	15	0
    10080	2021-01-21 17:03:22	1	1	15	0
   108593	2021-01-21 17:03:30	1	1	15	0
   108593	2021-01-21 17:03:33	1	1	15	0
   108638	2021-01-21 17:03:38	1	1	15	0
   108650	2021-01-21 17:03:51	1	1	15	0
   108469	2021-01-21 17:04:23	1	1	15	0
   108591	2021-01-21 17:04:33	1	1	15	0
   108636	2021-01-21 17:04:44	1	1	15	0
   108635	2021-01-21 17:05:42	1	1	15	0
    10065	2021-01-21 17:06:14	1	1	15	0
   500001	2021-01-21 17:07:24	1	1	15	0
   108658	2021-01-21 17:09:22	1	1	15	0
   108585	2021-01-21 17:09:34	1	1	15	0
   108663	2021-01-21 17:10:05	1	1	15	0
   108662	2021-01-21 17:10:20	1	1	15	0
   108523	2021-01-21 17:10:55	1	1	15	0
   108608	2021-01-21 17:11:06	1	1	15	0
   108505	2021-01-21 17:11:18	1	1	15	0
   108489	2021-01-21 17:17:55	1	1	15	0
    10063	2021-01-21 17:26:42	1	1	15	0
   102524	2021-01-21 17:35:48	1	1	15	0
    10076	2021-01-21 17:36:08	1	1	15	0
    10149	2021-01-21 17:37:45	1	1	15	0
   108629	2021-01-21 17:57:53	1	1	15	0
   108533	2021-01-21 18:01:00	1	1	15	0
   102542	2021-01-21 18:01:43	1	1	15	0
    10129	2021-01-21 18:16:40	1	1	15	0
    10127	2021-01-21 19:50:47	1	1	15	0
   108665	2021-01-21 19:51:01	1	1	15	0
    10456	2021-01-22 06:11:43	1	0	15	0
   101437	2021-01-22 06:25:04	1	0	15	0
   108533	2021-01-22 06:57:58	1	0	15	0
   108662	2021-01-22 06:59:17	1	0	15	0
   102542	2021-01-22 07:08:36	1	0	15	0
   108556	2021-01-22 07:09:37	1	0	15	0
    10127	2021-01-22 07:11:35	1	0	15	0
    10080	2021-01-22 07:13:28	1	0	15	0
   108577	2021-01-22 07:17:25	1	0	15	0
   108654	2021-01-22 07:19:14	1	0	15	0
   108617	2021-01-22 07:19:40	1	0	15	0
   108613	2021-01-22 07:21:37	1	0	15	0
   108585	2021-01-22 07:21:48	1	0	15	0
    10221	2021-01-22 07:22:24	1	0	15	0
    10372	2021-01-22 07:22:46	1	0	15	0
   108587	2021-01-22 07:23:09	1	0	15	0
   108587	2021-01-22 07:23:12	1	0	15	0
   108610	2021-01-22 07:24:16	1	0	15	0
   101451	2021-01-22 07:24:25	1	0	15	0
    10356	2021-01-22 07:24:53	1	0	15	0
   108630	2021-01-22 07:25:14	1	0	15	0
   108568	2021-01-22 07:25:21	1	0	15	0
   108663	2021-01-22 07:30:13	1	0	15	0
   108554	2021-01-22 07:33:38	1	0	15	0
    10149	2021-01-22 07:33:54	1	0	15	0
   108658	2021-01-22 07:34:17	1	0	15	0
   102525	2021-01-22 07:35:10	1	0	15	0
   108472	2021-01-22 07:36:03	1	0	15	0
   108538	2021-01-22 07:37:25	1	0	15	0
   108505	2021-01-22 07:38:05	1	0	15	0
   101432	2021-01-22 07:38:48	1	0	15	0
   108469	2021-01-22 07:40:36	1	0	15	0
   108650	2021-01-22 07:45:22	1	0	15	0
    10065	2021-01-22 07:45:57	1	0	15	0
   108471	2021-01-22 07:46:49	1	0	15	0
   108471	2021-01-22 07:46:52	1	0	15	0
    10228	2021-01-22 07:47:42	1	0	15	0
   108593	2021-01-22 07:48:57	1	0	15	0
    10033	2021-01-22 07:51:51	1	0	15	0
   108666	2021-01-22 07:52:21	1	0	15	0
    10284	2021-01-22 07:52:32	1	0	15	0
    10284	2021-01-22 07:52:35	1	0	15	0
   108629	2021-01-22 07:52:51	1	0	15	0
    10025	2021-01-22 07:53:16	1	0	15	0
   108598	2021-01-22 07:53:25	1	0	15	0
   108636	2021-01-22 07:55:53	1	0	15	0
    10129	2021-01-22 07:58:45	1	0	15	0
   108619	2021-01-22 07:59:13	1	0	15	0
   108638	2021-01-22 08:00:30	1	0	15	0
   108638	2021-01-22 08:00:31	1	0	15	0
    10063	2021-01-22 08:02:56	1	0	15	0
   108489	2021-01-22 08:03:05	1	0	15	0
   108489	2021-01-22 08:03:07	1	0	15	0
    10076	2021-01-22 08:03:24	1	0	15	0
   108611	2021-01-22 08:05:49	1	0	15	0
   108635	2021-01-22 08:06:27	1	0	15	0
    10398	2021-01-22 08:07:43	1	0	15	0
   500001	2021-01-22 08:09:36	1	0	15	0
   108591	2021-01-22 08:13:32	1	0	15	0
   102524	2021-01-22 09:56:56	1	0	15	0
   108591	2021-01-22 12:09:56	1	0	15	0
   108533	2021-01-22 16:01:05	1	0	15	0
   108630	2021-01-22 16:01:13	1	0	15	0
   108613	2021-01-22 16:01:27	1	0	15	0
   108472	2021-01-22 16:01:40	1	0	15	0
   108538	2021-01-22 16:01:46	1	0	15	0
    10398	2021-01-22 16:02:04	1	0	15	0
    10372	2021-01-22 16:02:23	1	1	15	0
   108471	2021-01-22 16:02:34	1	1	15	0
   108654	2021-01-22 16:02:58	1	1	15	0
   108469	2021-01-22 16:03:23	1	1	15	0
   101437	2021-01-22 16:04:32	1	1	15	0
    10228	2021-01-22 16:05:01	1	1	15	0
   101436	2021-01-22 16:06:46	1	1	15	0
   102542	2021-01-22 16:07:17	1	1	15	0
   108577	2021-01-22 16:08:20	1	1	15	0
   108587	2021-01-22 16:08:57	1	1	15	0
   108554	2021-01-22 16:11:16	1	1	15	0
   108610	2021-01-22 16:19:00	1	1	15	0
   108598	2021-01-22 16:19:38	1	1	15	0
   101432	2021-01-22 17:00:52	1	1	15	0
   108593	2021-01-22 17:01:02	1	1	15	0
    10025	2021-01-22 17:01:12	1	1	15	0
   101451	2021-01-22 17:01:17	1	1	15	0
   102525	2021-01-22 17:01:25	1	1	15	0
    10456	2021-01-22 17:01:34	1	1	15	0
   108619	2021-01-22 17:01:43	1	1	15	0
    10284	2021-01-22 17:01:49	1	1	15	0
    10221	2021-01-22 17:02:04	1	1	15	0
   108636	2021-01-22 17:02:16	1	1	15	0
   108556	2021-01-22 17:03:01	1	1	15	0
    10080	2021-01-22 17:03:17	1	1	15	0
   108666	2021-01-22 17:03:47	1	1	15	0
   108568	2021-01-22 17:03:59	1	1	15	0
   108658	2021-01-22 17:04:09	1	1	15	0
   108611	2021-01-22 17:04:30	1	1	15	0
    10065	2021-01-22 17:04:40	1	1	15	0
   108650	2021-01-22 17:04:57	1	1	15	0
   108617	2021-01-22 17:05:34	1	1	15	0
   108585	2021-01-22 17:05:49	1	1	15	0
   108585	2021-01-22 17:05:52	1	1	15	0
   108638	2021-01-22 17:06:31	1	1	15	0
   102524	2021-01-22 17:06:52	1	1	15	0
   108663	2021-01-22 17:07:52	1	1	15	0
   108662	2021-01-22 17:08:01	1	1	15	0
   108635	2021-01-22 17:08:26	1	1	15	0
    10458	2021-01-22 17:09:54	1	1	15	0
   108489	2021-01-22 17:11:42	1	1	15	0
   108489	2021-01-22 17:11:45	1	1	15	0
   108505	2021-01-22 17:12:05	1	1	15	0
   108505	2021-01-22 17:12:08	1	1	15	0
   500001	2021-01-22 17:14:40	1	1	15	0
    10076	2021-01-22 17:37:45	1	1	15	0
    10063	2021-01-22 17:38:34	1	1	15	0
    10149	2021-01-22 17:38:43	1	1	15	0
    10127	2021-01-22 17:38:58	1	1	15	0
   108515	2021-01-22 17:58:19	1	1	15	0
    10129	2021-01-22 19:01:29	1	1	15	0
   108629	2021-01-22 20:22:55	1	1	15	0
   108661	2021-01-22 20:36:53	1	1	15	0
   108665	2021-01-22 20:37:03	1	1	15	0
   108665	2021-01-22 20:37:07	1	1	15	0
   108553	2021-01-22 21:16:07	1	1	15	0
   108553	2021-01-22 21:16:11	1	1	15	0
    10356	2021-01-22 21:16:31	1	1	15	0
    10214	2021-01-22 21:16:46	1	1	15	0
    10214	2021-01-22 21:16:49	1	1	15	0
   108533	2021-01-23 06:55:20	1	1	15	0
   102542	2021-01-23 07:08:03	1	1	15	0
   108587	2021-01-23 07:16:38	1	1	15	0
   108577	2021-01-23 07:26:40	1	1	15	0
   108577	2021-01-23 07:26:43	1	1	15	0
    10120	2021-01-23 07:27:17	1	1	15	0
    10120	2021-01-23 07:27:19	1	1	15	0
   108538	2021-01-23 07:29:47	1	1	15	0
   108654	2021-01-23 07:33:00	1	1	15	0
   108472	2021-01-23 07:33:30	1	1	15	0
    10372	2021-01-23 07:33:43	1	1	15	0
   108554	2021-01-23 07:35:06	1	1	15	0
   108471	2021-01-23 07:35:15	1	1	15	0
    10033	2021-01-23 07:36:24	1	1	15	0
    10228	2021-01-23 07:44:25	1	1	15	0
   108661	2021-01-23 07:56:13	1	1	15	0
   108665	2021-01-23 08:09:02	1	1	15	0
   108533	2021-01-23 15:03:06	1	1	15	0
   102542	2021-01-23 15:07:54	1	1	15	0
   108587	2021-01-23 15:16:20	1	1	15	0
   108654	2021-01-23 16:01:27	1	1	15	0
   108472	2021-01-23 16:01:33	1	1	15	0
    10228	2021-01-23 16:01:45	1	1	15	0
   108538	2021-01-23 16:02:03	1	1	15	0
    10372	2021-01-23 16:02:21	1	1	15	0
   108471	2021-01-23 16:02:29	1	1	15	0
   108577	2021-01-23 16:02:37	1	1	15	0
    10356	2021-01-23 16:02:59	1	1	15	0
   108554	2021-01-23 16:03:21	1	1	15	0
   108554	2021-01-23 16:03:23	1	1	15	0
   108661	2021-01-23 18:31:33	1	1	15	0
   108665	2021-01-23 18:31:40	1	1	15	0
   108665	2021-01-23 18:31:43	1	1	15	0
    10456	2021-01-25 06:19:20	1	0	15	0
    10456	2021-01-25 06:19:23	1	0	15	0
   101437	2021-01-25 06:20:57	1	0	15	0
   108662	2021-01-25 06:31:53	1	0	15	0
   108553	2021-01-25 06:50:37	1	0	15	0
   108553	2021-01-25 06:50:40	1	0	15	0
   102542	2021-01-25 06:57:04	1	0	15	0
   108533	2021-01-25 07:06:47	1	0	15	0
   108661	2021-01-25 07:10:32	1	0	15	0
   108612	2021-01-25 07:11:37	1	0	15	0
    10149	2021-01-25 07:14:17	1	0	15	0
   108523	2021-01-25 07:15:12	1	0	15	0
    10214	2021-01-25 07:16:23	1	0	15	0
    10214	2021-01-25 07:16:26	1	0	15	0
    10356	2021-01-25 07:16:45	1	0	15	0
   108585	2021-01-25 07:17:43	1	0	15	0
    10065	2021-01-25 07:20:23	1	0	15	0
    10080	2021-01-25 07:20:31	1	0	15	0
   108617	2021-01-25 07:21:15	1	0	15	0
    10033	2021-01-25 07:22:11	1	0	15	0
   108577	2021-01-25 07:26:42	1	0	15	0
   108577	2021-01-25 07:26:45	1	0	15	0
   108587	2021-01-25 07:28:35	1	0	15	0
   108587	2021-01-25 07:28:37	1	0	15	0
   108610	2021-01-25 07:31:19	1	0	15	0
   108630	2021-01-25 07:31:39	1	0	15	0
   108568	2021-01-25 07:33:46	1	0	15	0
   101451	2021-01-25 07:33:56	1	0	15	0
    10120	2021-01-25 07:36:23	1	0	15	0
    10278	2021-01-25 07:37:38	1	0	15	0
   108658	2021-01-25 07:38:47	1	0	15	0
   108469	2021-01-25 07:39:51	1	0	15	0
    10284	2021-01-25 07:40:47	1	0	15	0
    10025	2021-01-25 07:40:58	1	0	15	0
   108554	2021-01-25 07:41:12	1	0	15	0
   108663	2021-01-25 07:41:31	1	0	15	0
   108598	2021-01-25 07:45:26	1	0	15	0
    10221	2021-01-25 07:45:35	1	0	15	0
   101432	2021-01-25 07:47:41	1	0	15	0
   108549	2021-01-25 07:47:51	1	0	15	0
   108636	2021-01-25 07:48:00	1	0	15	0
    10372	2021-01-25 07:53:25	1	0	15	0
   108619	2021-01-25 07:53:36	1	0	15	0
   108666	2021-01-25 07:53:51	1	0	15	0
   108666	2021-01-25 07:53:54	1	0	15	0
   108570	2021-01-25 07:54:14	1	0	15	0
   108666	2021-01-25 07:54:57	1	0	15	0
   108666	2021-01-25 07:55:00	1	0	15	0
    10129	2021-01-25 07:56:42	1	0	15	0
    19980	2021-01-25 07:58:11	1	0	15	0
   108635	2021-01-25 08:00:07	1	0	15	0
   108638	2021-01-25 08:01:42	1	0	15	0
   108591	2021-01-25 08:01:49	1	0	15	0
    10138	2021-01-25 08:01:56	1	0	15	0
   108611	2021-01-25 08:03:13	1	0	15	0
   108650	2021-01-25 08:04:08	1	0	15	0
    10398	2021-01-25 08:04:46	1	0	15	0
    10398	2021-01-25 08:04:49	1	0	15	0
   500001	2021-01-25 08:05:15	1	0	15	0
   102544	2021-01-25 08:07:59	1	0	15	0
   108629	2021-01-25 08:08:10	1	0	15	0
   108665	2021-01-25 08:11:06	1	0	15	0
    10348	2021-01-25 08:30:34	1	0	15	0
    10550	2021-01-25 09:20:21	1	0	15	0
   108556	2021-01-25 09:57:45	1	0	15	0
   108515	2021-01-25 11:46:59	1	0	15	0
   108650	2021-01-25 15:13:25	1	0	15	0
   108533	2021-01-25 16:01:41	1	0	15	0
   108630	2021-01-25 16:01:50	1	0	15	0
   108630	2021-01-25 16:01:54	1	0	15	0
    10372	2021-01-25 16:02:08	1	1	15	0
   108644	2021-01-25 16:02:26	1	1	15	0
   102542	2021-01-25 16:02:32	1	1	15	0
   108612	2021-01-25 16:02:41	1	1	15	0
   108577	2021-01-25 16:03:02	1	1	15	0
   101437	2021-01-25 16:03:12	1	1	15	0
   102544	2021-01-25 16:03:45	1	1	15	0
    10284	2021-01-25 16:03:51	1	1	15	0
    10356	2021-01-25 16:04:12	1	1	15	0
   108570	2021-01-25 16:05:09	1	1	15	0
    10278	2021-01-25 16:06:18	1	1	15	0
   108549	2021-01-25 16:06:28	1	1	15	0
   108654	2021-01-25 16:08:40	1	1	15	0
   108554	2021-01-25 16:08:54	1	1	15	0
   108469	2021-01-25 16:09:04	1	1	15	0
   108587	2021-01-25 16:10:20	1	1	15	0
    10398	2021-01-25 16:11:29	1	1	15	0
    10456	2021-01-25 16:12:37	1	1	15	0
    10138	2021-01-25 16:14:36	1	1	15	0
   101432	2021-01-25 17:01:05	1	1	15	0
    10149	2021-01-25 17:01:13	1	1	15	0
   108619	2021-01-25 17:01:55	1	1	15	0
   108638	2021-01-25 17:02:10	1	1	15	0
    10080	2021-01-25 17:02:20	1	1	15	0
   101451	2021-01-25 17:02:51	1	1	15	0
   108636	2021-01-25 17:03:00	1	1	15	0
   108556	2021-01-25 17:03:09	1	1	15	0
    10076	2021-01-25 17:03:33	1	1	15	0
   108591	2021-01-25 17:03:43	1	1	15	0
   108611	2021-01-25 17:03:57	1	1	15	0
   108617	2021-01-25 17:04:22	1	1	15	0
    19980	2021-01-25 17:04:31	1	1	15	0
   108585	2021-01-25 17:04:39	1	1	15	0
   108635	2021-01-25 17:04:52	1	1	15	0
    10550	2021-01-25 17:05:11	1	1	15	0
   108515	2021-01-25 17:05:41	1	1	15	0
    10033	2021-01-25 17:06:13	1	1	15	0
    10221	2021-01-25 17:06:30	1	1	15	0
    10065	2021-01-25 17:06:57	1	1	15	0
   108568	2021-01-25 17:07:26	1	1	15	0
    10458	2021-01-25 17:07:42	1	1	15	0
   108666	2021-01-25 17:08:28	1	1	15	0
    10127	2021-01-25 17:09:55	1	1	15	0
   108629	2021-01-25 17:13:37	1	1	15	0
   108662	2021-01-25 17:14:02	1	1	15	0
   500001	2021-01-25 17:14:54	1	1	15	0
    10025	2021-01-25 17:18:03	1	1	15	0
   108663	2021-01-25 17:30:12	1	1	15	0
   108610	2021-01-25 17:44:31	1	1	15	0
   108661	2021-01-25 19:04:32	1	1	15	0
    10129	2021-01-25 19:04:45	1	1	15	0
   108658	2021-01-25 20:40:29	1	1	15	0
   108598	2021-01-25 20:41:02	1	1	15	0
   108523	2021-01-25 20:42:33	1	1	15	0
   108665	2021-01-25 21:12:01	1	1	15	0
   108665	2021-01-25 21:12:04	1	1	15	0
