    10456	2021-08-26 04:30:32	1	0	15	0
   108538	2021-08-26 04:32:38	1	0	15	0
    10278	2021-08-26 04:42:14	1	0	15	0
   108472	2021-08-26 05:30:40	1	0	15	0
   101437	2021-08-26 06:13:57	1	0	15	0
   101437	2021-08-26 06:13:59	1	0	15	0
   102526	2021-08-26 06:22:49	1	0	15	0
   102526	2021-08-26 06:22:51	1	0	15	0
   108617	2021-08-26 06:33:27	1	0	15	0
   108662	2021-08-26 06:38:32	1	0	15	0
   108469	2021-08-26 06:39:17	1	0	15	0
   108556	2021-08-26 06:40:00	1	0	15	0
   108556	2021-08-26 06:40:02	1	0	15	0
   108556	2021-08-26 06:40:31	1	0	15	0
    10372	2021-08-26 06:51:14	1	0	15	0
    10127	2021-08-26 06:57:33	1	0	15	0
   108533	2021-08-26 07:01:36	1	0	15	0
   108630	2021-08-26 07:01:44	1	0	15	0
    10149	2021-08-26 07:03:58	1	0	15	0
   108587	2021-08-26 07:04:31	1	0	15	0
    10080	2021-08-26 07:07:51	1	0	15	0
   108658	2021-08-26 07:11:55	1	0	15	0
    10214	2021-08-26 07:12:24	1	0	15	0
    10356	2021-08-26 07:12:57	1	0	15	0
   108635	2021-08-26 07:15:46	1	0	15	0
   101451	2021-08-26 07:20:27	1	0	15	0
   108523	2021-08-26 07:20:36	1	0	15	0
   108523	2021-08-26 07:20:39	1	0	15	0
    10159	2021-08-26 07:26:09	1	0	15	0
   108593	2021-08-26 07:27:39	1	0	15	0
   108585	2021-08-26 07:27:46	1	0	15	0
    10033	2021-08-26 07:28:17	1	0	15	0
   108549	2021-08-26 07:31:46	1	0	15	0
    10065	2021-08-26 07:33:07	1	0	15	0
   108568	2021-08-26 07:34:49	1	0	15	0
   102542	2021-08-26 07:37:15	1	0	15	0
   108673	2021-08-26 07:38:35	1	0	15	0
   101432	2021-08-26 07:38:59	1	0	15	0
   108638	2021-08-26 07:40:42	1	0	15	0
    10063	2021-08-26 07:42:53	1	0	15	0
   108610	2021-08-26 07:43:05	1	0	15	0
   108671	2021-08-26 07:43:11	1	0	15	0
    10076	2021-08-26 07:43:18	1	0	15	0
    10288	2021-08-26 07:43:29	1	0	15	0
    10288	2021-08-26 07:43:31	1	0	15	0
    19980	2021-08-26 07:44:28	1	0	15	0
   108667	2021-08-26 07:45:44	1	0	15	0
    10221	2021-08-26 07:46:00	1	0	15	0
   108613	2021-08-26 07:47:45	1	0	15	0
   108669	2021-08-26 07:48:41	1	0	15	0
   108598	2021-08-26 07:49:30	1	0	15	0
   108579	2021-08-26 07:49:40	1	0	15	0
   108663	2021-08-26 07:51:31	1	0	15	0
    10129	2021-08-26 07:51:54	1	0	15	0
   108619	2021-08-26 07:53:04	1	0	15	0
   108489	2021-08-26 07:54:51	1	0	15	0
   102524	2021-08-26 07:55:01	1	0	15	0
    10138	2021-08-26 07:55:28	1	0	15	0
   108674	2021-08-26 07:59:34	1	0	15	0
    10348	2021-08-26 07:59:46	1	0	15	0
   108515	2021-08-26 08:00:49	1	0	15	0
    10309	2021-08-26 08:01:27	1	0	15	0
   102544	2021-08-26 08:01:45	1	0	15	0
   108672	2021-08-26 08:02:09	1	0	15	0
   108666	2021-08-26 08:04:32	1	0	15	0
    10032	2021-08-26 08:05:03	1	0	15	0
   108591	2021-08-26 08:09:44	1	0	15	0
    10458	2021-08-26 08:18:23	1	0	15	0
   108611	2021-08-26 08:20:38	1	0	15	0
   102579	2021-08-26 08:21:27	1	0	15	0
   500001	2021-08-26 08:30:22	1	0	15	0
    10550	2021-08-26 08:48:14	1	0	15	0
   108472	2021-08-26 14:27:16	1	1	15	0
    10456	2021-08-26 14:31:22	1	1	15	0
    10550	2021-08-26 15:09:44	1	1	15	0
   108549	2021-08-26 16:06:19	1	1	15	0
   108469	2021-08-26 16:08:29	1	1	15	0
    10138	2021-08-26 16:15:26	1	1	15	0
   108619	2021-08-26 16:15:35	1	1	15	0
   108619	2021-08-26 16:15:37	1	1	15	0
   101451	2021-08-26 16:15:54	1	1	15	0
    10348	2021-08-26 16:19:56	1	1	15	0
   108593	2021-08-26 17:00:47	1	1	15	0
   108617	2021-08-26 17:01:11	1	1	15	0
   101432	2021-08-26 17:01:39	1	1	15	0
   108630	2021-08-26 17:01:45	1	1	15	0
   108533	2021-08-26 17:02:00	1	1	15	0
    10080	2021-08-26 17:02:23	1	1	15	0
   108613	2021-08-26 17:02:32	1	1	15	0
   108489	2021-08-26 17:02:41	1	1	15	0
   108673	2021-08-26 17:02:53	1	1	15	0
   108579	2021-08-26 17:03:01	1	1	15	0
   108579	2021-08-26 17:03:03	1	1	15	0
    10025	2021-08-26 17:03:10	1	1	15	0
    10458	2021-08-26 17:03:23	1	1	15	0
   102524	2021-08-26 17:04:21	1	1	15	0
   108591	2021-08-26 17:04:35	1	1	15	0
    10309	2021-08-26 17:04:46	1	1	15	0
   108556	2021-08-26 17:04:56	1	1	15	0
   102526	2021-08-26 17:05:06	1	1	15	0
   108669	2021-08-26 17:05:18	1	1	15	0
    19980	2021-08-26 17:05:39	1	1	15	0
    19980	2021-08-26 17:05:41	1	1	15	0
   108635	2021-08-26 17:05:51	1	1	15	0
    10221	2021-08-26 17:06:26	1	1	15	0
   500001	2021-08-26 17:06:37	1	1	15	0
   108587	2021-08-26 17:06:49	1	1	15	0
   108587	2021-08-26 17:06:52	1	1	15	0
   108674	2021-08-26 17:07:35	1	1	15	0
   108667	2021-08-26 17:07:50	1	1	15	0
   108611	2021-08-26 17:08:01	1	1	15	0
    10033	2021-08-26 17:08:21	1	1	15	0
    10356	2021-08-26 17:08:39	1	1	15	0
    10214	2021-08-26 17:08:46	1	1	15	0
   102544	2021-08-26 17:08:55	1	1	15	0
    10065	2021-08-26 17:09:04	1	1	15	0
   108515	2021-08-26 17:09:27	1	1	15	0
   108638	2021-08-26 17:09:36	1	1	15	0
   101437	2021-08-26 17:10:38	1	1	15	0
    10372	2021-08-26 17:10:44	1	1	15	0
   102542	2021-08-26 17:10:50	1	1	15	0
   108585	2021-08-26 17:11:02	1	1	15	0
   108585	2021-08-26 17:11:04	1	1	15	0
   108672	2021-08-26 17:11:12	1	1	15	0
   108568	2021-08-26 17:22:26	1	1	15	0
    10159	2021-08-26 17:22:51	1	1	15	0
    10032	2021-08-26 17:25:31	1	1	15	0
    10032	2021-08-26 17:25:33	1	1	15	0
   108671	2021-08-26 17:26:47	1	1	15	0
    10063	2021-08-26 17:27:25	1	1	15	0
    10149	2021-08-26 17:28:17	1	1	15	0
    10076	2021-08-26 17:28:55	1	1	15	0
   102579	2021-08-26 18:05:21	1	1	15	0
    10129	2021-08-26 18:47:39	1	1	15	0
   108523	2021-08-26 20:18:59	1	1	15	0
   108666	2021-08-26 20:37:10	1	1	15	0
   108610	2021-08-26 21:03:30	1	1	15	0
   108598	2021-08-26 21:03:44	1	1	15	0
   108663	2021-08-26 21:03:51	1	1	15	0
    10127	2021-08-26 21:07:17	1	1	15	0
   108658	2021-08-26 21:07:53	1	1	15	0
   108662	2021-08-26 21:08:03	1	1	15	0
    10278	2021-08-26 22:02:24	1	1	15	0
    10278	2021-08-26 22:02:26	1	1	15	0
   108538	2021-08-26 22:02:34	1	1	15	0
   108538	2021-08-26 22:02:39	1	1	15	0
    10456	2021-08-27 04:43:34	1	0	15	0
   108472	2021-08-27 05:39:55	1	0	15	0
   108472	2021-08-27 05:39:57	1	0	15	0
   101437	2021-08-27 06:05:14	1	0	15	0
   101437	2021-08-27 06:05:16	1	0	15	0
   102526	2021-08-27 06:22:23	1	0	15	0
   108617	2021-08-27 06:36:17	1	0	15	0
    10372	2021-08-27 06:42:42	1	0	15	0
   108662	2021-08-27 06:53:48	1	0	15	0
   108587	2021-08-27 07:04:03	1	0	15	0
   108658	2021-08-27 07:10:39	1	0	15	0
   108630	2021-08-27 07:11:28	1	0	15	0
   108635	2021-08-27 07:14:41	1	0	15	0
   108556	2021-08-27 07:16:34	1	0	15	0
   101451	2021-08-27 07:16:42	1	0	15	0
    10080	2021-08-27 07:16:59	1	0	15	0
   108585	2021-08-27 07:17:09	1	0	15	0
   108533	2021-08-27 07:17:24	1	0	15	0
    10356	2021-08-27 07:18:11	1	0	15	0
    10214	2021-08-27 07:18:21	1	0	15	0
   108663	2021-08-27 07:18:45	1	0	15	0
   108610	2021-08-27 07:19:32	1	0	15	0
   108549	2021-08-27 07:24:31	1	0	15	0
   108469	2021-08-27 07:25:41	1	0	15	0
   108593	2021-08-27 07:26:44	1	0	15	0
   108654	2021-08-27 07:26:56	1	0	15	0
    10033	2021-08-27 07:28:07	1	0	15	0
   108568	2021-08-27 07:32:01	1	0	15	0
   108523	2021-08-27 07:32:33	1	0	15	0
    10550	2021-08-27 07:35:16	1	0	15	0
    10278	2021-08-27 07:36:33	1	0	15	0
    10025	2021-08-27 07:37:14	1	0	15	0
   108638	2021-08-27 07:38:46	1	0	15	0
    10065	2021-08-27 07:39:26	1	0	15	0
   101432	2021-08-27 07:43:00	1	0	15	0
    10159	2021-08-27 07:43:30	1	0	15	0
   108669	2021-08-27 07:43:54	1	0	15	0
   108591	2021-08-27 07:44:23	1	0	15	0
   108613	2021-08-27 07:44:36	1	0	15	0
   108672	2021-08-27 07:44:53	1	0	15	0
   108538	2021-08-27 07:45:54	1	0	15	0
   108667	2021-08-27 07:46:12	1	0	15	0
   108673	2021-08-27 07:47:24	1	0	15	0
   102542	2021-08-27 07:47:42	1	0	15	0
   108489	2021-08-27 07:48:25	1	0	15	0
   108489	2021-08-27 07:48:27	1	0	15	0
   102524	2021-08-27 07:48:34	1	0	15	0
    10127	2021-08-27 07:49:25	1	0	15	0
    10221	2021-08-27 07:49:40	1	0	15	0
   108674	2021-08-27 07:50:20	1	0	15	0
   108598	2021-08-27 07:50:34	1	0	15	0
    10149	2021-08-27 07:52:08	1	0	15	0
   108671	2021-08-27 07:52:22	1	0	15	0
   108676	2021-08-27 07:52:40	1	0	15	0
   108676	2021-08-27 07:52:42	1	0	15	0
    10076	2021-08-27 07:52:46	1	0	15	0
    10063	2021-08-27 07:53:03	1	0	15	0
    10129	2021-08-27 07:53:43	1	0	15	0
   108579	2021-08-27 07:55:05	1	0	15	0
   108619	2021-08-27 07:55:31	1	0	15	0
    10288	2021-08-27 07:56:50	1	0	15	0
    10288	2021-08-27 07:56:52	1	0	15	0
    10309	2021-08-27 07:57:18	1	0	15	0
   108515	2021-08-27 08:00:48	1	0	15	0
   102544	2021-08-27 08:01:57	1	0	15	0
    19980	2021-08-27 08:03:11	1	0	15	0
   102579	2021-08-27 08:04:49	1	0	15	0
    10032	2021-08-27 08:05:58	1	0	15	0
    10348	2021-08-27 08:06:06	1	0	15	0
   108611	2021-08-27 08:12:45	1	0	15	0
    10458	2021-08-27 08:12:57	1	0	15	0
   108666	2021-08-27 08:13:23	1	0	15	0
   500001	2021-08-27 08:24:12	1	0	15	0
   108676	2021-08-27 08:24:25	1	0	15	0
   108587	2021-08-27 12:32:53	1	0	15	0
   101437	2021-08-27 16:02:07	1	0	15	0
   101437	2021-08-27 16:02:43	1	1	15	0
    10372	2021-08-27 16:02:49	1	1	15	0
   102526	2021-08-27 16:03:03	1	1	15	0
   108538	2021-08-27 16:03:51	1	1	15	0
    10309	2021-08-27 16:06:23	1	1	15	0
    10278	2021-08-27 16:07:38	1	1	15	0
   108549	2021-08-27 16:13:28	1	1	15	0
   108469	2021-08-27 16:16:57	1	1	15	0
   108472	2021-08-27 16:20:43	1	1	15	0
    10456	2021-08-27 16:26:47	1	1	15	0
    10356	2021-08-27 16:31:16	1	1	15	0
    10214	2021-08-27 16:31:55	1	1	15	0
   108619	2021-08-27 16:38:42	1	1	15	0
   108593	2021-08-27 17:01:03	1	1	15	0
   500001	2021-08-27 17:01:33	1	1	15	0
   101432	2021-08-27 17:01:52	1	1	15	0
    10080	2021-08-27 17:01:58	1	1	15	0
   108613	2021-08-27 17:02:09	1	1	15	0
   108630	2021-08-27 17:02:15	1	1	15	0
    10550	2021-08-27 17:02:22	1	1	15	0
   101451	2021-08-27 17:02:27	1	1	15	0
   108617	2021-08-27 17:02:36	1	1	15	0
    19980	2021-08-27 17:02:47	1	1	15	0
   108533	2021-08-27 17:02:59	1	1	15	0
   108579	2021-08-27 17:03:45	1	1	15	0
   108638	2021-08-27 17:03:57	1	1	15	0
    10458	2021-08-27 17:04:13	1	1	15	0
   102524	2021-08-27 17:04:19	1	1	15	0
   108489	2021-08-27 17:04:26	1	1	15	0
    10033	2021-08-27 17:04:35	1	1	15	0
    10025	2021-08-27 17:05:03	1	1	15	0
   108556	2021-08-27 17:06:43	1	1	15	0
   102542	2021-08-27 17:06:52	1	1	15	0
   108635	2021-08-27 17:07:00	1	1	15	0
    10065	2021-08-27 17:07:08	1	1	15	0
   108611	2021-08-27 17:07:53	1	1	15	0
   108585	2021-08-27 17:09:30	1	1	15	0
    10221	2021-08-27 17:11:11	1	1	15	0
   108669	2021-08-27 17:11:27	1	1	15	0
   108515	2021-08-27 17:16:32	1	1	15	0
    10159	2021-08-27 17:17:23	1	1	15	0
   108568	2021-08-27 17:17:56	1	1	15	0
   108591	2021-08-27 17:19:15	1	1	15	0
    10032	2021-08-27 17:20:34	1	1	15	0
   108674	2021-08-27 17:22:46	1	1	15	0
   102544	2021-08-27 17:32:24	1	1	15	0
   108671	2021-08-27 17:32:33	1	1	15	0
   108667	2021-08-27 17:32:40	1	1	15	0
    10063	2021-08-27 17:36:56	1	1	15	0
    10149	2021-08-27 17:37:04	1	1	15	0
   102579	2021-08-27 17:37:24	1	1	15	0
   108673	2021-08-27 17:37:33	1	1	15	0
    10127	2021-08-27 17:37:42	1	1	15	0
    10076	2021-08-27 17:38:09	1	1	15	0
   108672	2021-08-27 17:39:32	1	1	15	0
   108666	2021-08-27 18:02:53	1	1	15	0
    10129	2021-08-27 18:32:22	1	1	15	0
   108523	2021-08-27 19:30:35	1	1	15	0
   108610	2021-08-27 19:35:38	1	1	15	0
   108662	2021-08-27 20:19:49	1	1	15	0
   108662	2021-08-27 20:19:51	1	1	15	0
   108658	2021-08-27 20:34:47	1	1	15	0
   108598	2021-08-27 21:06:33	1	1	15	0
   108663	2021-08-27 21:06:40	1	1	15	0
    10214	2021-08-28 04:28:10	1	1	15	0
    10214	2021-08-28 04:28:13	1	1	15	0
    10456	2021-08-28 04:41:51	1	0	15	0
   108619	2021-08-28 05:43:06	1	0	15	0
   101437	2021-08-28 06:33:22	1	0	15	0
    10372	2021-08-28 06:33:57	1	0	15	0
   102526	2021-08-28 06:57:30	1	0	15	0
   108658	2021-08-28 07:13:19	1	0	15	0
   108630	2021-08-28 07:13:27	1	0	15	0
   108662	2021-08-28 07:24:52	1	0	15	0
   108472	2021-08-28 07:26:33	1	0	15	0
   108593	2021-08-28 07:27:15	1	0	15	0
   108469	2021-08-28 07:31:18	1	0	15	0
   102542	2021-08-28 07:34:05	1	0	15	0
    10033	2021-08-28 07:36:13	1	0	15	0
   108598	2021-08-28 07:41:03	1	0	15	0
   108533	2021-08-28 07:45:58	1	0	15	0
   108549	2021-08-28 07:47:57	1	0	15	0
   108523	2021-08-28 07:48:05	1	0	15	0
   108672	2021-08-28 07:51:42	1	0	15	0
    10129	2021-08-28 07:52:35	1	0	15	0
    10138	2021-08-28 07:53:11	1	0	15	0
   108610	2021-08-28 07:53:24	1	0	15	0
   108667	2021-08-28 07:58:49	1	0	15	0
   108671	2021-08-28 07:59:06	1	0	15	0
    10348	2021-08-28 07:59:55	1	0	15	0
    10309	2021-08-28 08:02:04	1	0	15	0
    10032	2021-08-28 08:07:50	1	0	15	0
   108613	2021-08-28 08:19:50	1	0	15	0
    10138	2021-08-28 08:22:33	1	0	15	0
    10127	2021-08-28 08:24:12	1	0	15	0
    10076	2021-08-28 08:27:29	1	0	15	0
   108591	2021-08-28 08:37:10	1	0	15	0
   102526	2021-08-28 12:03:44	1	0	15	0
   108663	2021-08-28 12:05:15	1	0	15	0
   102579	2021-08-28 13:25:28	1	0	15	0
    10372	2021-08-28 13:30:06	1	1	15	0
   101437	2021-08-28 13:33:22	1	1	15	0
   101437	2021-08-28 13:33:25	1	1	15	0
    10214	2021-08-28 14:10:32	1	1	15	0
   108619	2021-08-28 14:12:47	1	1	15	0
    10033	2021-08-28 15:04:19	1	1	15	0
    10456	2021-08-28 16:02:13	1	1	15	0
   108549	2021-08-28 16:02:39	1	1	15	0
   108469	2021-08-28 16:03:50	1	1	15	0
    10032	2021-08-28 16:12:52	1	1	15	0
   108593	2021-08-28 17:00:04	1	1	15	0
    10309	2021-08-28 17:00:11	1	1	15	0
   108613	2021-08-28 17:00:19	1	1	15	0
   108630	2021-08-28 17:00:25	1	1	15	0
   108533	2021-08-28 17:00:33	1	1	15	0
   102542	2021-08-28 17:02:58	1	1	15	0
   108667	2021-08-28 17:05:41	1	1	15	0
    10076	2021-08-28 17:06:50	1	1	15	0
   108523	2021-08-28 17:06:58	1	1	15	0
   108591	2021-08-28 17:07:07	1	1	15	0
   108672	2021-08-28 17:10:14	1	1	15	0
    10127	2021-08-28 17:19:24	1	1	15	0
   108671	2021-08-28 17:19:53	1	1	15	0
    10129	2021-08-28 17:29:18	1	1	15	0
   102579	2021-08-28 17:34:17	1	1	15	0
   108610	2021-08-28 17:51:28	1	1	15	0
   108663	2021-08-28 17:51:37	1	1	15	0
   108598	2021-08-28 17:52:01	1	1	15	0
   108472	2021-08-28 19:01:04	1	1	15	0
    10348	2021-08-28 19:01:16	1	1	15	0
   108658	2021-08-28 19:23:29	1	1	15	0
   108662	2021-08-28 19:23:49	1	1	15	0
    10456	2021-08-29 05:48:42	1	0	15	0
    10372	2021-08-29 06:26:54	1	0	15	0
   101437	2021-08-29 06:35:45	1	0	15	0
   108472	2021-08-29 07:32:59	1	0	15	0
    10348	2021-08-29 08:04:28	1	0	15	0
    10033	2021-08-29 08:30:48	1	0	15	0
    10033	2021-08-29 11:12:19	1	0	15	0
    10372	2021-08-29 16:01:09	1	1	15	0
   108472	2021-08-29 16:01:18	1	1	15	0
    10348	2021-08-29 16:01:34	1	1	15	0
   101437	2021-08-29 16:01:45	1	1	15	0
    10456	2021-08-29 16:02:40	1	1	15	0
    10456	2021-08-30 05:16:16	1	0	15	0
   108472	2021-08-30 06:25:10	1	0	15	0
    10372	2021-08-30 06:33:15	1	0	15	0
    10348	2021-08-30 06:51:20	1	0	15	0
    10033	2021-08-30 07:37:07	1	0	15	0
    10372	2021-08-30 11:12:10	1	1	15	0
    10033	2021-08-30 11:34:38	1	1	15	0
   108472	2021-08-30 15:01:27	1	1	15	0
    10348	2021-08-30 15:01:40	1	1	15	0
    10456	2021-08-30 15:02:03	1	1	15	0
    10456	2021-08-31 05:09:55	1	0	15	0
    10348	2021-08-31 05:56:05	1	0	15	0
   108472	2021-08-31 06:03:15	1	0	15	0
   101437	2021-08-31 06:13:26	1	0	15	0
   102526	2021-08-31 06:20:02	1	0	15	0
   108617	2021-08-31 06:31:52	1	0	15	0
    10372	2021-08-31 06:32:06	1	0	15	0
   108658	2021-08-31 06:44:33	1	0	15	0
   102542	2021-08-31 06:51:56	1	0	15	0
   108630	2021-08-31 06:58:46	1	0	15	0
   108556	2021-08-31 06:59:31	1	0	15	0
   108587	2021-08-31 07:02:49	1	0	15	0
   108662	2021-08-31 07:07:12	1	0	15	0
   108635	2021-08-31 07:11:48	1	0	15	0
   108533	2021-08-31 07:12:58	1	0	15	0
   108638	2021-08-31 07:13:23	1	0	15	0
    10214	2021-08-31 07:13:40	1	0	15	0
    10356	2021-08-31 07:14:06	1	0	15	0
    10080	2021-08-31 07:15:13	1	0	15	0
   101451	2021-08-31 07:16:21	1	0	15	0
   108549	2021-08-31 07:19:25	1	0	15	0
   108654	2021-08-31 07:19:39	1	0	15	0
    10278	2021-08-31 07:23:07	1	0	15	0
   108469	2021-08-31 07:26:55	1	0	15	0
   108538	2021-08-31 07:28:54	1	0	15	0
    10025	2021-08-31 07:29:59	1	0	15	0
    10550	2021-08-31 07:33:23	1	0	15	0
   108674	2021-08-31 07:33:52	1	0	15	0
    10159	2021-08-31 07:34:24	1	0	15	0
   101436	2021-08-31 07:35:49	1	0	15	0
   108610	2021-08-31 07:36:39	1	0	15	0
   108585	2021-08-31 07:37:34	1	0	15	0
   108585	2021-08-31 07:37:36	1	0	15	0
    10033	2021-08-31 07:38:10	1	0	15	0
    10065	2021-08-31 07:38:31	1	0	15	0
    10221	2021-08-31 07:39:08	1	0	15	0
   108568	2021-08-31 07:39:47	1	0	15	0
   101432	2021-08-31 07:41:26	1	0	15	0
   108667	2021-08-31 07:42:18	1	0	15	0
   108669	2021-08-31 07:42:52	1	0	15	0
    10129	2021-08-31 07:43:47	1	0	15	0
    10284	2021-08-31 07:45:14	1	0	15	0
   108613	2021-08-31 07:45:51	1	0	15	0
   108591	2021-08-31 07:46:24	1	0	15	0
   108672	2021-08-31 07:48:24	1	0	15	0
   108672	2021-08-31 07:48:26	1	0	15	0
   108619	2021-08-31 07:51:02	1	0	15	0
    10309	2021-08-31 07:52:13	1	0	15	0
   108598	2021-08-31 07:54:16	1	0	15	0
   108666	2021-08-31 07:54:27	1	0	15	0
   108663	2021-08-31 07:54:38	1	0	15	0
   108579	2021-08-31 07:55:21	1	0	15	0
   500001	2021-08-31 07:58:28	1	0	15	0
    19980	2021-08-31 07:59:02	1	0	15	0
    10138	2021-08-31 08:00:16	1	0	15	0
    10063	2021-08-31 08:04:34	1	0	15	0
    10149	2021-08-31 08:04:41	1	0	15	0
   108673	2021-08-31 08:04:46	1	0	15	0
   108671	2021-08-31 08:04:51	1	0	15	0
    10076	2021-08-31 08:05:06	1	0	15	0
   108523	2021-08-31 08:05:19	1	0	15	0
   108489	2021-08-31 08:09:00	1	0	15	0
   102524	2021-08-31 08:09:13	1	0	15	0
    10127	2021-08-31 08:11:02	1	0	15	0
    10127	2021-08-31 08:11:04	1	0	15	0
   108611	2021-08-31 08:16:50	1	0	15	0
   102579	2021-08-31 08:28:57	1	0	15	0
   108591	2021-08-31 15:00:59	1	0	15	0
   108654	2021-08-31 16:01:10	1	1	15	0
   102526	2021-08-31 16:01:16	1	1	15	0
    10309	2021-08-31 16:02:18	1	1	15	0
   108472	2021-08-31 16:04:31	1	1	15	0
    10284	2021-08-31 16:06:12	1	1	15	0
    10356	2021-08-31 16:13:05	1	1	15	0
    10214	2021-08-31 16:13:14	1	1	15	0
   108538	2021-08-31 16:26:42	1	1	15	0
    10550	2021-08-31 16:28:06	1	1	15	0
   108469	2021-08-31 16:29:35	1	1	15	0
    10080	2021-08-31 17:01:03	1	1	15	0
   108613	2021-08-31 17:01:19	1	1	15	0
   101451	2021-08-31 17:01:40	1	1	15	0
   101437	2021-08-31 17:01:59	1	1	15	0
   101432	2021-08-31 17:02:12	1	1	15	0
   108489	2021-08-31 17:02:21	1	1	15	0
   108617	2021-08-31 17:02:34	1	1	15	0
   108533	2021-08-31 17:02:42	1	1	15	0
    19980	2021-08-31 17:03:10	1	1	15	0
    10033	2021-08-31 17:03:16	1	1	15	0
    10372	2021-08-31 17:03:30	1	1	15	0
   108638	2021-08-31 17:03:39	1	1	15	0
   108630	2021-08-31 17:03:47	1	1	15	0
    10458	2021-08-31 17:04:04	1	1	15	0
   108611	2021-08-31 17:04:27	1	1	15	0
   108587	2021-08-31 17:04:36	1	1	15	0
   108669	2021-08-31 17:05:03	1	1	15	0
   102579	2021-08-31 17:05:40	1	1	15	0
   108667	2021-08-31 17:05:50	1	1	15	0
   108673	2021-08-31 17:05:57	1	1	15	0
   108579	2021-08-31 17:06:03	1	1	15	0
   108556	2021-08-31 17:06:19	1	1	15	0
   500001	2021-08-31 17:06:31	1	1	15	0
   108635	2021-08-31 17:06:42	1	1	15	0
    10456	2021-08-31 17:07:09	1	1	15	0
    10159	2021-08-31 17:07:21	1	1	15	0
    10278	2021-08-31 17:07:45	1	1	15	0
    10065	2021-08-31 17:08:46	1	1	15	0
    10065	2021-08-31 17:08:48	1	1	15	0
    10065	2021-08-31 17:08:56	1	1	15	0
   102524	2021-08-31 17:09:15	1	1	15	0
   102542	2021-08-31 17:12:10	1	1	15	0
    10025	2021-08-31 17:12:29	1	1	15	0
    10025	2021-08-31 17:12:32	1	1	15	0
   108585	2021-08-31 17:15:26	1	1	15	0
    10221	2021-08-31 17:19:45	1	1	15	0
   108515	2021-08-31 17:29:40	1	1	15	0
   108674	2021-08-31 17:39:00	1	1	15	0
   108610	2021-08-31 17:40:30	1	1	15	0
    10063	2021-08-31 17:41:18	1	1	15	0
   108568	2021-08-31 17:41:38	1	1	15	0
   108671	2021-08-31 17:42:03	1	1	15	0
    10076	2021-08-31 17:43:14	1	1	15	0
   108672	2021-08-31 17:45:52	1	1	15	0
    10149	2021-08-31 17:45:59	1	1	15	0
   108523	2021-08-31 18:21:03	1	1	15	0
   108549	2021-08-31 18:31:29	1	1	15	0
   108619	2021-08-31 18:31:35	1	1	15	0
    10138	2021-08-31 18:31:48	1	1	15	0
   108666	2021-08-31 19:31:11	1	1	15	0
    10129	2021-08-31 19:40:10	1	1	15	0
    10127	2021-08-31 20:06:27	1	1	15	0
   108658	2021-08-31 20:06:37	1	1	15	0
   108662	2021-08-31 20:06:46	1	1	15	0
   108598	2021-08-31 20:07:51	1	1	15	0
   108663	2021-08-31 20:08:05	1	1	15	0
    10356	2021-09-01 02:58:05	1	0	15	0
    10356	2021-09-01 02:58:08	1	0	15	0
    10214	2021-09-01 02:58:29	1	0	15	0
    10348	2021-09-01 03:09:38	1	0	15	0
    10348	2021-09-01 03:09:41	1	0	15	0
    10456	2021-09-01 04:24:37	1	0	15	0
    10278	2021-09-01 05:47:07	1	0	15	0
   101437	2021-09-01 06:05:24	1	0	15	0
    10127	2021-09-01 06:22:21	1	0	15	0
   108617	2021-09-01 06:34:54	1	0	15	0
   102526	2021-09-01 06:44:53	1	0	15	0
    10372	2021-09-01 06:48:06	1	0	15	0
    10372	2021-09-01 06:48:09	1	0	15	0
   108630	2021-09-01 07:06:46	1	0	15	0
   108587	2021-09-01 07:10:09	1	0	15	0
   108593	2021-09-01 07:11:56	1	0	15	0
   108662	2021-09-01 07:12:45	1	0	15	0
   101451	2021-09-01 07:14:31	1	0	15	0
   108658	2021-09-01 07:16:15	1	0	15	0
   108556	2021-09-01 07:16:38	1	0	15	0
   108635	2021-09-01 07:16:49	1	0	15	0
   102542	2021-09-01 07:26:05	1	0	15	0
   108538	2021-09-01 07:26:13	1	0	15	0
   108472	2021-09-01 07:26:21	1	0	15	0
   108469	2021-09-01 07:27:13	1	0	15	0
   108533	2021-09-01 07:30:18	1	0	15	0
    10080	2021-09-01 07:31:04	1	0	15	0
    10159	2021-09-01 07:31:24	1	0	15	0
    10025	2021-09-01 07:33:31	1	0	15	0
   108638	2021-09-01 07:33:56	1	0	15	0
   108523	2021-09-01 07:34:38	1	0	15	0
   108585	2021-09-01 07:34:50	1	0	15	0
   108654	2021-09-01 07:35:02	1	0	15	0
   108619	2021-09-01 07:39:14	1	0	15	0
   108610	2021-09-01 07:40:05	1	0	15	0
    10033	2021-09-01 07:40:59	1	0	15	0
    10284	2021-09-01 07:42:31	1	0	15	0
   108672	2021-09-01 07:42:42	1	0	15	0
    10065	2021-09-01 07:45:45	1	0	15	0
   108667	2021-09-01 07:46:18	1	0	15	0
   108669	2021-09-01 07:49:14	1	0	15	0
   108549	2021-09-01 07:50:01	1	0	15	0
    10138	2021-09-01 07:51:58	1	0	15	0
    19980	2021-09-01 07:52:06	1	0	15	0
   108674	2021-09-01 07:52:20	1	0	15	0
    10309	2021-09-01 07:55:01	1	0	15	0
   101432	2021-09-01 07:55:38	1	0	15	0
   108673	2021-09-01 07:56:22	1	0	15	0
   108579	2021-09-01 07:56:30	1	0	15	0
   108591	2021-09-01 07:56:38	1	0	15	0
   102579	2021-09-01 07:58:52	1	0	15	0
   108663	2021-09-01 07:59:07	1	0	15	0
   102544	2021-09-01 07:59:14	1	0	15	0
   108613	2021-09-01 07:59:30	1	0	15	0
    10129	2021-09-01 07:59:49	1	0	15	0
    10221	2021-09-01 08:01:15	1	0	15	0
   500001	2021-09-01 08:01:47	1	0	15	0
    10063	2021-09-01 08:02:18	1	0	15	0
    10149	2021-09-01 08:02:26	1	0	15	0
    10149	2021-09-01 08:02:28	1	0	15	0
   108671	2021-09-01 08:02:35	1	0	15	0
   108611	2021-09-01 08:03:05	1	0	15	0
    10458	2021-09-01 08:03:31	1	0	15	0
   108568	2021-09-01 08:05:54	1	0	15	0
    10032	2021-09-01 08:08:28	1	0	15	0
   108666	2021-09-01 08:13:24	1	0	15	0
   108489	2021-09-01 08:15:57	1	0	15	0
   102524	2021-09-01 08:16:13	1	0	15	0
   108515	2021-09-01 08:51:35	1	0	15	0
    10356	2021-09-01 12:29:33	1	1	15	0
    10214	2021-09-01 12:29:55	1	1	15	0
    10033	2021-09-01 14:02:33	1	1	15	0
   108613	2021-09-01 16:01:29	1	1	15	0
   108472	2021-09-01 16:01:49	1	1	15	0
    10348	2021-09-01 16:02:03	1	1	15	0
   108538	2021-09-01 16:02:42	1	1	15	0
    10372	2021-09-01 16:03:37	1	1	15	0
    10284	2021-09-01 16:05:56	1	1	15	0
    10550	2021-09-01 16:06:53	1	1	15	0
   108593	2021-09-01 17:00:43	1	1	15	0
   101451	2021-09-01 17:01:16	1	1	15	0
   101432	2021-09-01 17:01:27	1	1	15	0
    10080	2021-09-01 17:01:32	1	1	15	0
    10221	2021-09-01 17:01:44	1	1	15	0
   108630	2021-09-01 17:01:53	1	1	15	0
   108617	2021-09-01 17:02:02	1	1	15	0
   108533	2021-09-01 17:02:20	1	1	15	0
   108591	2021-09-01 17:02:55	1	1	15	0
   108672	2021-09-01 17:03:02	1	1	15	0
   108489	2021-09-01 17:03:26	1	1	15	0
   108611	2021-09-01 17:03:38	1	1	15	0
   108673	2021-09-01 17:03:49	1	1	15	0
   108579	2021-09-01 17:03:58	1	1	15	0
   108556	2021-09-01 17:05:18	1	1	15	0
   108669	2021-09-01 17:05:36	1	1	15	0
    19980	2021-09-01 17:05:46	1	1	15	0
   500001	2021-09-01 17:06:18	1	1	15	0
   108635	2021-09-01 17:06:27	1	1	15	0
    10065	2021-09-01 17:07:34	1	1	15	0
   102524	2021-09-01 17:07:47	1	1	15	0
   102542	2021-09-01 17:07:58	1	1	15	0
    10458	2021-09-01 17:08:12	1	1	15	0
    10025	2021-09-01 17:09:59	1	1	15	0
   108585	2021-09-01 17:10:40	1	1	15	0
   102544	2021-09-01 17:14:27	1	1	15	0
   108638	2021-09-01 17:14:38	1	1	15	0
   108523	2021-09-01 17:16:43	1	1	15	0
   108667	2021-09-01 17:16:50	1	1	15	0
    10127	2021-09-01 17:16:57	1	1	15	0
   108662	2021-09-01 17:17:04	1	1	15	0
   108671	2021-09-01 17:21:14	1	1	15	0
    10033	2021-09-01 17:21:36	1	1	15	0
    10159	2021-09-01 17:21:55	1	1	15	0
   108568	2021-09-01 17:24:12	1	1	15	0
   108674	2021-09-01 17:24:42	1	1	15	0
    10063	2021-09-01 17:25:14	1	1	15	0
    10149	2021-09-01 17:27:05	1	1	15	0
    10149	2021-09-01 17:27:08	1	1	15	0
   108515	2021-09-01 17:28:28	1	1	15	0
    10456	2021-09-01 17:29:24	1	1	15	0
    10032	2021-09-01 17:31:23	1	1	15	0
    10278	2021-09-01 17:36:02	1	1	15	0
   108619	2021-09-01 18:00:15	1	1	15	0
   101437	2021-09-01 18:01:10	1	1	15	0
   108469	2021-09-01 18:01:15	1	1	15	0
   102579	2021-09-01 18:07:49	1	1	15	0
    10129	2021-09-01 18:42:04	1	1	15	0
   108666	2021-09-01 19:26:32	1	1	15	0
   108610	2021-09-01 20:42:14	1	1	15	0
   108663	2021-09-01 20:42:21	1	1	15	0
   108658	2021-09-01 21:03:55	1	1	15	0
   108598	2021-09-01 21:04:16	1	1	15	0
    10138	2021-09-01 21:14:12	1	1	15	0
    10138	2021-09-01 21:14:15	1	1	15	0
   108549	2021-09-01 21:14:37	1	1	15	0
    10309	2021-09-02 01:36:01	1	1	15	0
   102526	2021-09-02 01:47:38	1	1	15	0
   108587	2021-09-02 01:47:54	1	1	15	0
   108472	2021-09-02 05:29:44	1	1	15	0
    10456	2021-09-02 05:30:43	1	0	15	0
   101437	2021-09-02 05:59:08	1	0	15	0
    10127	2021-09-02 06:22:57	1	0	15	0
    10127	2021-09-02 06:23:00	1	0	15	0
    10278	2021-09-02 06:29:47	1	0	15	0
    10372	2021-09-02 06:32:07	1	0	15	0
   108538	2021-09-02 06:39:37	1	0	15	0
   108617	2021-09-02 06:43:59	1	0	15	0
   108556	2021-09-02 07:01:45	1	0	15	0
   108533	2021-09-02 07:14:14	1	0	15	0
   108630	2021-09-02 07:15:57	1	0	15	0
    10080	2021-09-02 07:16:07	1	0	15	0
   101451	2021-09-02 07:16:57	1	0	15	0
    10065	2021-09-02 07:19:42	1	0	15	0
    10356	2021-09-02 07:20:22	1	0	15	0
    10214	2021-09-02 07:20:42	1	0	15	0
   108523	2021-09-02 07:28:25	1	0	15	0
    10033	2021-09-02 07:28:53	1	0	15	0
   108593	2021-09-02 07:29:05	1	0	15	0
    10159	2021-09-02 07:29:15	1	0	15	0
   101432	2021-09-02 07:31:31	1	0	15	0
   108658	2021-09-02 07:32:40	1	0	15	0
   108667	2021-09-02 07:32:59	1	0	15	0
   108674	2021-09-02 07:33:52	1	0	15	0
   108585	2021-09-02 07:36:54	1	0	15	0
   108469	2021-09-02 07:37:18	1	0	15	0
   108610	2021-09-02 07:38:13	1	0	15	0
   108662	2021-09-02 07:38:27	1	0	15	0
   108654	2021-09-02 07:39:42	1	0	15	0
   108549	2021-09-02 07:41:30	1	0	15	0
   108638	2021-09-02 07:42:38	1	0	15	0
   108669	2021-09-02 07:42:52	1	0	15	0
   108669	2021-09-02 07:42:55	1	0	15	0
   108669	2021-09-02 07:43:02	1	0	15	0
   108635	2021-09-02 07:43:57	1	0	15	0
    10025	2021-09-02 07:45:04	1	0	15	0
   108673	2021-09-02 07:45:16	1	0	15	0
    19980	2021-09-02 07:47:29	1	0	15	0
   108568	2021-09-02 07:49:34	1	0	15	0
    10284	2021-09-02 07:50:19	1	0	15	0
    10129	2021-09-02 07:51:25	1	0	15	0
   108619	2021-09-02 07:52:01	1	0	15	0
   102544	2021-09-02 07:52:58	1	0	15	0
    10138	2021-09-02 07:54:16	1	0	15	0
   108613	2021-09-02 07:55:34	1	0	15	0
   108663	2021-09-02 07:55:40	1	0	15	0
   108489	2021-09-02 07:56:25	1	0	15	0
   102524	2021-09-02 07:56:38	1	0	15	0
   108672	2021-09-02 07:57:23	1	0	15	0
   108598	2021-09-02 07:59:20	1	0	15	0
   108579	2021-09-02 07:59:26	1	0	15	0
   108611	2021-09-02 08:02:37	1	0	15	0
   108666	2021-09-02 08:02:42	1	0	15	0
    10221	2021-09-02 08:02:52	1	0	15	0
    10149	2021-09-02 08:04:50	1	0	15	0
    10149	2021-09-02 08:04:52	1	0	15	0
    10076	2021-09-02 08:04:57	1	0	15	0
   108671	2021-09-02 08:05:09	1	0	15	0
    10032	2021-09-02 08:05:29	1	0	15	0
    10458	2021-09-02 08:07:14	1	0	15	0
    10309	2021-09-02 08:07:23	1	0	15	0
   108591	2021-09-02 08:12:11	1	0	15	0
    10550	2021-09-02 08:13:08	1	0	15	0
   102579	2021-09-02 08:24:41	1	0	15	0
   500001	2021-09-02 08:38:03	1	0	15	0
   108515	2021-09-02 08:57:11	1	0	15	0
    10063	2021-09-02 09:32:22	1	0	15	0
    10324	2021-09-02 10:26:17	1	0	15	0
    10324	2021-09-02 10:26:20	1	0	15	0
   102526	2021-09-02 11:00:03	1	0	15	0
   108587	2021-09-02 12:13:29	1	0	15	0
   108587	2021-09-02 12:13:31	1	0	15	0
   108610	2021-09-02 12:16:03	1	0	15	0
   108472	2021-09-02 16:02:21	1	0	15	0
   108472	2021-09-02 16:02:58	1	1	15	0
    10214	2021-09-02 16:03:54	1	1	15	0
    10284	2021-09-02 16:04:22	1	1	15	0
    10456	2021-09-02 16:04:30	1	1	15	0
    10356	2021-09-02 16:04:40	1	1	15	0
    10138	2021-09-02 16:05:32	1	1	15	0
   108549	2021-09-02 16:07:34	1	1	15	0
   108619	2021-09-02 16:08:01	1	1	15	0
   108593	2021-09-02 17:00:56	1	1	15	0
   108613	2021-09-02 17:01:04	1	1	15	0
    10080	2021-09-02 17:01:11	1	1	15	0
   108654	2021-09-02 17:01:18	1	1	15	0
   108630	2021-09-02 17:01:23	1	1	15	0
    10458	2021-09-02 17:01:31	1	1	15	0
   101451	2021-09-02 17:01:42	1	1	15	0
    10324	2021-09-02 17:02:07	1	1	15	0
    10550	2021-09-02 17:02:15	1	1	15	0
   101437	2021-09-02 17:02:20	1	1	15	0
   101437	2021-09-02 17:02:23	1	1	15	0
    10372	2021-09-02 17:02:33	1	1	15	0
   108533	2021-09-02 17:02:44	1	1	15	0
   108673	2021-09-02 17:02:56	1	1	15	0
   108579	2021-09-02 17:03:03	1	1	15	0
   108489	2021-09-02 17:03:11	1	1	15	0
   108617	2021-09-02 17:03:27	1	1	15	0
    10221	2021-09-02 17:03:37	1	1	15	0
   108638	2021-09-02 17:03:43	1	1	15	0
    19980	2021-09-02 17:03:52	1	1	15	0
   108611	2021-09-02 17:04:00	1	1	15	0
   108591	2021-09-02 17:04:08	1	1	15	0
   500001	2021-09-02 17:04:41	1	1	15	0
   101432	2021-09-02 17:04:50	1	1	15	0
   102524	2021-09-02 17:05:04	1	1	15	0
   108556	2021-09-02 17:05:25	1	1	15	0
   108669	2021-09-02 17:05:37	1	1	15	0
    10025	2021-09-02 17:05:54	1	1	15	0
    10025	2021-09-02 17:05:57	1	1	15	0
   108674	2021-09-02 17:06:13	1	1	15	0
    10063	2021-09-02 17:06:35	1	1	15	0
    10149	2021-09-02 17:06:44	1	1	15	0
    10033	2021-09-02 17:07:47	1	1	15	0
   108671	2021-09-02 17:08:57	1	1	15	0
    10076	2021-09-02 17:09:03	1	1	15	0
   108667	2021-09-02 17:09:48	1	1	15	0
   108635	2021-09-02 17:10:14	1	1	15	0
   108585	2021-09-02 17:10:39	1	1	15	0
   102542	2021-09-02 17:11:39	1	1	15	0
    10159	2021-09-02 17:12:09	1	1	15	0
    10159	2021-09-02 17:12:12	1	1	15	0
   108672	2021-09-02 17:12:36	1	1	15	0
   108672	2021-09-02 17:12:39	1	1	15	0
   102579	2021-09-02 17:14:52	1	1	15	0
    10065	2021-09-02 17:16:26	1	1	15	0
    10065	2021-09-02 17:16:28	1	1	15	0
    10065	2021-09-02 17:16:42	1	1	15	0
    10032	2021-09-02 17:23:31	1	1	15	0
    10032	2021-09-02 17:23:34	1	1	15	0
   102544	2021-09-02 17:39:46	1	1	15	0
   108515	2021-09-02 17:48:10	1	1	15	0
   108666	2021-09-02 17:48:17	1	1	15	0
    10278	2021-09-02 18:01:07	1	1	15	0
   108538	2021-09-02 18:01:54	1	1	15	0
   108538	2021-09-02 18:01:56	1	1	15	0
   108469	2021-09-02 18:20:41	1	1	15	0
    10129	2021-09-02 19:02:35	1	1	15	0
    10309	2021-09-02 19:12:14	1	1	15	0
   102526	2021-09-02 19:16:08	1	1	15	0
   108587	2021-09-02 19:16:53	1	1	15	0
   108598	2021-09-02 20:00:40	1	1	15	0
   108663	2021-09-02 20:00:51	1	1	15	0
   108523	2021-09-02 20:01:08	1	1	15	0
    10127	2021-09-02 20:01:19	1	1	15	0
   108662	2021-09-02 20:01:31	1	1	15	0
   108662	2021-09-02 20:01:34	1	1	15	0
   108658	2021-09-02 20:01:42	1	1	15	0
    10456	2021-09-03 05:25:46	1	0	15	0
    10278	2021-09-03 05:26:10	1	0	15	0
   108538	2021-09-03 05:44:56	1	0	15	0
   101437	2021-09-03 06:17:33	1	0	15	0
   108662	2021-09-03 06:22:30	1	0	15	0
   102526	2021-09-03 06:26:54	1	0	15	0
   108658	2021-09-03 06:29:43	1	0	15	0
    10127	2021-09-03 06:30:25	1	0	15	0
   108617	2021-09-03 06:34:33	1	0	15	0
    10324	2021-09-03 06:39:12	1	0	15	0
    10324	2021-09-03 06:39:15	1	0	15	0
    10372	2021-09-03 06:54:59	1	0	15	0
   108472	2021-09-03 07:02:55	1	0	15	0
    10214	2021-09-03 07:08:53	1	0	15	0
    10356	2021-09-03 07:09:28	1	0	15	0
   108635	2021-09-03 07:09:37	1	0	15	0
   108587	2021-09-03 07:14:10	1	0	15	0
    10080	2021-09-03 07:14:44	1	0	15	0
   101451	2021-09-03 07:20:57	1	0	15	0
   108533	2021-09-03 07:21:10	1	0	15	0
    10033	2021-09-03 07:23:14	1	0	15	0
   108556	2021-09-03 07:23:25	1	0	15	0
   108593	2021-09-03 07:25:58	1	0	15	0
   108469	2021-09-03 07:26:37	1	0	15	0
   108523	2021-09-03 07:29:29	1	0	15	0
   102542	2021-09-03 07:31:25	1	0	15	0
    10550	2021-09-03 07:31:45	1	0	15	0
   108674	2021-09-03 07:32:16	1	0	15	0
   108654	2021-09-03 07:33:24	1	0	15	0
   108568	2021-09-03 07:36:09	1	0	15	0
    10159	2021-09-03 07:37:44	1	0	15	0
   108673	2021-09-03 07:38:33	1	0	15	0
   108549	2021-09-03 07:38:46	1	0	15	0
    10065	2021-09-03 07:39:01	1	0	15	0
   108669	2021-09-03 07:40:34	1	0	15	0
    10129	2021-09-03 07:41:56	1	0	15	0
    10025	2021-09-03 07:45:04	1	0	15	0
   108638	2021-09-03 07:45:54	1	0	15	0
   108667	2021-09-03 07:46:06	1	0	15	0
    10221	2021-09-03 07:47:02	1	0	15	0
   101432	2021-09-03 07:48:12	1	0	15	0
   108619	2021-09-03 07:49:52	1	0	15	0
    10138	2021-09-03 07:51:31	1	0	15	0
    10138	2021-09-03 07:51:33	1	0	15	0
    10284	2021-09-03 07:52:45	1	0	15	0
    19980	2021-09-03 07:53:03	1	0	15	0
   108585	2021-09-03 07:53:44	1	0	15	0
    10309	2021-09-03 07:54:47	1	0	15	0
    10348	2021-09-03 07:55:46	1	0	15	0
   108489	2021-09-03 07:56:35	1	0	15	0
   102524	2021-09-03 07:56:44	1	0	15	0
   108672	2021-09-03 07:58:33	1	0	15	0
   108579	2021-09-03 07:58:41	1	0	15	0
   108666	2021-09-03 07:59:09	1	0	15	0
    10063	2021-09-03 08:01:02	1	0	15	0
    10149	2021-09-03 08:01:10	1	0	15	0
   108671	2021-09-03 08:01:19	1	0	15	0
    10076	2021-09-03 08:01:27	1	0	15	0
   108598	2021-09-03 08:01:59	1	0	15	0
    10458	2021-09-03 08:02:32	1	0	15	0
   102544	2021-09-03 08:06:27	1	0	15	0
   108611	2021-09-03 08:11:49	1	0	15	0
   108591	2021-09-03 08:21:27	1	0	15	0
   500001	2021-09-03 08:24:25	1	0	15	0
   102579	2021-09-03 08:31:37	1	0	15	0
   108663	2021-09-03 08:40:25	1	0	15	0
   108610	2021-09-03 10:14:41	1	0	15	0
    10278	2021-09-03 15:32:43	1	0	15	0
    10278	2021-09-03 15:33:07	1	1	15	0
   108538	2021-09-03 15:33:16	1	1	15	0
   102526	2021-09-03 16:00:35	1	1	15	0
   108472	2021-09-03 16:04:24	1	1	15	0
    10309	2021-09-03 16:08:55	1	1	15	0
    10456	2021-09-03 16:09:25	1	1	15	0
    10456	2021-09-03 16:09:27	1	1	15	0
   101437	2021-09-03 16:09:47	1	1	15	0
    10324	2021-09-03 16:09:57	1	1	15	0
    10324	2021-09-03 16:09:59	1	1	15	0
    10372	2021-09-03 16:13:52	1	1	15	0
   108587	2021-09-03 16:34:29	1	1	15	0
   108587	2021-09-03 16:34:31	1	1	15	0
   108593	2021-09-03 17:00:30	1	1	15	0
   108593	2021-09-03 17:00:31	1	1	15	0
    10080	2021-09-03 17:02:03	1	1	15	0
   108579	2021-09-03 17:02:25	1	1	15	0
   500001	2021-09-03 17:02:38	1	1	15	0
   101432	2021-09-03 17:02:46	1	1	15	0
   101451	2021-09-03 17:02:56	1	1	15	0
    19980	2021-09-03 17:03:11	1	1	15	0
    19980	2021-09-03 17:03:13	1	1	15	0
    10550	2021-09-03 17:03:18	1	1	15	0
   108515	2021-09-03 17:03:54	1	1	15	0
   108617	2021-09-03 17:04:03	1	1	15	0
   108638	2021-09-03 17:04:30	1	1	15	0
   108611	2021-09-03 17:05:01	1	1	15	0
   108533	2021-09-03 17:05:10	1	1	15	0
   108489	2021-09-03 17:05:30	1	1	15	0
   108667	2021-09-03 17:05:39	1	1	15	0
   108610	2021-09-03 17:05:46	1	1	15	0
   102579	2021-09-03 17:06:00	1	1	15	0
    10065	2021-09-03 17:06:09	1	1	15	0
   102524	2021-09-03 17:06:27	1	1	15	0
   108556	2021-09-03 17:07:11	1	1	15	0
   108669	2021-09-03 17:07:21	1	1	15	0
    10221	2021-09-03 17:07:52	1	1	15	0
   108673	2021-09-03 17:08:04	1	1	15	0
   108635	2021-09-03 17:08:15	1	1	15	0
   108591	2021-09-03 17:09:43	1	1	15	0
    10033	2021-09-03 17:11:18	1	1	15	0
   102542	2021-09-03 17:12:25	1	1	15	0
    10032	2021-09-03 17:14:33	1	1	15	0
   108619	2021-09-03 17:16:10	1	1	15	0
   108469	2021-09-03 17:16:45	1	1	15	0
    10025	2021-09-03 17:16:54	1	1	15	0
    10025	2021-09-03 17:16:56	1	1	15	0
   108585	2021-09-03 17:32:35	1	1	15	0
   108672	2021-09-03 17:46:01	1	1	15	0
    10356	2021-09-03 17:47:56	1	1	15	0
    10214	2021-09-03 17:48:07	1	1	15	0
   102544	2021-09-03 18:01:39	1	1	15	0
   108674	2021-09-03 18:03:49	1	1	15	0
    10063	2021-09-03 18:26:20	1	1	15	0
   108666	2021-09-03 18:27:35	1	1	15	0
    10129	2021-09-03 18:39:22	1	1	15	0
    10284	2021-09-03 19:02:17	1	1	15	0
   108568	2021-09-03 19:27:53	1	1	15	0
   108671	2021-09-03 19:30:26	1	1	15	0
    10127	2021-09-03 19:31:03	1	1	15	0
   108662	2021-09-03 19:31:40	1	1	15	0
    10149	2021-09-03 19:32:13	1	1	15	0
    10076	2021-09-03 19:32:25	1	1	15	0
   108549	2021-09-03 19:54:47	1	1	15	0
   108549	2021-09-03 20:00:52	1	1	15	0
    10138	2021-09-03 20:01:05	1	1	15	0
    10348	2021-09-03 20:04:20	1	1	15	0
    10348	2021-09-03 20:04:22	1	1	15	0
   108658	2021-09-03 20:05:07	1	1	15	0
   108663	2021-09-03 20:05:19	1	1	15	0
   108598	2021-09-03 20:30:40	1	1	15	0
   108619	2021-09-04 03:27:10	1	1	15	0
   108619	2021-09-04 03:27:13	1	1	15	0
   108619	2021-09-04 03:27:26	1	1	15	0
   108469	2021-09-04 04:04:18	1	1	15	0
   108538	2021-09-04 04:17:11	1	0	15	0
    10456	2021-09-04 05:15:53	1	0	15	0
    10278	2021-09-04 05:37:07	1	0	15	0
   101437	2021-09-04 06:09:49	1	0	15	0
   102526	2021-09-04 06:28:24	1	0	15	0
    10324	2021-09-04 06:32:01	1	0	15	0
    10324	2021-09-04 06:32:03	1	0	15	0
   108654	2021-09-04 06:36:50	1	0	15	0
   108658	2021-09-04 06:44:33	1	0	15	0
    10372	2021-09-04 06:44:48	1	0	15	0
    10372	2021-09-04 06:44:50	1	0	15	0
   108593	2021-09-04 07:06:19	1	0	15	0
   108549	2021-09-04 07:10:04	1	0	15	0
   108630	2021-09-04 07:11:04	1	0	15	0
   108472	2021-09-04 07:11:36	1	0	15	0
   108587	2021-09-04 07:12:51	1	0	15	0
   108587	2021-09-04 07:12:54	1	0	15	0
   108662	2021-09-04 07:22:08	1	0	15	0
   101432	2021-09-04 07:37:22	1	0	15	0
   108667	2021-09-04 07:41:16	1	0	15	0
   108610	2021-09-04 07:42:36	1	0	15	0
    10033	2021-09-04 07:45:35	1	0	15	0
   108523	2021-09-04 07:46:14	1	0	15	0
   108673	2021-09-04 07:48:29	1	0	15	0
   108672	2021-09-04 07:49:43	1	0	15	0
    10348	2021-09-04 07:52:36	1	0	15	0
    10080	2021-09-04 07:56:02	1	0	15	0
   108598	2021-09-04 07:59:15	1	0	15	0
   108663	2021-09-04 08:03:37	1	0	15	0
    10032	2021-09-04 08:05:42	1	0	15	0
   102579	2021-09-04 08:11:29	1	0	15	0
   108611	2021-09-04 08:12:42	1	0	15	0
    10076	2021-09-04 08:16:28	1	0	15	0
   108591	2021-09-04 08:27:02	1	0	15	0
   108671	2021-09-04 08:31:00	1	0	15	0
    10138	2021-09-04 08:42:27	1	0	15	0
    10127	2021-09-04 09:47:21	1	0	15	0
   108538	2021-09-04 14:03:46	1	1	15	0
   108469	2021-09-04 14:05:12	1	1	15	0
   108619	2021-09-04 14:07:06	1	1	15	0
   108549	2021-09-04 16:00:33	1	1	15	0
   108593	2021-09-04 16:00:41	1	1	15	0
   108630	2021-09-04 16:00:46	1	1	15	0
    10278	2021-09-04 16:01:00	1	1	15	0
    10324	2021-09-04 16:01:09	1	1	15	0
    10324	2021-09-04 16:01:11	1	1	15	0
   102526	2021-09-04 16:01:21	1	1	15	0
   101437	2021-09-04 16:01:30	1	1	15	0
    10033	2021-09-04 16:01:44	1	1	15	0
    10456	2021-09-04 16:02:38	1	1	15	0
   108472	2021-09-04 16:02:52	1	1	15	0
   108587	2021-09-04 16:03:22	1	1	15	0
    10372	2021-09-04 16:05:54	1	1	15	0
    10032	2021-09-04 16:37:16	1	1	15	0
   108591	2021-09-04 17:00:27	1	1	15	0
    10080	2021-09-04 17:01:14	1	1	15	0
    10080	2021-09-04 17:01:17	1	1	15	0
   101432	2021-09-04 17:04:02	1	1	15	0
   102579	2021-09-04 17:06:49	1	1	15	0
   108671	2021-09-04 17:07:46	1	1	15	0
    10076	2021-09-04 17:08:06	1	1	15	0
   108611	2021-09-04 17:08:22	1	1	15	0
    10127	2021-09-04 17:09:46	1	1	15	0
   108673	2021-09-04 17:13:43	1	1	15	0
   108667	2021-09-04 17:13:59	1	1	15	0
   108672	2021-09-04 17:22:08	1	1	15	0
   108672	2021-09-04 17:22:11	1	1	15	0
   108610	2021-09-04 18:02:01	1	1	15	0
   108663	2021-09-04 18:02:23	1	1	15	0
   108598	2021-09-04 18:02:42	1	1	15	0
   108523	2021-09-04 19:50:46	1	1	15	0
   108662	2021-09-04 20:43:45	1	1	15	0
   108662	2021-09-04 20:43:47	1	1	15	0
   108658	2021-09-04 20:43:54	1	1	15	0
    10348	2021-09-04 21:02:12	1	1	15	0
    10138	2021-09-04 21:02:31	1	1	15	0
    10456	2021-09-05 04:51:52	1	0	15	0
    10278	2021-09-05 05:24:51	1	0	15	0
    10278	2021-09-05 15:02:11	1	1	15	0
    10456	2021-09-05 15:02:22	1	1	15	0
    10456	2021-09-06 05:00:32	1	0	15	0
    10278	2021-09-06 05:37:26	1	0	15	0
    10278	2021-09-06 05:37:29	1	0	15	0
   101437	2021-09-06 06:10:13	1	0	15	0
    10324	2021-09-06 06:31:57	1	0	15	0
    10324	2021-09-06 06:31:59	1	0	15	0
    10372	2021-09-06 06:37:35	1	0	15	0
   108617	2021-09-06 06:42:27	1	0	15	0
   108630	2021-09-06 06:53:18	1	0	15	0
   108658	2021-09-06 06:57:32	1	0	15	0
   108662	2021-09-06 06:57:38	1	0	15	0
   108556	2021-09-06 07:00:27	1	0	15	0
   108587	2021-09-06 07:08:09	1	0	15	0
   108587	2021-09-06 07:08:12	1	0	15	0
   108533	2021-09-06 07:15:33	1	0	15	0
   108538	2021-09-06 07:16:03	1	0	15	0
   108549	2021-09-06 07:22:32	1	0	15	0
    10033	2021-09-06 07:25:41	1	0	15	0
   108593	2021-09-06 07:25:58	1	0	15	0
   102542	2021-09-06 07:28:20	1	0	15	0
   108585	2021-09-06 07:31:10	1	0	15	0
   108674	2021-09-06 07:32:24	1	0	15	0
   108654	2021-09-06 07:34:35	1	0	15	0
   108568	2021-09-06 07:36:06	1	0	15	0
   108673	2021-09-06 07:38:07	1	0	15	0
   108673	2021-09-06 07:38:09	1	0	15	0
    10159	2021-09-06 07:38:17	1	0	15	0
   108523	2021-09-06 07:38:57	1	0	15	0
   108472	2021-09-06 07:41:45	1	0	15	0
   108610	2021-09-06 07:42:00	1	0	15	0
   108669	2021-09-06 07:44:03	1	0	15	0
    10025	2021-09-06 07:46:20	1	0	15	0
   108638	2021-09-06 07:48:06	1	0	15	0
   108672	2021-09-06 07:48:35	1	0	15	0
   108667	2021-09-06 07:49:12	1	0	15	0
    10065	2021-09-06 07:50:10	1	0	15	0
   108663	2021-09-06 07:50:24	1	0	15	0
   108635	2021-09-06 07:50:35	1	0	15	0
   108469	2021-09-06 07:50:50	1	0	15	0
   108489	2021-09-06 07:51:08	1	0	15	0
   102524	2021-09-06 07:51:27	1	0	15	0
   101432	2021-09-06 07:51:42	1	0	15	0
    10221	2021-09-06 07:52:18	1	0	15	0
   108638	2021-09-06 07:52:26	1	0	15	0
   108638	2021-09-06 07:52:28	1	0	15	0
   108638	2021-09-06 07:52:40	1	0	15	0
   108579	2021-09-06 07:53:35	1	0	15	0
   500001	2021-09-06 07:54:52	1	0	15	0
    10129	2021-09-06 07:55:32	1	0	15	0
    19980	2021-09-06 07:56:21	1	0	15	0
   102544	2021-09-06 08:00:07	1	0	15	0
   108598	2021-09-06 08:01:17	1	0	15	0
    10149	2021-09-06 08:01:40	1	0	15	0
   108671	2021-09-06 08:01:52	1	0	15	0
    10076	2021-09-06 08:02:00	1	0	15	0
    10284	2021-09-06 08:03:56	1	0	15	0
    10138	2021-09-06 08:05:12	1	0	15	0
    10138	2021-09-06 08:05:15	1	0	15	0
   108613	2021-09-06 08:05:20	1	0	15	0
   108591	2021-09-06 08:12:24	1	0	15	0
   108666	2021-09-06 08:22:12	1	0	15	0
   102579	2021-09-06 08:23:01	1	0	15	0
   108515	2021-09-06 08:24:47	1	0	15	0
   108611	2021-09-06 08:29:24	1	0	15	0
    10127	2021-09-06 08:38:14	1	0	15	0
    10063	2021-09-06 09:32:52	1	0	15	0
    10550	2021-09-06 10:00:03	1	0	15	0
    10456	2021-09-06 16:01:07	1	1	15	0
   108472	2021-09-06 16:01:25	1	1	15	0
   108538	2021-09-06 16:01:37	1	1	15	0
    10278	2021-09-06 16:01:50	1	1	15	0
    10324	2021-09-06 16:01:57	1	1	15	0
    10372	2021-09-06 16:02:09	1	1	15	0
   101437	2021-09-06 16:02:19	1	1	15	0
   101437	2021-09-06 16:02:21	1	1	15	0
   108613	2021-09-06 16:05:02	1	1	15	0
   108587	2021-09-06 16:11:57	1	1	15	0
    10284	2021-09-06 16:16:01	1	1	15	0
   102544	2021-09-06 16:27:35	1	1	15	0
   108630	2021-09-06 17:00:43	1	1	15	0
   108593	2021-09-06 17:01:42	1	1	15	0
   101432	2021-09-06 17:01:48	1	1	15	0
    19980	2021-09-06 17:02:10	1	1	15	0
   108579	2021-09-06 17:02:18	1	1	15	0
   108533	2021-09-06 17:02:27	1	1	15	0
    10550	2021-09-06 17:02:35	1	1	15	0
   500001	2021-09-06 17:03:09	1	1	15	0
   108617	2021-09-06 17:03:22	1	1	15	0
   102524	2021-09-06 17:04:09	1	1	15	0
   108489	2021-09-06 17:04:19	1	1	15	0
   108591	2021-09-06 17:04:28	1	1	15	0
   108638	2021-09-06 17:04:38	1	1	15	0
   108635	2021-09-06 17:05:03	1	1	15	0
    10033	2021-09-06 17:07:03	1	1	15	0
   108611	2021-09-06 17:07:21	1	1	15	0
    10025	2021-09-06 17:07:59	1	1	15	0
    10025	2021-09-06 17:08:01	1	1	15	0
   102542	2021-09-06 17:08:11	1	1	15	0
    10065	2021-09-06 17:08:59	1	1	15	0
   108673	2021-09-06 17:09:29	1	1	15	0
   108669	2021-09-06 17:09:44	1	1	15	0
   108515	2021-09-06 17:12:06	1	1	15	0
   108556	2021-09-06 17:12:43	1	1	15	0
    10221	2021-09-06 17:12:52	1	1	15	0
    10221	2021-09-06 17:12:54	1	1	15	0
   108549	2021-09-06 17:13:45	1	1	15	0
   108469	2021-09-06 17:15:08	1	1	15	0
   108667	2021-09-06 17:17:07	1	1	15	0
    10458	2021-09-06 17:18:04	1	1	15	0
    10159	2021-09-06 17:21:58	1	1	15	0
   102579	2021-09-06 17:23:22	1	1	15	0
   108585	2021-09-06 17:24:19	1	1	15	0
    10138	2021-09-06 17:31:09	1	1	15	0
    10138	2021-09-06 17:31:11	1	1	15	0
    10348	2021-09-06 17:31:25	1	1	15	0
   108672	2021-09-06 17:37:18	1	1	15	0
   108671	2021-09-06 17:47:49	1	1	15	0
   108610	2021-09-06 17:48:20	1	1	15	0
   108674	2021-09-06 17:49:05	1	1	15	0
   108568	2021-09-06 17:49:47	1	1	15	0
    10076	2021-09-06 17:51:40	1	1	15	0
    10063	2021-09-06 17:52:16	1	1	15	0
    10149	2021-09-06 17:53:50	1	1	15	0
   108666	2021-09-06 18:21:21	1	1	15	0
   108666	2021-09-06 18:21:24	1	1	15	0
   108666	2021-09-06 18:21:37	1	1	15	0
    10129	2021-09-06 18:52:04	1	1	15	0
   108523	2021-09-06 19:37:11	1	1	15	0
   108663	2021-09-06 20:43:22	1	1	15	0
    10127	2021-09-06 21:31:50	1	1	15	0
    10127	2021-09-06 21:31:53	1	1	15	0
   108598	2021-09-06 21:32:30	1	1	15	0
   108662	2021-09-06 21:32:53	1	1	15	0
   108658	2021-09-06 21:33:05	1	1	15	0
    10456	2021-09-07 05:15:03	1	0	15	0
    10127	2021-09-07 06:11:34	1	0	15	0
    10127	2021-09-07 06:11:37	1	0	15	0
   101437	2021-09-07 06:14:24	1	0	15	0
    10324	2021-09-07 06:44:02	1	0	15	0
   108617	2021-09-07 06:46:20	1	0	15	0
    10372	2021-09-07 06:52:55	1	0	15	0
    10214	2021-09-07 06:59:52	1	0	15	0
    10356	2021-09-07 07:00:54	1	0	15	0
   108556	2021-09-07 07:06:49	1	0	15	0
   108630	2021-09-07 07:11:46	1	0	15	0
   108587	2021-09-07 07:14:40	1	0	15	0
   108587	2021-09-07 07:14:42	1	0	15	0
    10080	2021-09-07 07:18:46	1	0	15	0
   108662	2021-09-07 07:19:08	1	0	15	0
   108638	2021-09-07 07:23:25	1	0	15	0
   108533	2021-09-07 07:23:41	1	0	15	0
   108538	2021-09-07 07:31:31	1	0	15	0
    10159	2021-09-07 07:33:52	1	0	15	0
   108658	2021-09-07 07:36:33	1	0	15	0
   102542	2021-09-07 07:36:53	1	0	15	0
   102542	2021-09-07 07:36:55	1	0	15	0
    10033	2021-09-07 07:37:30	1	0	15	0
   108619	2021-09-07 07:37:47	1	0	15	0
   108523	2021-09-07 07:39:37	1	0	15	0
    10221	2021-09-07 07:39:48	1	0	15	0
   108667	2021-09-07 07:40:08	1	0	15	0
    10065	2021-09-07 07:41:01	1	0	15	0
   108585	2021-09-07 07:42:30	1	0	15	0
    10025	2021-09-07 07:43:08	1	0	15	0
    10278	2021-09-07 07:44:09	1	0	15	0
   108674	2021-09-07 07:44:50	1	0	15	0
   108669	2021-09-07 07:45:00	1	0	15	0
   108673	2021-09-07 07:48:26	1	0	15	0
   108672	2021-09-07 07:49:30	1	0	15	0
   108579	2021-09-07 07:50:38	1	0	15	0
    10129	2021-09-07 07:52:24	1	0	15	0
   101432	2021-09-07 07:53:38	1	0	15	0
   108663	2021-09-07 07:54:44	1	0	15	0
    10348	2021-09-07 07:55:46	1	0	15	0
    10138	2021-09-07 07:57:08	1	0	15	0
   108549	2021-09-07 07:57:50	1	0	15	0
   500001	2021-09-07 07:58:05	1	0	15	0
    19980	2021-09-07 07:58:56	1	0	15	0
    19980	2021-09-07 07:58:58	1	0	15	0
   108613	2021-09-07 08:00:22	1	0	15	0
   108598	2021-09-07 08:00:31	1	0	15	0
    10063	2021-09-07 08:01:51	1	0	15	0
    10149	2021-09-07 08:01:59	1	0	15	0
   108610	2021-09-07 08:02:09	1	0	15	0
   108671	2021-09-07 08:02:14	1	0	15	0
    10076	2021-09-07 08:02:24	1	0	15	0
   108591	2021-09-07 08:02:32	1	0	15	0
   108591	2021-09-07 08:02:35	1	0	15	0
    10284	2021-09-07 08:03:13	1	0	15	0
   108611	2021-09-07 08:03:33	1	0	15	0
   108489	2021-09-07 08:04:37	1	0	15	0
   102524	2021-09-07 08:04:45	1	0	15	0
   108568	2021-09-07 08:05:05	1	0	15	0
   108635	2021-09-07 08:06:18	1	0	15	0
   108469	2021-09-07 08:09:17	1	0	15	0
   108666	2021-09-07 08:09:25	1	0	15	0
    10458	2021-09-07 08:09:42	1	0	15	0
    10550	2021-09-07 08:10:00	1	0	15	0
   102544	2021-09-07 08:26:00	1	0	15	0
   102579	2021-09-07 08:39:56	1	0	15	0
   108515	2021-09-07 08:46:49	1	0	15	0
   108593	2021-09-07 12:16:10	1	0	15	0
   108635	2021-09-07 15:15:50	1	0	15	0
    10356	2021-09-07 15:28:58	1	1	15	0
    10214	2021-09-07 15:29:09	1	1	15	0
    10456	2021-09-07 15:45:32	1	1	15	0
   108538	2021-09-07 16:02:32	1	1	15	0
   108613	2021-09-07 16:04:58	1	1	15	0
   108469	2021-09-07 16:08:01	1	1	15	0
    10284	2021-09-07 16:10:38	1	1	15	0
    10138	2021-09-07 16:29:46	1	1	15	0
   101432	2021-09-07 17:00:37	1	1	15	0
   108630	2021-09-07 17:01:01	1	1	15	0
   108593	2021-09-07 17:01:11	1	1	15	0
   500001	2021-09-07 17:01:29	1	1	15	0
    10080	2021-09-07 17:01:47	1	1	15	0
   108619	2021-09-07 17:01:57	1	1	15	0
    10221	2021-09-07 17:02:18	1	1	15	0
   108617	2021-09-07 17:02:36	1	1	15	0
   108579	2021-09-07 17:02:45	1	1	15	0
   108591	2021-09-07 17:02:51	1	1	15	0
    19980	2021-09-07 17:02:59	1	1	15	0
   108533	2021-09-07 17:03:12	1	1	15	0
    10458	2021-09-07 17:03:23	1	1	15	0
   108515	2021-09-07 17:03:33	1	1	15	0
   108515	2021-09-07 17:03:35	1	1	15	0
   108515	2021-09-07 17:03:42	1	1	15	0
   108673	2021-09-07 17:04:03	1	1	15	0
    10065	2021-09-07 17:04:21	1	1	15	0
   108658	2021-09-07 17:05:01	1	1	15	0
   108663	2021-09-07 17:05:10	1	1	15	0
   102524	2021-09-07 17:05:17	1	1	15	0
   108611	2021-09-07 17:05:32	1	1	15	0
   108669	2021-09-07 17:05:46	1	1	15	0
    10550	2021-09-07 17:06:27	1	1	15	0
   108556	2021-09-07 17:06:36	1	1	15	0
   108587	2021-09-07 17:06:55	1	1	15	0
   108489	2021-09-07 17:07:02	1	1	15	0
   102542	2021-09-07 17:08:16	1	1	15	0
    10033	2021-09-07 17:09:41	1	1	15	0
    10324	2021-09-07 17:09:48	1	1	15	0
    10372	2021-09-07 17:10:18	1	1	15	0
   108666	2021-09-07 17:11:35	1	1	15	0
    10025	2021-09-07 17:12:41	1	1	15	0
   101437	2021-09-07 17:14:00	1	1	15	0
   108638	2021-09-07 17:17:46	1	1	15	0
    10159	2021-09-07 17:18:50	1	1	15	0
    10025	2021-09-07 17:21:36	1	1	15	0
   102544	2021-09-07 17:21:59	1	1	15	0
   108585	2021-09-07 17:22:43	1	1	15	0
   108672	2021-09-07 17:24:16	1	1	15	0
   108667	2021-09-07 17:44:12	1	1	15	0
   108671	2021-09-07 17:56:51	1	1	15	0
   108610	2021-09-07 17:57:45	1	1	15	0
   102579	2021-09-07 17:58:19	1	1	15	0
    10076	2021-09-07 17:59:53	1	1	15	0
   108568	2021-09-07 18:00:00	1	1	15	0
   108674	2021-09-07 18:00:42	1	1	15	0
    10063	2021-09-07 18:01:57	1	1	15	0
    10149	2021-09-07 18:02:20	1	1	15	0
    10129	2021-09-07 18:42:17	1	1	15	0
   108549	2021-09-07 19:16:42	1	1	15	0
    10278	2021-09-07 19:21:09	1	1	15	0
   108523	2021-09-07 20:09:59	1	1	15	0
   108598	2021-09-07 21:06:17	1	1	15	0
    10127	2021-09-07 21:06:28	1	1	15	0
   108662	2021-09-07 21:06:36	1	1	15	0
    10456	2021-09-08 05:02:11	1	0	15	0
   101437	2021-09-08 06:08:50	1	0	15	0
    10127	2021-09-08 06:27:40	1	0	15	0
    10324	2021-09-08 06:27:51	1	0	15	0
   108617	2021-09-08 06:28:30	1	0	15	0
    10372	2021-09-08 06:35:24	1	0	15	0
   108662	2021-09-08 06:49:03	1	0	15	0
   108658	2021-09-08 07:01:12	1	0	15	0
   108533	2021-09-08 07:05:48	1	0	15	0
   108630	2021-09-08 07:06:59	1	0	15	0
   108587	2021-09-08 07:09:32	1	0	15	0
    10214	2021-09-08 07:13:55	1	0	15	0
    10356	2021-09-08 07:14:42	1	0	15	0
   108556	2021-09-08 07:15:53	1	0	15	0
   108654	2021-09-08 07:26:51	1	0	15	0
   108568	2021-09-08 07:32:46	1	0	15	0
    10025	2021-09-08 07:33:34	1	0	15	0
   108672	2021-09-08 07:33:52	1	0	15	0
   101432	2021-09-08 07:34:04	1	0	15	0
    10278	2021-09-08 07:34:15	1	0	15	0
    10278	2021-09-08 07:34:17	1	0	15	0
    10033	2021-09-08 07:34:25	1	0	15	0
    10033	2021-09-08 07:34:27	1	0	15	0
   108669	2021-09-08 07:34:50	1	0	15	0
   108523	2021-09-08 07:35:28	1	0	15	0
   108523	2021-09-08 07:35:31	1	0	15	0
   108638	2021-09-08 07:37:02	1	0	15	0
   108538	2021-09-08 07:37:15	1	0	15	0
   108593	2021-09-08 07:37:22	1	0	15	0
   108674	2021-09-08 07:38:10	1	0	15	0
    10080	2021-09-08 07:40:03	1	0	15	0
   108619	2021-09-08 07:40:54	1	0	15	0
    10159	2021-09-08 07:42:18	1	0	15	0
    10221	2021-09-08 07:43:35	1	0	15	0
   108469	2021-09-08 07:44:02	1	0	15	0
   102542	2021-09-08 07:44:15	1	0	15	0
    10348	2021-09-08 07:44:49	1	0	15	0
   108549	2021-09-08 07:45:01	1	0	15	0
    10065	2021-09-08 07:46:35	1	0	15	0
   108598	2021-09-08 07:47:06	1	0	15	0
   108667	2021-09-08 07:47:23	1	0	15	0
   108635	2021-09-08 07:48:14	1	0	15	0
   108635	2021-09-08 07:48:16	1	0	15	0
    10284	2021-09-08 07:48:51	1	0	15	0
   108673	2021-09-08 07:50:05	1	0	15	0
    19980	2021-09-08 07:50:53	1	0	15	0
    10129	2021-09-08 07:52:09	1	0	15	0
   108585	2021-09-08 07:53:07	1	0	15	0
   108663	2021-09-08 07:57:44	1	0	15	0
   102524	2021-09-08 07:59:14	1	0	15	0
    10138	2021-09-08 07:59:55	1	0	15	0
    10063	2021-09-08 08:01:09	1	0	15	0
    10149	2021-09-08 08:01:20	1	0	15	0
   108610	2021-09-08 08:01:26	1	0	15	0
   108671	2021-09-08 08:01:43	1	0	15	0
    10076	2021-09-08 08:01:50	1	0	15	0
   500001	2021-09-08 08:02:49	1	0	15	0
    10458	2021-09-08 08:03:24	1	0	15	0
   108611	2021-09-08 08:06:50	1	0	15	0
   102544	2021-09-08 08:07:01	1	0	15	0
   108666	2021-09-08 08:07:14	1	0	15	0
   102579	2021-09-08 08:16:15	1	0	15	0
   108591	2021-09-08 08:27:13	1	0	15	0
   108515	2021-09-08 08:28:08	1	0	15	0
   108669	2021-09-08 12:04:23	1	0	15	0
   101437	2021-09-08 16:01:52	1	0	15	0
   101437	2021-09-08 16:01:54	1	0	15	0
    10324	2021-09-08 16:01:59	1	0	15	0
   102544	2021-09-08 16:02:11	1	0	15	0
    10456	2021-09-08 16:02:20	1	0	15	0
    10278	2021-09-08 16:04:18	1	0	15	0
    10372	2021-09-08 16:05:02	1	1	15	0
   108654	2021-09-08 16:05:10	1	1	15	0
   108587	2021-09-08 16:08:40	1	1	15	0
   108587	2021-09-08 16:08:42	1	1	15	0
    10138	2021-09-08 16:09:14	1	1	15	0
   108549	2021-09-08 16:12:54	1	1	15	0
   108619	2021-09-08 16:13:09	1	1	15	0
   108593	2021-09-08 17:00:20	1	1	15	0
   108630	2021-09-08 17:00:59	1	1	15	0
    10550	2021-09-08 17:01:36	1	1	15	0
    10080	2021-09-08 17:01:47	1	1	15	0
   108617	2021-09-08 17:02:07	1	1	15	0
   101432	2021-09-08 17:03:06	1	1	15	0
    10221	2021-09-08 17:04:10	1	1	15	0
    10458	2021-09-08 17:04:35	1	1	15	0
   108533	2021-09-08 17:04:58	1	1	15	0
   108556	2021-09-08 17:05:31	1	1	15	0
    10065	2021-09-08 17:05:55	1	1	15	0
   108673	2021-09-08 17:06:07	1	1	15	0
   500001	2021-09-08 17:06:19	1	1	15	0
    10033	2021-09-08 17:07:25	1	1	15	0
   108611	2021-09-08 17:07:45	1	1	15	0
   108635	2021-09-08 17:08:02	1	1	15	0
   102524	2021-09-08 17:08:12	1	1	15	0
    19980	2021-09-08 17:08:34	1	1	15	0
   108638	2021-09-08 17:12:04	1	1	15	0
    10025	2021-09-08 17:12:33	1	1	15	0
    10159	2021-09-08 17:15:40	1	1	15	0
   108672	2021-09-08 17:16:32	1	1	15	0
   108672	2021-09-08 17:16:40	1	1	15	0
   108667	2021-09-08 17:17:12	1	1	15	0
   108591	2021-09-08 17:17:21	1	1	15	0
   102579	2021-09-08 17:23:21	1	1	15	0
   108515	2021-09-08 17:31:11	1	1	15	0
   108585	2021-09-08 17:33:31	1	1	15	0
   102542	2021-09-08 17:53:04	1	1	15	0
    10129	2021-09-08 18:09:03	1	1	15	0
   108671	2021-09-08 18:13:24	1	1	15	0
    10127	2021-09-08 18:13:34	1	1	15	0
   108568	2021-09-08 18:13:44	1	1	15	0
    10076	2021-09-08 18:14:22	1	1	15	0
   108666	2021-09-08 18:14:33	1	1	15	0
    10149	2021-09-08 18:15:33	1	1	15	0
   108674	2021-09-08 18:17:05	1	1	15	0
    10063	2021-09-08 18:18:14	1	1	15	0
    10214	2021-09-08 19:31:12	1	1	15	0
    10214	2021-09-08 19:31:14	1	1	15	0
    10356	2021-09-08 19:31:40	1	1	15	0
   108538	2021-09-08 19:32:56	1	1	15	0
   108523	2021-09-08 19:37:21	1	1	15	0
    10284	2021-09-08 20:03:05	1	1	15	0
    10348	2021-09-08 20:03:21	1	1	15	0
   108469	2021-09-08 20:03:28	1	1	15	0
   108610	2021-09-08 20:10:08	1	1	15	0
   108663	2021-09-08 20:33:43	1	1	15	0
   108658	2021-09-08 21:09:58	1	1	15	0
   108662	2021-09-08 21:10:13	1	1	15	0
   108598	2021-09-08 21:10:22	1	1	15	0
    10456	2021-09-09 05:25:33	1	0	15	0
    10159	2021-09-09 06:36:36	1	0	15	0
   108472	2021-09-09 06:54:14	1	0	15	0
   108533	2021-09-09 07:01:59	1	0	15	0
    10214	2021-09-09 07:22:52	1	0	15	0
   102542	2021-09-09 07:31:10	1	0	15	0
    10033	2021-09-09 07:32:38	1	0	15	0
   108549	2021-09-09 07:34:45	1	0	15	0
    10138	2021-09-09 07:50:26	1	0	15	0
   108619	2021-09-09 07:50:55	1	0	15	0
    10129	2021-09-09 07:53:10	1	0	15	0
    10348	2021-09-09 07:56:36	1	0	15	0
    10080	2021-09-09 07:59:43	1	0	15	0
   108469	2021-09-09 08:05:10	1	0	15	0
    10080	2021-09-09 12:39:13	1	0	15	0
    10159	2021-09-09 13:18:50	1	0	15	0
    10033	2021-09-09 14:31:18	1	0	15	0
    10033	2021-09-09 14:31:21	1	0	15	0
    10456	2021-09-09 16:00:47	1	1	15	0
   108472	2021-09-09 16:01:29	1	1	15	0
    10214	2021-09-09 16:02:13	1	1	15	0
   108619	2021-09-09 16:02:23	1	1	15	0
   108469	2021-09-09 16:14:14	1	1	15	0
   108533	2021-09-09 17:02:08	1	1	15	0
   108549	2021-09-09 17:08:32	1	1	15	0
    10129	2021-09-09 17:09:05	1	1	15	0
    10138	2021-09-09 17:10:56	1	1	15	0
   102542	2021-09-09 17:16:47	1	1	15	0
    10348	2021-09-09 17:17:20	1	1	15	0
    10356	2021-09-10 03:01:30	1	0	15	0
    10214	2021-09-10 03:02:13	1	0	15	0
   108619	2021-09-10 03:34:58	1	0	15	0
   101437	2021-09-10 06:17:36	1	0	15	0
    10324	2021-09-10 06:28:33	1	0	15	0
   102526	2021-09-10 06:30:06	1	0	15	0
   108617	2021-09-10 06:38:42	1	0	15	0
    10372	2021-09-10 06:52:12	1	0	15	0
   108472	2021-09-10 06:53:14	1	0	15	0
   108658	2021-09-10 06:53:45	1	0	15	0
   108662	2021-09-10 06:56:46	1	0	15	0
   108556	2021-09-10 06:58:42	1	0	15	0
   108587	2021-09-10 06:59:43	1	0	15	0
   108587	2021-09-10 06:59:45	1	0	15	0
   108533	2021-09-10 07:04:50	1	0	15	0
   108630	2021-09-10 07:11:19	1	0	15	0
    10159	2021-09-10 07:13:38	1	0	15	0
   108654	2021-09-10 07:25:01	1	0	15	0
    10033	2021-09-10 07:25:36	1	0	15	0
    10033	2021-09-10 07:25:38	1	0	15	0
    10278	2021-09-10 07:27:29	1	0	15	0
   101432	2021-09-10 07:27:38	1	0	15	0
   108593	2021-09-10 07:29:32	1	0	15	0
   108669	2021-09-10 07:33:13	1	0	15	0
    10025	2021-09-10 07:35:45	1	0	15	0
   108568	2021-09-10 07:36:05	1	0	15	0
   108538	2021-09-10 07:36:23	1	0	15	0
   108610	2021-09-10 07:37:33	1	0	15	0
    10080	2021-09-10 07:38:52	1	0	15	0
   108585	2021-09-10 07:39:05	1	0	15	0
   108638	2021-09-10 07:39:28	1	0	15	0
   102542	2021-09-10 07:39:57	1	0	15	0
   108674	2021-09-10 07:40:20	1	0	15	0
   108667	2021-09-10 07:42:17	1	0	15	0
    10221	2021-09-10 07:43:23	1	0	15	0
    10348	2021-09-10 07:43:58	1	0	15	0
   108549	2021-09-10 07:45:29	1	0	15	0
   108523	2021-09-10 07:49:13	1	0	15	0
    10129	2021-09-10 07:49:49	1	0	15	0
   108635	2021-09-10 07:50:53	1	0	15	0
   108673	2021-09-10 07:52:30	1	0	15	0
    10065	2021-09-10 07:53:07	1	0	15	0
   108666	2021-09-10 07:54:08	1	0	15	0
   108613	2021-09-10 07:54:17	1	0	15	0
   108672	2021-09-10 07:58:03	1	0	15	0
   108663	2021-09-10 07:58:08	1	0	15	0
   108598	2021-09-10 07:58:21	1	0	15	0
    19980	2021-09-10 08:00:55	1	0	15	0
    10309	2021-09-10 08:01:05	1	0	15	0
    10309	2021-09-10 08:01:07	1	0	15	0
    10063	2021-09-10 08:04:21	1	0	15	0
    10149	2021-09-10 08:04:30	1	0	15	0
    10127	2021-09-10 08:04:45	1	0	15	0
   108671	2021-09-10 08:05:03	1	0	15	0
    10076	2021-09-10 08:05:10	1	0	15	0
    10138	2021-09-10 08:06:18	1	0	15	0
    10550	2021-09-10 08:09:17	1	0	15	0
   108611	2021-09-10 08:11:29	1	0	15	0
   108591	2021-09-10 08:15:04	1	0	15	0
   102544	2021-09-10 08:29:14	1	0	15	0
   500001	2021-09-10 08:36:03	1	0	15	0
   102579	2021-09-10 08:52:03	1	0	15	0
   108515	2021-09-10 09:08:48	1	0	15	0
    10356	2021-09-10 12:13:35	1	1	15	0
    10214	2021-09-10 12:13:44	1	1	15	0
    10324	2021-09-10 16:02:04	1	0	15	0
   101437	2021-09-10 16:02:42	1	1	15	0
   102526	2021-09-10 16:04:41	1	1	15	0
    10372	2021-09-10 16:05:43	1	1	15	0
    10309	2021-09-10 16:13:16	1	1	15	0
   108638	2021-09-10 16:30:08	1	1	15	0
   108654	2021-09-10 17:00:41	1	1	15	0
   101432	2021-09-10 17:01:19	1	1	15	0
    10080	2021-09-10 17:01:34	1	1	15	0
   108617	2021-09-10 17:02:16	1	1	15	0
   108613	2021-09-10 17:02:22	1	1	15	0
    10550	2021-09-10 17:03:08	1	1	15	0
    10458	2021-09-10 17:03:30	1	1	15	0
   108533	2021-09-10 17:03:40	1	1	15	0
    19980	2021-09-10 17:04:02	1	1	15	0
    10065	2021-09-10 17:04:11	1	1	15	0
   108611	2021-09-10 17:04:48	1	1	15	0
    10033	2021-09-10 17:05:10	1	1	15	0
   108673	2021-09-10 17:05:17	1	1	15	0
   108635	2021-09-10 17:05:26	1	1	15	0
   108587	2021-09-10 17:05:39	1	1	15	0
    10278	2021-09-10 17:06:52	1	1	15	0
   500001	2021-09-10 17:07:53	1	1	15	0
    10221	2021-09-10 17:08:09	1	1	15	0
    10025	2021-09-10 17:08:19	1	1	15	0
   108669	2021-09-10 17:08:35	1	1	15	0
   108556	2021-09-10 17:08:46	1	1	15	0
   102542	2021-09-10 17:10:17	1	1	15	0
   108619	2021-09-10 17:10:49	1	1	15	0
    10159	2021-09-10 17:12:02	1	1	15	0
   108667	2021-09-10 17:14:41	1	1	15	0
   108671	2021-09-10 17:14:47	1	1	15	0
   108585	2021-09-10 17:16:39	1	1	15	0
   108672	2021-09-10 17:18:47	1	1	15	0
   108515	2021-09-10 17:18:58	1	1	15	0
   108610	2021-09-10 17:19:40	1	1	15	0
   102544	2021-09-10 17:25:53	1	1	15	0
   108591	2021-09-10 17:39:04	1	1	15	0
    10063	2021-09-10 17:54:27	1	1	15	0
    10127	2021-09-10 17:54:36	1	1	15	0
   108674	2021-09-10 17:55:01	1	1	15	0
   102579	2021-09-10 17:55:18	1	1	15	0
   108568	2021-09-10 17:56:05	1	1	15	0
    10149	2021-09-10 17:58:51	1	1	15	0
   108538	2021-09-10 18:00:52	1	1	15	0
   108472	2021-09-10 18:01:01	1	1	15	0
    10129	2021-09-10 18:01:41	1	1	15	0
   108549	2021-09-10 18:47:06	1	1	15	0
   108549	2021-09-10 18:48:10	1	1	15	0
   108666	2021-09-10 18:49:14	1	1	15	0
   108549	2021-09-10 19:00:19	1	1	15	0
    10138	2021-09-10 19:01:30	1	1	15	0
    10348	2021-09-10 19:03:01	1	1	15	0
   108593	2021-09-10 19:12:08	1	1	15	0
   108630	2021-09-10 19:12:12	1	1	15	0
   108663	2021-09-10 19:12:20	1	1	15	0
   108598	2021-09-10 19:12:59	1	1	15	0
   108523	2021-09-10 19:36:29	1	1	15	0
   108662	2021-09-10 21:06:49	1	1	15	0
   108658	2021-09-10 21:07:04	1	1	15	0
