    10214	2021-07-26 02:58:28	1	1	15	0
    10214	2021-07-26 02:58:30	1	1	15	0
    10356	2021-07-26 02:59:25	1	0	15	0
    10214	2021-07-26 02:59:31	1	0	15	0
    10348	2021-07-26 03:09:04	1	0	15	0
    10348	2021-07-26 03:09:07	1	0	15	0
    10456	2021-07-26 06:01:18	1	0	15	0
   101437	2021-07-26 06:20:53	1	0	15	0
   101437	2021-07-26 06:20:56	1	0	15	0
   108654	2021-07-26 06:34:52	1	0	15	0
   102526	2021-07-26 06:35:08	1	0	15	0
   108662	2021-07-26 06:38:50	1	0	15	0
    10159	2021-07-26 06:39:26	1	0	15	0
   108533	2021-07-26 06:46:02	1	0	15	0
    10372	2021-07-26 06:46:40	1	0	15	0
   108630	2021-07-26 06:56:40	1	0	15	0
   108668	2021-07-26 07:08:46	1	0	15	0
   101451	2021-07-26 07:10:51	1	0	15	0
   101451	2021-07-26 07:10:54	1	0	15	0
   108658	2021-07-26 07:12:06	1	0	15	0
   108593	2021-07-26 07:12:54	1	0	15	0
    10278	2021-07-26 07:18:09	1	0	15	0
    10080	2021-07-26 07:21:02	1	0	15	0
   108568	2021-07-26 07:22:41	1	0	15	0
   108523	2021-07-26 07:25:47	1	0	15	0
    10033	2021-07-26 07:27:16	1	0	15	0
   108674	2021-07-26 07:33:16	1	0	15	0
   108672	2021-07-26 07:35:10	1	0	15	0
   108672	2021-07-26 07:35:13	1	0	15	0
   108556	2021-07-26 07:35:43	1	0	15	0
   108538	2021-07-26 07:36:59	1	0	15	0
   108585	2021-07-26 07:38:02	1	0	15	0
   108667	2021-07-26 07:39:20	1	0	15	0
    10284	2021-07-26 07:41:24	1	0	15	0
   108663	2021-07-26 07:42:06	1	0	15	0
   108669	2021-07-26 07:42:52	1	0	15	0
   108613	2021-07-26 07:43:01	1	0	15	0
   108638	2021-07-26 07:43:10	1	0	15	0
    10025	2021-07-26 07:43:47	1	0	15	0
    10065	2021-07-26 07:44:35	1	0	15	0
   108610	2021-07-26 07:44:48	1	0	15	0
   108549	2021-07-26 07:45:51	1	0	15	0
   108579	2021-07-26 07:49:13	1	0	15	0
   108579	2021-07-26 07:49:16	1	0	15	0
   101432	2021-07-26 07:49:47	1	0	15	0
   108469	2021-07-26 07:50:00	1	0	15	0
    10228	2021-07-26 07:51:08	1	0	15	0
    10138	2021-07-26 07:52:50	1	0	15	0
   102542	2021-07-26 07:54:14	1	0	15	0
   108619	2021-07-26 07:55:33	1	0	15	0
    10063	2021-07-26 07:56:21	1	0	15	0
    10149	2021-07-26 07:56:27	1	0	15	0
   108673	2021-07-26 07:56:33	1	0	15	0
   108676	2021-07-26 07:56:44	1	0	15	0
   108671	2021-07-26 07:56:53	1	0	15	0
    10076	2021-07-26 07:56:59	1	0	15	0
    10129	2021-07-26 07:57:05	1	0	15	0
   108591	2021-07-26 07:57:12	1	0	15	0
   108598	2021-07-26 07:57:20	1	0	15	0
    10309	2021-07-26 07:57:29	1	0	15	0
    19980	2021-07-26 07:58:52	1	0	15	0
   108635	2021-07-26 07:58:58	1	0	15	0
    10127	2021-07-26 08:00:25	1	0	15	0
   500001	2021-07-26 08:01:21	1	0	15	0
   108489	2021-07-26 08:05:53	1	0	15	0
   102524	2021-07-26 08:06:00	1	0	15	0
    10032	2021-07-26 08:08:34	1	0	15	0
   108666	2021-07-26 08:09:30	1	0	15	0
   108611	2021-07-26 08:12:41	1	0	15	0
   108515	2021-07-26 08:54:09	1	0	15	0
   102579	2021-07-26 09:19:39	1	0	15	0
    10550	2021-07-26 10:07:37	1	0	15	0
    10356	2021-07-26 13:02:02	1	1	15	0
    10214	2021-07-26 13:02:09	1	1	15	0
    10348	2021-07-26 13:02:17	1	1	15	0
   108669	2021-07-26 13:30:23	1	1	15	0
   108669	2021-07-26 13:30:30	1	1	15	0
   108669	2021-07-26 13:30:32	1	1	15	0
   102526	2021-07-26 16:00:33	1	1	15	0
   108654	2021-07-26 16:00:45	1	1	15	0
    10372	2021-07-26 16:01:00	1	1	15	0
   108533	2021-07-26 16:01:21	1	1	15	0
   101437	2021-07-26 16:01:29	1	1	15	0
   101437	2021-07-26 16:01:32	1	1	15	0
    10456	2021-07-26 16:01:48	1	1	15	0
    10309	2021-07-26 16:02:35	1	1	15	0
    10284	2021-07-26 16:03:00	1	1	15	0
   108549	2021-07-26 16:07:08	1	1	15	0
    10228	2021-07-26 16:07:52	1	1	15	0
   102542	2021-07-26 16:08:01	1	1	15	0
   500001	2021-07-26 16:08:16	1	1	15	0
   108538	2021-07-26 16:10:41	1	1	15	0
    10138	2021-07-26 16:11:17	1	1	15	0
    10278	2021-07-26 16:11:40	1	1	15	0
   108469	2021-07-26 16:16:02	1	1	15	0
   108593	2021-07-26 17:00:06	1	1	15	0
   108613	2021-07-26 17:00:39	1	1	15	0
   108630	2021-07-26 17:00:47	1	1	15	0
    10080	2021-07-26 17:00:57	1	1	15	0
   101451	2021-07-26 17:01:09	1	1	15	0
   101432	2021-07-26 17:01:18	1	1	15	0
   108619	2021-07-26 17:01:25	1	1	15	0
   102524	2021-07-26 17:01:44	1	1	15	0
   108489	2021-07-26 17:01:53	1	1	15	0
   108617	2021-07-26 17:02:16	1	1	15	0
   108579	2021-07-26 17:03:10	1	1	15	0
    10550	2021-07-26 17:03:18	1	1	15	0
    19980	2021-07-26 17:03:41	1	1	15	0
    10033	2021-07-26 17:04:06	1	1	15	0
   108611	2021-07-26 17:04:21	1	1	15	0
   108515	2021-07-26 17:04:39	1	1	15	0
   108515	2021-07-26 17:04:41	1	1	15	0
   108669	2021-07-26 17:05:00	1	1	15	0
   108591	2021-07-26 17:05:21	1	1	15	0
   108667	2021-07-26 17:07:14	1	1	15	0
   108635	2021-07-26 17:07:29	1	1	15	0
   108610	2021-07-26 17:07:49	1	1	15	0
    10065	2021-07-26 17:07:59	1	1	15	0
   108638	2021-07-26 17:08:12	1	1	15	0
    10159	2021-07-26 17:09:32	1	1	15	0
   108556	2021-07-26 17:09:51	1	1	15	0
    10025	2021-07-26 17:10:05	1	1	15	0
   108585	2021-07-26 17:15:50	1	1	15	0
   102579	2021-07-26 17:19:07	1	1	15	0
    10032	2021-07-26 17:31:59	1	1	15	0
   108673	2021-07-26 17:40:12	1	1	15	0
    10063	2021-07-26 17:45:11	1	1	15	0
   108671	2021-07-26 17:45:22	1	1	15	0
   108676	2021-07-26 17:45:31	1	1	15	0
   108676	2021-07-26 17:45:33	1	1	15	0
    10076	2021-07-26 17:47:37	1	1	15	0
   108568	2021-07-26 17:47:59	1	1	15	0
    10149	2021-07-26 17:49:56	1	1	15	0
   108674	2021-07-26 17:52:18	1	1	15	0
   108672	2021-07-26 17:58:38	1	1	15	0
   108668	2021-07-26 18:18:58	1	1	15	0
    10129	2021-07-26 18:46:44	1	1	15	0
   108523	2021-07-26 20:24:02	1	1	15	0
   108666	2021-07-26 20:40:50	1	1	15	0
   108663	2021-07-26 21:06:41	1	1	15	0
   108658	2021-07-26 21:06:50	1	1	15	0
   108598	2021-07-26 21:07:49	1	1	15	0
    10127	2021-07-26 21:40:54	1	1	15	0
   108662	2021-07-26 21:41:04	1	1	15	0
    10348	2021-07-27 02:40:12	1	0	15	0
    10214	2021-07-27 03:02:42	1	0	15	0
    10214	2021-07-27 03:02:45	1	0	15	0
    10356	2021-07-27 03:03:16	1	0	15	0
    10456	2021-07-27 05:45:01	1	0	15	0
   101437	2021-07-27 05:57:36	1	0	15	0
   101437	2021-07-27 05:57:38	1	0	15	0
    10127	2021-07-27 06:09:49	1	0	15	0
   108654	2021-07-27 06:36:48	1	0	15	0
   108617	2021-07-27 06:41:18	1	0	15	0
    10372	2021-07-27 06:41:31	1	0	15	0
   102526	2021-07-27 06:44:37	1	0	15	0
   108533	2021-07-27 06:58:47	1	0	15	0
   108630	2021-07-27 07:06:00	1	0	15	0
   108587	2021-07-27 07:06:29	1	0	15	0
   108668	2021-07-27 07:07:27	1	0	15	0
   108662	2021-07-27 07:10:51	1	0	15	0
   101451	2021-07-27 07:16:32	1	0	15	0
   108593	2021-07-27 07:16:38	1	0	15	0
   108658	2021-07-27 07:18:11	1	0	15	0
    10033	2021-07-27 07:21:16	1	0	15	0
   108674	2021-07-27 07:22:09	1	0	15	0
   108523	2021-07-27 07:22:21	1	0	15	0
    10080	2021-07-27 07:23:11	1	0	15	0
    10278	2021-07-27 07:23:53	1	0	15	0
    10065	2021-07-27 07:24:18	1	0	15	0
    10065	2021-07-27 07:24:21	1	0	15	0
    10065	2021-07-27 07:24:27	1	0	15	0
   108568	2021-07-27 07:26:10	1	0	15	0
   108556	2021-07-27 07:31:42	1	0	15	0
   108610	2021-07-27 07:32:31	1	0	15	0
   108538	2021-07-27 07:33:05	1	0	15	0
   108672	2021-07-27 07:33:15	1	0	15	0
   108472	2021-07-27 07:34:36	1	0	15	0
   108549	2021-07-27 07:35:12	1	0	15	0
   102542	2021-07-27 07:36:34	1	0	15	0
    10138	2021-07-27 07:37:25	1	0	15	0
    10284	2021-07-27 07:38:43	1	0	15	0
   108669	2021-07-27 07:38:56	1	0	15	0
   108673	2021-07-27 07:39:46	1	0	15	0
   108667	2021-07-27 07:41:57	1	0	15	0
   108638	2021-07-27 07:42:29	1	0	15	0
    10221	2021-07-27 07:44:10	1	0	15	0
    10221	2021-07-27 07:44:12	1	0	15	0
   108663	2021-07-27 07:45:58	1	0	15	0
   108579	2021-07-27 07:46:34	1	0	15	0
   101432	2021-07-27 07:46:53	1	0	15	0
   108469	2021-07-27 07:49:11	1	0	15	0
   108635	2021-07-27 07:50:16	1	0	15	0
   108591	2021-07-27 07:50:37	1	0	15	0
   108489	2021-07-27 07:52:35	1	0	15	0
   102524	2021-07-27 07:52:44	1	0	15	0
   108585	2021-07-27 07:53:52	1	0	15	0
    10129	2021-07-27 07:54:04	1	0	15	0
    10309	2021-07-27 07:54:58	1	0	15	0
    10076	2021-07-27 07:55:29	1	0	15	0
    10149	2021-07-27 07:55:36	1	0	15	0
   108676	2021-07-27 07:55:45	1	0	15	0
   108671	2021-07-27 07:56:02	1	0	15	0
   108598	2021-07-27 07:56:46	1	0	15	0
   108619	2021-07-27 07:58:01	1	0	15	0
    10032	2021-07-27 07:58:14	1	0	15	0
    19980	2021-07-27 07:59:26	1	0	15	0
    10025	2021-07-27 08:01:02	1	0	15	0
    10228	2021-07-27 08:03:17	1	0	15	0
   108666	2021-07-27 08:07:11	1	0	15	0
   102579	2021-07-27 08:13:03	1	0	15	0
   108515	2021-07-27 08:14:06	1	0	15	0
   108611	2021-07-27 08:17:43	1	0	15	0
   108613	2021-07-27 08:24:01	1	0	15	0
   108613	2021-07-27 08:24:04	1	0	15	0
   500001	2021-07-27 08:47:32	1	0	15	0
   108613	2021-07-27 12:03:03	1	0	15	0
    10550	2021-07-27 12:28:57	1	0	15	0
    10356	2021-07-27 15:31:56	1	1	15	0
    10214	2021-07-27 15:32:02	1	1	15	0
    10348	2021-07-27 15:32:23	1	1	15	0
    10348	2021-07-27 15:32:25	1	1	15	0
   108654	2021-07-27 16:00:44	1	1	15	0
   108549	2021-07-27 16:01:08	1	1	15	0
    10284	2021-07-27 16:01:19	1	1	15	0
   108472	2021-07-27 16:01:27	1	1	15	0
   108533	2021-07-27 16:01:36	1	1	15	0
   108538	2021-07-27 16:01:44	1	1	15	0
   101437	2021-07-27 16:01:53	1	1	15	0
   108619	2021-07-27 16:03:05	1	1	15	0
    10372	2021-07-27 16:03:17	1	1	15	0
    10278	2021-07-27 16:05:38	1	1	15	0
    10228	2021-07-27 16:06:10	1	1	15	0
    10456	2021-07-27 16:08:01	1	1	15	0
   102542	2021-07-27 16:16:19	1	1	15	0
   108469	2021-07-27 16:22:52	1	1	15	0
    10138	2021-07-27 16:25:56	1	1	15	0
   108593	2021-07-27 17:00:11	1	1	15	0
   108630	2021-07-27 17:01:00	1	1	15	0
    19980	2021-07-27 17:01:09	1	1	15	0
   102526	2021-07-27 17:01:18	1	1	15	0
   102524	2021-07-27 17:01:28	1	1	15	0
    10550	2021-07-27 17:01:36	1	1	15	0
    10550	2021-07-27 17:01:38	1	1	15	0
   101451	2021-07-27 17:01:43	1	1	15	0
   108587	2021-07-27 17:02:00	1	1	15	0
   108489	2021-07-27 17:02:10	1	1	15	0
   108617	2021-07-27 17:02:29	1	1	15	0
    10309	2021-07-27 17:02:39	1	1	15	0
    10080	2021-07-27 17:02:48	1	1	15	0
   108579	2021-07-27 17:03:02	1	1	15	0
   108673	2021-07-27 17:03:09	1	1	15	0
   500001	2021-07-27 17:03:47	1	1	15	0
   108668	2021-07-27 17:03:56	1	1	15	0
    10033	2021-07-27 17:04:15	1	1	15	0
   108611	2021-07-27 17:04:31	1	1	15	0
   108591	2021-07-27 17:05:06	1	1	15	0
   101432	2021-07-27 17:05:55	1	1	15	0
    10025	2021-07-27 17:06:48	1	1	15	0
   108635	2021-07-27 17:07:31	1	1	15	0
   108638	2021-07-27 17:07:39	1	1	15	0
   108667	2021-07-27 17:09:45	1	1	15	0
    10065	2021-07-27 17:11:13	1	1	15	0
   108669	2021-07-27 17:13:59	1	1	15	0
   108556	2021-07-27 17:15:14	1	1	15	0
    10221	2021-07-27 17:22:33	1	1	15	0
    10159	2021-07-27 17:22:41	1	1	15	0
    10032	2021-07-27 17:22:55	1	1	15	0
    10032	2021-07-27 17:22:58	1	1	15	0
   108515	2021-07-27 17:25:03	1	1	15	0
   108585	2021-07-27 17:26:12	1	1	15	0
   108568	2021-07-27 17:39:58	1	1	15	0
   108610	2021-07-27 17:40:48	1	1	15	0
   102579	2021-07-27 17:41:07	1	1	15	0
   108671	2021-07-27 17:41:41	1	1	15	0
   108676	2021-07-27 17:41:50	1	1	15	0
   108676	2021-07-27 17:41:52	1	1	15	0
    10127	2021-07-27 17:41:57	1	1	15	0
    10076	2021-07-27 17:43:17	1	1	15	0
   108674	2021-07-27 17:44:27	1	1	15	0
    10149	2021-07-27 17:48:48	1	1	15	0
   108672	2021-07-27 17:56:53	1	1	15	0
    10129	2021-07-27 18:44:19	1	1	15	0
   108658	2021-07-27 19:03:12	1	1	15	0
   108662	2021-07-27 19:03:24	1	1	15	0
   108523	2021-07-27 19:36:24	1	1	15	0
   108598	2021-07-27 19:36:34	1	1	15	0
   108663	2021-07-27 19:36:42	1	1	15	0
   108666	2021-07-27 20:16:52	1	1	15	0
    10456	2021-07-28 05:33:32	1	0	15	0
   101437	2021-07-28 06:01:34	1	0	15	0
   101437	2021-07-28 06:01:36	1	0	15	0
    10372	2021-07-28 06:28:30	1	0	15	0
   108654	2021-07-28 06:38:28	1	0	15	0
   102526	2021-07-28 06:41:18	1	0	15	0
   108533	2021-07-28 06:51:56	1	0	15	0
   108668	2021-07-28 06:54:21	1	0	15	0
   108587	2021-07-28 07:03:09	1	0	15	0
    10214	2021-07-28 07:06:19	1	0	15	0
    10214	2021-07-28 07:06:22	1	0	15	0
    10356	2021-07-28 07:08:31	1	0	15	0
   108538	2021-07-28 07:10:38	1	0	15	0
   108630	2021-07-28 07:16:16	1	0	15	0
   108523	2021-07-28 07:18:26	1	0	15	0
   108523	2021-07-28 07:18:29	1	0	15	0
   108593	2021-07-28 07:20:18	1	0	15	0
   108662	2021-07-28 07:21:21	1	0	15	0
   108674	2021-07-28 07:24:15	1	0	15	0
    10080	2021-07-28 07:25:22	1	0	15	0
   108658	2021-07-28 07:25:30	1	0	15	0
    10278	2021-07-28 07:26:48	1	0	15	0
   108568	2021-07-28 07:29:53	1	0	15	0
    10065	2021-07-28 07:30:34	1	0	15	0
    10065	2021-07-28 07:30:37	1	0	15	0
    10065	2021-07-28 07:30:46	1	0	15	0
   108669	2021-07-28 07:30:57	1	0	15	0
   108672	2021-07-28 07:31:23	1	0	15	0
   108672	2021-07-28 07:31:25	1	0	15	0
   108472	2021-07-28 07:32:21	1	0	15	0
   108673	2021-07-28 07:34:57	1	0	15	0
   101451	2021-07-28 07:35:54	1	0	15	0
    10025	2021-07-28 07:37:39	1	0	15	0
    10033	2021-07-28 07:38:29	1	0	15	0
   108556	2021-07-28 07:39:10	1	0	15	0
   108549	2021-07-28 07:39:24	1	0	15	0
   108667	2021-07-28 07:40:32	1	0	15	0
    10138	2021-07-28 07:41:03	1	0	15	0
   108638	2021-07-28 07:42:00	1	0	15	0
   102524	2021-07-28 07:42:15	1	0	15	0
   108489	2021-07-28 07:42:46	1	0	15	0
   108469	2021-07-28 07:42:54	1	0	15	0
    10159	2021-07-28 07:43:54	1	0	15	0
   108610	2021-07-28 07:44:51	1	0	15	0
    10228	2021-07-28 07:48:34	1	0	15	0
    19980	2021-07-28 07:48:46	1	0	15	0
    10550	2021-07-28 07:50:09	1	0	15	0
   108579	2021-07-28 07:50:21	1	0	15	0
    10284	2021-07-28 07:52:07	1	0	15	0
   108663	2021-07-28 07:52:20	1	0	15	0
   102542	2021-07-28 07:53:05	1	0	15	0
    10129	2021-07-28 07:53:15	1	0	15	0
   108591	2021-07-28 07:53:41	1	0	15	0
   108619	2021-07-28 07:55:59	1	0	15	0
    10221	2021-07-28 07:57:13	1	0	15	0
   108635	2021-07-28 07:57:25	1	0	15	0
   108585	2021-07-28 07:58:00	1	0	15	0
   108598	2021-07-28 07:59:47	1	0	15	0
    10032	2021-07-28 08:00:47	1	0	15	0
    10032	2021-07-28 08:00:49	1	0	15	0
    10309	2021-07-28 08:02:06	1	0	15	0
    10348	2021-07-28 08:03:06	1	0	15	0
   108666	2021-07-28 08:04:05	1	0	15	0
   108515	2021-07-28 08:04:30	1	0	15	0
   500001	2021-07-28 08:05:32	1	0	15	0
    10063	2021-07-28 08:07:28	1	0	15	0
    10149	2021-07-28 08:07:34	1	0	15	0
   108676	2021-07-28 08:07:41	1	0	15	0
    10127	2021-07-28 08:07:47	1	0	15	0
   108671	2021-07-28 08:08:07	1	0	15	0
    10076	2021-07-28 08:08:16	1	0	15	0
    10458	2021-07-28 08:12:57	1	0	15	0
   108611	2021-07-28 08:21:34	1	0	15	0
   102579	2021-07-28 08:29:03	1	0	15	0
   102544	2021-07-28 08:48:31	1	0	15	0
   108630	2021-07-28 16:01:10	1	0	15	0
    10284	2021-07-28 16:01:18	1	0	15	0
   108654	2021-07-28 16:01:28	1	1	15	0
   101437	2021-07-28 16:01:40	1	1	15	0
   108533	2021-07-28 16:01:48	1	1	15	0
   108593	2021-07-28 16:02:03	1	1	15	0
   102526	2021-07-28 16:02:55	1	1	15	0
    10309	2021-07-28 16:03:12	1	1	15	0
   108472	2021-07-28 16:04:00	1	1	15	0
    10372	2021-07-28 16:04:35	1	1	15	0
   108538	2021-07-28 16:05:17	1	1	15	0
    10228	2021-07-28 16:07:16	1	1	15	0
   102542	2021-07-28 16:09:39	1	1	15	0
   108549	2021-07-28 16:33:14	1	1	15	0
    10138	2021-07-28 16:36:09	1	1	15	0
   108469	2021-07-28 16:37:20	1	1	15	0
   108619	2021-07-28 17:02:13	1	1	15	0
    10458	2021-07-28 17:02:25	1	1	15	0
   101451	2021-07-28 17:02:31	1	1	15	0
   101451	2021-07-28 17:02:34	1	1	15	0
    10080	2021-07-28 17:02:41	1	1	15	0
    10080	2021-07-28 17:02:44	1	1	15	0
    19980	2021-07-28 17:03:01	1	1	15	0
   102524	2021-07-28 17:03:13	1	1	15	0
   500001	2021-07-28 17:03:20	1	1	15	0
   108668	2021-07-28 17:03:30	1	1	15	0
   108579	2021-07-28 17:03:39	1	1	15	0
   108667	2021-07-28 17:03:47	1	1	15	0
   108489	2021-07-28 17:04:14	1	1	15	0
   108556	2021-07-28 17:04:22	1	1	15	0
    10065	2021-07-28 17:04:33	1	1	15	0
    10033	2021-07-28 17:04:39	1	1	15	0
    10550	2021-07-28 17:04:47	1	1	15	0
   108669	2021-07-28 17:04:57	1	1	15	0
   108638	2021-07-28 17:05:06	1	1	15	0
   108611	2021-07-28 17:05:21	1	1	15	0
   108591	2021-07-28 17:05:32	1	1	15	0
    10221	2021-07-28 17:05:42	1	1	15	0
    10025	2021-07-28 17:05:56	1	1	15	0
    10159	2021-07-28 17:06:07	1	1	15	0
   108674	2021-07-28 17:06:55	1	1	15	0
   108568	2021-07-28 17:07:37	1	1	15	0
   108635	2021-07-28 17:07:57	1	1	15	0
   108515	2021-07-28 17:08:29	1	1	15	0
   108587	2021-07-28 17:08:39	1	1	15	0
   108587	2021-07-28 17:08:41	1	1	15	0
   108673	2021-07-28 17:12:32	1	1	15	0
    10032	2021-07-28 17:19:12	1	1	15	0
   108585	2021-07-28 17:23:11	1	1	15	0
   102579	2021-07-28 17:39:16	1	1	15	0
   108676	2021-07-28 17:39:26	1	1	15	0
   108671	2021-07-28 17:39:35	1	1	15	0
    10127	2021-07-28 17:39:55	1	1	15	0
    10063	2021-07-28 17:40:05	1	1	15	0
    10076	2021-07-28 17:41:23	1	1	15	0
   108672	2021-07-28 17:42:47	1	1	15	0
    10149	2021-07-28 17:44:28	1	1	15	0
   102544	2021-07-28 17:51:01	1	1	15	0
    10129	2021-07-28 18:36:02	1	1	15	0
    10278	2021-07-28 19:35:17	1	1	15	0
    10456	2021-07-28 19:35:23	1	1	15	0
   108523	2021-07-28 19:59:46	1	1	15	0
   108662	2021-07-28 19:59:54	1	1	15	0
   108662	2021-07-28 19:59:57	1	1	15	0
   108658	2021-07-28 20:00:31	1	1	15	0
   108610	2021-07-28 20:36:40	1	1	15	0
   108663	2021-07-28 20:36:46	1	1	15	0
   108598	2021-07-28 20:37:02	1	1	15	0
   108666	2021-07-28 21:07:36	1	1	15	0
    10456	2021-07-29 05:42:04	1	0	15	0
   101437	2021-07-29 06:27:05	1	0	15	0
    10278	2021-07-29 06:28:14	1	0	15	0
    10372	2021-07-29 06:41:03	1	0	15	0
   102526	2021-07-29 06:41:37	1	0	15	0
   108654	2021-07-29 06:43:43	1	0	15	0
   108617	2021-07-29 06:47:20	1	0	15	0
   108587	2021-07-29 06:50:21	1	0	15	0
   108668	2021-07-29 06:59:44	1	0	15	0
   108533	2021-07-29 07:08:05	1	0	15	0
   101451	2021-07-29 07:13:23	1	0	15	0
   108658	2021-07-29 07:14:36	1	0	15	0
   108556	2021-07-29 07:15:18	1	0	15	0
    10080	2021-07-29 07:18:50	1	0	15	0
    10356	2021-07-29 07:20:52	1	0	15	0
   108523	2021-07-29 07:24:26	1	0	15	0
   108568	2021-07-29 07:25:31	1	0	15	0
    10065	2021-07-29 07:30:48	1	0	15	0
   108613	2021-07-29 07:32:28	1	0	15	0
   108673	2021-07-29 07:33:00	1	0	15	0
   108538	2021-07-29 07:34:14	1	0	15	0
    10033	2021-07-29 07:35:05	1	0	15	0
   108472	2021-07-29 07:35:46	1	0	15	0
   108472	2021-07-29 07:35:48	1	0	15	0
   108662	2021-07-29 07:37:01	1	0	15	0
    10032	2021-07-29 07:39:26	1	0	15	0
    10032	2021-07-29 07:39:28	1	0	15	0
   108669	2021-07-29 07:40:36	1	0	15	0
    10159	2021-07-29 07:40:45	1	0	15	0
   108585	2021-07-29 07:41:59	1	0	15	0
   108549	2021-07-29 07:42:48	1	0	15	0
   108638	2021-07-29 07:43:17	1	0	15	0
   108667	2021-07-29 07:43:27	1	0	15	0
   108672	2021-07-29 07:45:08	1	0	15	0
   108674	2021-07-29 07:46:41	1	0	15	0
   108635	2021-07-29 07:49:55	1	0	15	0
    10228	2021-07-29 07:50:04	1	0	15	0
   108579	2021-07-29 07:51:33	1	0	15	0
   108489	2021-07-29 07:52:03	1	0	15	0
   102524	2021-07-29 07:52:19	1	0	15	0
    10129	2021-07-29 07:52:36	1	0	15	0
   108663	2021-07-29 07:53:21	1	0	15	0
    10284	2021-07-29 07:53:29	1	0	15	0
   102542	2021-07-29 07:54:03	1	0	15	0
   108610	2021-07-29 07:54:14	1	0	15	0
   108610	2021-07-29 07:54:17	1	0	15	0
    10309	2021-07-29 07:55:37	1	0	15	0
    19980	2021-07-29 07:57:22	1	0	15	0
    10063	2021-07-29 07:59:17	1	0	15	0
    10149	2021-07-29 07:59:27	1	0	15	0
    10127	2021-07-29 07:59:33	1	0	15	0
   108676	2021-07-29 07:59:39	1	0	15	0
   108671	2021-07-29 07:59:44	1	0	15	0
    10076	2021-07-29 07:59:58	1	0	15	0
    10221	2021-07-29 08:00:07	1	0	15	0
    10025	2021-07-29 08:00:20	1	0	15	0
   108619	2021-07-29 08:01:06	1	0	15	0
   108666	2021-07-29 08:01:13	1	0	15	0
   500001	2021-07-29 08:02:02	1	0	15	0
   108598	2021-07-29 08:02:31	1	0	15	0
   108515	2021-07-29 08:05:33	1	0	15	0
   108515	2021-07-29 08:05:35	1	0	15	0
   102544	2021-07-29 08:08:17	1	0	15	0
   108591	2021-07-29 08:08:54	1	0	15	0
   108591	2021-07-29 08:08:57	1	0	15	0
   108469	2021-07-29 08:14:02	1	0	15	0
   108611	2021-07-29 08:16:00	1	0	15	0
    10458	2021-07-29 08:33:37	1	0	15	0
   102579	2021-07-29 08:36:41	1	0	15	0
    10550	2021-07-29 08:40:50	1	0	15	0
    10456	2021-07-29 15:04:54	1	1	15	0
    10278	2021-07-29 15:06:41	1	1	15	0
   108654	2021-07-29 16:01:00	1	1	15	0
   101437	2021-07-29 16:01:15	1	1	15	0
   101451	2021-07-29 16:01:23	1	1	15	0
   108533	2021-07-29 16:01:52	1	1	15	0
    10356	2021-07-29 16:02:28	1	1	15	0
    10372	2021-07-29 16:02:43	1	1	15	0
    10284	2021-07-29 16:02:52	1	1	15	0
    10214	2021-07-29 16:03:02	1	1	15	0
    10214	2021-07-29 16:03:04	1	1	15	0
   108538	2021-07-29 16:05:34	1	1	15	0
   108587	2021-07-29 16:06:39	1	1	15	0
   108587	2021-07-29 16:06:42	1	1	15	0
    10228	2021-07-29 16:08:14	1	1	15	0
    10348	2021-07-29 16:17:38	1	1	15	0
   108549	2021-07-29 17:00:39	1	1	15	0
   108619	2021-07-29 17:01:08	1	1	15	0
   108613	2021-07-29 17:01:33	1	1	15	0
    10458	2021-07-29 17:01:47	1	1	15	0
   108617	2021-07-29 17:01:59	1	1	15	0
   108489	2021-07-29 17:02:18	1	1	15	0
    10080	2021-07-29 17:02:34	1	1	15	0
   102524	2021-07-29 17:02:46	1	1	15	0
    10159	2021-07-29 17:02:57	1	1	15	0
   108591	2021-07-29 17:03:03	1	1	15	0
   108579	2021-07-29 17:04:01	1	1	15	0
   108638	2021-07-29 17:04:17	1	1	15	0
   108635	2021-07-29 17:04:25	1	1	15	0
    10065	2021-07-29 17:04:34	1	1	15	0
   108556	2021-07-29 17:04:45	1	1	15	0
   108469	2021-07-29 17:05:01	1	1	15	0
    10550	2021-07-29 17:05:05	1	1	15	0
    10033	2021-07-29 17:05:29	1	1	15	0
   108669	2021-07-29 17:05:41	1	1	15	0
   108667	2021-07-29 17:06:03	1	1	15	0
    19980	2021-07-29 17:06:15	1	1	15	0
   108668	2021-07-29 17:07:01	1	1	15	0
   108523	2021-07-29 17:07:33	1	1	15	0
   500001	2021-07-29 17:07:52	1	1	15	0
    10221	2021-07-29 17:08:52	1	1	15	0
   108611	2021-07-29 17:09:08	1	1	15	0
    10025	2021-07-29 17:09:41	1	1	15	0
   108674	2021-07-29 17:10:56	1	1	15	0
    10149	2021-07-29 17:11:05	1	1	15	0
   108568	2021-07-29 17:11:25	1	1	15	0
    10063	2021-07-29 17:11:39	1	1	15	0
   108671	2021-07-29 17:12:50	1	1	15	0
    10076	2021-07-29 17:12:59	1	1	15	0
   108676	2021-07-29 17:13:05	1	1	15	0
   108673	2021-07-29 17:13:14	1	1	15	0
   102542	2021-07-29 17:31:11	1	1	15	0
    10032	2021-07-29 17:33:50	1	1	15	0
   108515	2021-07-29 17:34:30	1	1	15	0
   108585	2021-07-29 17:36:57	1	1	15	0
   102579	2021-07-29 17:43:57	1	1	15	0
   108672	2021-07-29 17:57:50	1	1	15	0
   102544	2021-07-29 18:27:06	1	1	15	0
    10129	2021-07-29 18:30:27	1	1	15	0
   108610	2021-07-29 19:09:23	1	1	15	0
   108598	2021-07-29 21:03:34	1	1	15	0
   108663	2021-07-29 21:03:41	1	1	15	0
   108658	2021-07-29 21:03:51	1	1	15	0
    10127	2021-07-29 21:03:58	1	1	15	0
   108662	2021-07-29 21:04:50	1	1	15	0
   108666	2021-07-29 21:15:50	1	1	15	0
   102526	2021-07-29 23:00:05	1	1	15	0
    10309	2021-07-29 23:00:26	1	1	15	0
    10456	2021-07-30 05:58:13	1	0	15	0
   101437	2021-07-30 06:07:36	1	0	15	0
   108549	2021-07-30 06:17:20	1	0	15	0
   102526	2021-07-30 06:23:35	1	0	15	0
   102526	2021-07-30 06:23:38	1	0	15	0
   108662	2021-07-30 06:35:31	1	0	15	0
    10372	2021-07-30 06:37:22	1	0	15	0
    10372	2021-07-30 06:37:25	1	0	15	0
   108593	2021-07-30 06:38:53	1	0	15	0
   108654	2021-07-30 06:42:28	1	0	15	0
   108587	2021-07-30 06:43:33	1	0	15	0
   108617	2021-07-30 06:48:25	1	0	15	0
   108630	2021-07-30 06:57:07	1	0	15	0
   108469	2021-07-30 06:59:38	1	0	15	0
   108533	2021-07-30 07:02:00	1	0	15	0
    10214	2021-07-30 07:07:47	1	0	15	0
    10214	2021-07-30 07:07:50	1	0	15	0
    10356	2021-07-30 07:08:32	1	0	15	0
   108668	2021-07-30 07:12:26	1	0	15	0
    10127	2021-07-30 07:17:55	1	0	15	0
    10278	2021-07-30 07:18:29	1	0	15	0
   108538	2021-07-30 07:23:42	1	0	15	0
   108658	2021-07-30 07:25:28	1	0	15	0
   108556	2021-07-30 07:26:17	1	0	15	0
   108585	2021-07-30 07:27:41	1	0	15	0
   108667	2021-07-30 07:27:54	1	0	15	0
   108472	2021-07-30 07:28:35	1	0	15	0
   108673	2021-07-30 07:32:26	1	0	15	0
   108568	2021-07-30 07:32:53	1	0	15	0
    10065	2021-07-30 07:33:17	1	0	15	0
   108674	2021-07-30 07:33:52	1	0	15	0
    10033	2021-07-30 07:33:59	1	0	15	0
    10033	2021-07-30 07:34:08	1	0	15	0
    10033	2021-07-30 07:34:10	1	0	15	0
    10080	2021-07-30 07:35:32	1	0	15	0
   108610	2021-07-30 07:37:09	1	0	15	0
   108669	2021-07-30 07:38:32	1	0	15	0
    10348	2021-07-30 07:38:58	1	0	15	0
   108638	2021-07-30 07:41:08	1	0	15	0
    10159	2021-07-30 07:44:20	1	0	15	0
   108672	2021-07-30 07:44:50	1	0	15	0
    10025	2021-07-30 07:46:22	1	0	15	0
    10221	2021-07-30 07:47:11	1	0	15	0
   102542	2021-07-30 07:47:28	1	0	15	0
   108663	2021-07-30 07:48:08	1	0	15	0
    10032	2021-07-30 07:49:29	1	0	15	0
    10284	2021-07-30 07:51:38	1	0	15	0
    10129	2021-07-30 07:53:06	1	0	15	0
   108635	2021-07-30 07:54:12	1	0	15	0
    19980	2021-07-30 07:54:22	1	0	15	0
   108591	2021-07-30 07:54:59	1	0	15	0
    10309	2021-07-30 07:55:29	1	0	15	0
    10228	2021-07-30 07:57:10	1	0	15	0
   108666	2021-07-30 07:57:49	1	0	15	0
   108619	2021-07-30 07:58:08	1	0	15	0
   108489	2021-07-30 07:59:07	1	0	15	0
   102524	2021-07-30 07:59:18	1	0	15	0
   102544	2021-07-30 08:00:14	1	0	15	0
    10063	2021-07-30 08:00:39	1	0	15	0
    10149	2021-07-30 08:00:50	1	0	15	0
   108676	2021-07-30 08:01:04	1	0	15	0
   108671	2021-07-30 08:01:09	1	0	15	0
    10076	2021-07-30 08:01:20	1	0	15	0
   108598	2021-07-30 08:04:01	1	0	15	0
   108515	2021-07-30 08:04:07	1	0	15	0
   108613	2021-07-30 08:06:26	1	0	15	0
   108611	2021-07-30 08:09:01	1	0	15	0
   102579	2021-07-30 08:24:07	1	0	15	0
    10550	2021-07-30 08:32:20	1	0	15	0
   108579	2021-07-30 09:06:22	1	0	15	0
   108549	2021-07-30 15:06:55	1	0	15	0
   108549	2021-07-30 15:07:19	1	1	15	0
   102526	2021-07-30 16:00:33	1	1	15	0
   108593	2021-07-30 16:00:44	1	1	15	0
   108654	2021-07-30 16:00:50	1	1	15	0
   108533	2021-07-30 16:01:19	1	1	15	0
   101437	2021-07-30 16:01:44	1	1	15	0
    10372	2021-07-30 16:01:53	1	1	15	0
    10372	2021-07-30 16:01:55	1	1	15	0
   108587	2021-07-30 16:02:04	1	1	15	0
    10228	2021-07-30 16:02:35	1	1	15	0
    10284	2021-07-30 16:02:58	1	1	15	0
   108472	2021-07-30 16:03:11	1	1	15	0
    10309	2021-07-30 16:03:18	1	1	15	0
   108538	2021-07-30 16:03:47	1	1	15	0
    10456	2021-07-30 16:20:53	1	1	15	0
    10278	2021-07-30 16:23:27	1	1	15	0
    10356	2021-07-30 16:31:31	1	1	15	0
    10214	2021-07-30 16:31:37	1	1	15	0
    10214	2021-07-30 16:31:39	1	1	15	0
   102542	2021-07-30 16:33:30	1	1	15	0
   108630	2021-07-30 17:01:24	1	1	15	0
   108613	2021-07-30 17:01:32	1	1	15	0
    10080	2021-07-30 17:01:40	1	1	15	0
    10550	2021-07-30 17:01:48	1	1	15	0
   108591	2021-07-30 17:01:56	1	1	15	0
   108619	2021-07-30 17:02:05	1	1	15	0
   108668	2021-07-30 17:02:28	1	1	15	0
    10159	2021-07-30 17:02:37	1	1	15	0
    10458	2021-07-30 17:02:50	1	1	15	0
    19980	2021-07-30 17:03:09	1	1	15	0
    19980	2021-07-30 17:03:11	1	1	15	0
   108617	2021-07-30 17:03:28	1	1	15	0
   108489	2021-07-30 17:03:41	1	1	15	0
    10348	2021-07-30 17:04:25	1	1	15	0
    10025	2021-07-30 17:04:36	1	1	15	0
   108611	2021-07-30 17:05:06	1	1	15	0
   108635	2021-07-30 17:05:16	1	1	15	0
   108638	2021-07-30 17:06:09	1	1	15	0
   108579	2021-07-30 17:06:36	1	1	15	0
   102524	2021-07-30 17:06:47	1	1	15	0
   108673	2021-07-30 17:07:20	1	1	15	0
   108676	2021-07-30 17:07:35	1	1	15	0
   108585	2021-07-30 17:07:49	1	1	15	0
   108667	2021-07-30 17:08:45	1	1	15	0
    10127	2021-07-30 17:08:54	1	1	15	0
   108671	2021-07-30 17:09:06	1	1	15	0
   108658	2021-07-30 17:09:44	1	1	15	0
   108662	2021-07-30 17:09:49	1	1	15	0
   108610	2021-07-30 17:13:27	1	1	15	0
   108610	2021-07-30 17:13:29	1	1	15	0
    10065	2021-07-30 17:15:26	1	1	15	0
    10033	2021-07-30 17:17:42	1	1	15	0
    10033	2021-07-30 17:17:45	1	1	15	0
    10033	2021-07-30 17:17:47	1	1	15	0
   108669	2021-07-30 17:20:07	1	1	15	0
   102579	2021-07-30 17:21:33	1	1	15	0
   108556	2021-07-30 17:23:00	1	1	15	0
    10221	2021-07-30 17:23:33	1	1	15	0
    10032	2021-07-30 17:25:56	1	1	15	0
    10063	2021-07-30 17:31:21	1	1	15	0
   108515	2021-07-30 17:43:26	1	1	15	0
    10076	2021-07-30 17:51:17	1	1	15	0
   108672	2021-07-30 17:51:32	1	1	15	0
   108568	2021-07-30 17:52:50	1	1	15	0
   108674	2021-07-30 17:53:37	1	1	15	0
    10149	2021-07-30 17:57:01	1	1	15	0
    10129	2021-07-30 18:43:42	1	1	15	0
   108663	2021-07-30 18:51:50	1	1	15	0
   108666	2021-07-30 21:20:00	1	1	15	0
    10456	2021-07-31 05:45:28	1	0	15	0
   101437	2021-07-31 06:01:51	1	0	15	0
   108630	2021-07-31 06:20:36	1	0	15	0
    10127	2021-07-31 06:29:43	1	0	15	0
    10372	2021-07-31 06:36:30	1	0	15	0
    10372	2021-07-31 06:36:33	1	0	15	0
   102526	2021-07-31 06:42:29	1	0	15	0
   108654	2021-07-31 06:44:02	1	0	15	0
   108593	2021-07-31 06:54:47	1	0	15	0
   108587	2021-07-31 07:07:24	1	0	15	0
   108533	2021-07-31 07:14:51	1	0	15	0
   108662	2021-07-31 07:15:56	1	0	15	0
   102542	2021-07-31 07:19:36	1	0	15	0
   108668	2021-07-31 07:20:32	1	0	15	0
   108472	2021-07-31 07:25:56	1	0	15	0
   108669	2021-07-31 07:30:05	1	0	15	0
   108549	2021-07-31 07:31:37	1	0	15	0
   108658	2021-07-31 07:31:57	1	0	15	0
   108568	2021-07-31 07:32:41	1	0	15	0
   108610	2021-07-31 07:34:18	1	0	15	0
   108667	2021-07-31 07:35:03	1	0	15	0
   108671	2021-07-31 07:35:09	1	0	15	0
   108673	2021-07-31 07:35:21	1	0	15	0
   108591	2021-07-31 07:37:06	1	0	15	0
    10278	2021-07-31 07:39:51	1	0	15	0
   108538	2021-07-31 07:40:06	1	0	15	0
   108469	2021-07-31 07:42:04	1	0	15	0
   108598	2021-07-31 07:43:03	1	0	15	0
    10033	2021-07-31 07:45:27	1	0	15	0
   108613	2021-07-31 07:48:31	1	0	15	0
   108663	2021-07-31 07:48:40	1	0	15	0
    10348	2021-07-31 07:51:57	1	0	15	0
    10032	2021-07-31 07:55:08	1	0	15	0
    10129	2021-07-31 07:56:25	1	0	15	0
    10309	2021-07-31 07:58:22	1	0	15	0
    10138	2021-07-31 08:05:06	1	0	15	0
   108666	2021-07-31 08:08:07	1	0	15	0
   108672	2021-07-31 08:08:50	1	0	15	0
    10076	2021-07-31 08:18:57	1	0	15	0
   102579	2021-07-31 11:32:10	1	0	15	0
   108593	2021-07-31 12:00:07	1	1	15	0
   108668	2021-07-31 12:03:22	1	1	15	0
    10309	2021-07-31 12:05:05	1	1	15	0
   102526	2021-07-31 12:05:17	1	1	15	0
   108587	2021-07-31 12:05:31	1	1	15	0
    10127	2021-07-31 12:28:56	1	1	15	0
    10127	2021-07-31 12:57:22	1	1	15	0
   108669	2021-07-31 13:14:25	1	1	15	0
   108630	2021-07-31 15:00:07	1	1	15	0
   108549	2021-07-31 16:01:50	1	1	15	0
   108549	2021-07-31 16:01:52	1	1	15	0
   108613	2021-07-31 16:03:55	1	1	15	0
   108613	2021-07-31 16:03:57	1	1	15	0
   101437	2021-07-31 16:04:19	1	1	15	0
   108533	2021-07-31 16:04:30	1	1	15	0
   108654	2021-07-31 16:04:52	1	1	15	0
    10372	2021-07-31 16:05:08	1	1	15	0
   108469	2021-07-31 16:05:36	1	1	15	0
   108472	2021-07-31 16:06:35	1	1	15	0
    10138	2021-07-31 16:06:53	1	1	15	0
    10032	2021-07-31 16:08:32	1	1	15	0
    10032	2021-07-31 16:08:34	1	1	15	0
    10033	2021-07-31 16:08:39	1	1	15	0
   108538	2021-07-31 16:08:49	1	1	15	0
   102542	2021-07-31 16:09:37	1	1	15	0
   108673	2021-07-31 17:04:29	1	1	15	0
   108671	2021-07-31 17:04:40	1	1	15	0
   108667	2021-07-31 17:04:53	1	1	15	0
    10076	2021-07-31 17:05:08	1	1	15	0
   108591	2021-07-31 17:05:19	1	1	15	0
    10127	2021-07-31 17:05:46	1	1	15	0
   102579	2021-07-31 17:18:02	1	1	15	0
   108598	2021-07-31 17:47:18	1	1	15	0
   108663	2021-07-31 17:53:30	1	1	15	0
   108610	2021-07-31 17:53:37	1	1	15	0
   108672	2021-07-31 17:56:37	1	1	15	0
   108672	2021-07-31 17:56:39	1	1	15	0
    10129	2021-07-31 18:06:05	1	1	15	0
   108662	2021-07-31 18:29:41	1	1	15	0
   108658	2021-07-31 18:29:48	1	1	15	0
   108666	2021-07-31 19:00:07	1	1	15	0
    10456	2021-07-31 19:20:32	1	1	15	0
    10278	2021-07-31 19:25:08	1	1	15	0
   101437	2021-08-01 06:00:24	1	0	15	0
    10372	2021-08-01 06:32:34	1	0	15	0
    10033	2021-08-01 07:09:08	1	0	15	0
   108472	2021-08-01 07:30:58	1	0	15	0
   108538	2021-08-01 07:33:46	1	0	15	0
   108538	2021-08-01 15:00:30	1	1	15	0
   108538	2021-08-01 15:00:31	1	1	15	0
   108472	2021-08-01 15:00:47	1	1	15	0
   101437	2021-08-01 15:00:57	1	1	15	0
    10033	2021-08-01 15:01:19	1	1	15	0
    10372	2021-08-01 15:01:30	1	1	15	0
   101437	2021-08-02 06:02:10	1	1	15	0
   101437	2021-08-02 06:02:52	1	0	15	0
   101437	2021-08-02 06:02:55	1	0	15	0
   102526	2021-08-02 06:18:51	1	0	15	0
    10456	2021-08-02 06:19:41	1	0	15	0
    10278	2021-08-02 06:28:32	1	0	15	0
   108617	2021-08-02 06:39:51	1	0	15	0
   108630	2021-08-02 06:40:31	1	0	15	0
   108654	2021-08-02 06:44:56	1	0	15	0
   108662	2021-08-02 06:46:11	1	0	15	0
    10372	2021-08-02 06:50:49	1	0	15	0
   108668	2021-08-02 06:57:02	1	0	15	0
   108587	2021-08-02 06:57:16	1	0	15	0
   108587	2021-08-02 06:57:18	1	0	15	0
    10065	2021-08-02 07:00:30	1	0	15	0
   108533	2021-08-02 07:00:58	1	0	15	0
   101451	2021-08-02 07:08:34	1	0	15	0
   108593	2021-08-02 07:11:27	1	0	15	0
   108472	2021-08-02 07:19:26	1	0	15	0
   108556	2021-08-02 07:23:22	1	0	15	0
    10080	2021-08-02 07:25:30	1	0	15	0
   108674	2021-08-02 07:26:31	1	0	15	0
   108568	2021-08-02 07:27:21	1	0	15	0
   108658	2021-08-02 07:31:12	1	0	15	0
    10033	2021-08-02 07:31:23	1	0	15	0
    10356	2021-08-02 07:32:34	1	0	15	0
   108669	2021-08-02 07:34:23	1	0	15	0
   108638	2021-08-02 07:36:32	1	0	15	0
    10214	2021-08-02 07:36:40	1	0	15	0
    10214	2021-08-02 07:36:43	1	0	15	0
   108538	2021-08-02 07:38:25	1	0	15	0
   108585	2021-08-02 07:38:56	1	0	15	0
    10025	2021-08-02 07:40:20	1	0	15	0
    10284	2021-08-02 07:40:47	1	0	15	0
    10159	2021-08-02 07:45:45	1	0	15	0
   108549	2021-08-02 07:47:06	1	0	15	0
   102542	2021-08-02 07:48:57	1	0	15	0
   108667	2021-08-02 07:49:57	1	0	15	0
    10309	2021-08-02 07:53:15	1	0	15	0
   108672	2021-08-02 07:53:34	1	0	15	0
    10458	2021-08-02 07:54:04	1	0	15	0
    10129	2021-08-02 07:56:28	1	0	15	0
    19980	2021-08-02 07:56:44	1	0	15	0
    10063	2021-08-02 07:57:09	1	0	15	0
    10149	2021-08-02 07:57:18	1	0	15	0
   108610	2021-08-02 07:57:24	1	0	15	0
   108676	2021-08-02 07:57:32	1	0	15	0
   108673	2021-08-02 07:57:38	1	0	15	0
    10076	2021-08-02 07:57:43	1	0	15	0
   108671	2021-08-02 07:57:49	1	0	15	0
   108523	2021-08-02 07:57:54	1	0	15	0
   108619	2021-08-02 07:58:20	1	0	15	0
    10348	2021-08-02 07:58:40	1	0	15	0
   108579	2021-08-02 07:59:12	1	0	15	0
    10221	2021-08-02 07:59:53	1	0	15	0
    10032	2021-08-02 08:00:23	1	0	15	0
   108666	2021-08-02 08:00:34	1	0	15	0
   108489	2021-08-02 08:00:59	1	0	15	0
   102524	2021-08-02 08:01:31	1	0	15	0
   108613	2021-08-02 08:03:12	1	0	15	0
   108663	2021-08-02 08:07:19	1	0	15	0
    10138	2021-08-02 08:10:20	1	0	15	0
   500001	2021-08-02 08:10:35	1	0	15	0
   108515	2021-08-02 08:19:20	1	0	15	0
   102544	2021-08-02 08:22:22	1	0	15	0
   108611	2021-08-02 08:22:51	1	0	15	0
   108598	2021-08-02 08:24:30	1	0	15	0
   108591	2021-08-02 08:42:48	1	0	15	0
   102579	2021-08-02 09:16:17	1	0	15	0
    10063	2021-08-02 11:04:01	1	0	15	0
   108672	2021-08-02 12:03:42	1	0	15	0
   108538	2021-08-02 16:02:43	1	1	15	0
    10356	2021-08-02 16:03:01	1	1	15	0
   108533	2021-08-02 16:03:09	1	1	15	0
    10214	2021-08-02 16:03:17	1	1	15	0
   101437	2021-08-02 16:03:39	1	1	15	0
    10284	2021-08-02 16:05:54	1	1	15	0
   108472	2021-08-02 16:06:25	1	1	15	0
   108549	2021-08-02 16:06:45	1	1	15	0
   102542	2021-08-02 16:08:05	1	1	15	0
    10372	2021-08-02 16:08:54	1	1	15	0
    10138	2021-08-02 16:10:28	1	1	15	0
   108654	2021-08-02 16:10:38	1	1	15	0
    10348	2021-08-02 16:26:31	1	1	15	0
   108630	2021-08-02 17:00:18	1	1	15	0
   108613	2021-08-02 17:00:45	1	1	15	0
   108593	2021-08-02 17:00:55	1	1	15	0
   108619	2021-08-02 17:01:22	1	1	15	0
    10025	2021-08-02 17:01:32	1	1	15	0
   101451	2021-08-02 17:01:50	1	1	15	0
   102526	2021-08-02 17:01:58	1	1	15	0
   108668	2021-08-02 17:02:11	1	1	15	0
    10458	2021-08-02 17:02:24	1	1	15	0
   108617	2021-08-02 17:02:34	1	1	15	0
    10309	2021-08-02 17:02:57	1	1	15	0
    19980	2021-08-02 17:03:19	1	1	15	0
   108489	2021-08-02 17:03:49	1	1	15	0
    10080	2021-08-02 17:04:01	1	1	15	0
   108579	2021-08-02 17:04:11	1	1	15	0
   108667	2021-08-02 17:04:21	1	1	15	0
   108591	2021-08-02 17:04:37	1	1	15	0
   108587	2021-08-02 17:04:45	1	1	15	0
   108587	2021-08-02 17:04:47	1	1	15	0
   108638	2021-08-02 17:04:58	1	1	15	0
   500001	2021-08-02 17:08:28	1	1	15	0
   102524	2021-08-02 17:08:55	1	1	15	0
   108669	2021-08-02 17:11:55	1	1	15	0
   108673	2021-08-02 17:12:11	1	1	15	0
   108673	2021-08-02 17:12:14	1	1	15	0
   108556	2021-08-02 17:13:56	1	1	15	0
    10033	2021-08-02 17:18:46	1	1	15	0
    10065	2021-08-02 17:22:17	1	1	15	0
    10065	2021-08-02 17:22:20	1	1	15	0
    10065	2021-08-02 17:22:27	1	1	15	0
    10032	2021-08-02 17:28:07	1	1	15	0
   102544	2021-08-02 17:33:20	1	1	15	0
    10159	2021-08-02 17:33:26	1	1	15	0
   108585	2021-08-02 17:35:18	1	1	15	0
    10032	2021-08-02 17:45:32	1	1	15	0
   108585	2021-08-02 17:47:34	1	1	15	0
   108585	2021-08-02 17:47:37	1	1	15	0
   108671	2021-08-02 17:49:57	1	1	15	0
   108676	2021-08-02 17:50:05	1	1	15	0
   108610	2021-08-02 17:50:13	1	1	15	0
   108674	2021-08-02 17:51:01	1	1	15	0
    10076	2021-08-02 17:51:49	1	1	15	0
   108568	2021-08-02 18:01:30	1	1	15	0
   108568	2021-08-02 18:01:32	1	1	15	0
    10221	2021-08-02 18:01:56	1	1	15	0
    10149	2021-08-02 18:02:13	1	1	15	0
   102579	2021-08-02 18:04:02	1	1	15	0
    10278	2021-08-02 18:20:23	1	1	15	0
    10456	2021-08-02 18:20:53	1	1	15	0
    10456	2021-08-02 18:20:55	1	1	15	0
    10129	2021-08-02 19:31:29	1	1	15	0
   108662	2021-08-02 20:07:04	1	1	15	0
   108523	2021-08-02 20:44:12	1	1	15	0
   108663	2021-08-02 20:47:23	1	1	15	0
   108666	2021-08-02 20:56:00	1	1	15	0
   108598	2021-08-02 21:01:32	1	1	15	0
   108658	2021-08-02 21:01:43	1	1	15	0
   108515	2021-08-02 22:01:14	1	1	15	0
    10356	2021-08-03 02:55:47	1	0	15	0
    10356	2021-08-03 02:55:49	1	0	15	0
    10214	2021-08-03 02:56:25	1	0	15	0
    10348	2021-08-03 03:09:44	1	0	15	0
    10456	2021-08-03 05:34:08	1	0	15	0
   101437	2021-08-03 05:57:57	1	0	15	0
   101437	2021-08-03 05:57:59	1	0	15	0
   102526	2021-08-03 06:17:48	1	0	15	0
   108617	2021-08-03 06:35:06	1	0	15	0
    10372	2021-08-03 06:40:29	1	0	15	0
    10372	2021-08-03 06:40:31	1	0	15	0
   108662	2021-08-03 06:46:14	1	0	15	0
    10032	2021-08-03 06:49:25	1	0	15	0
   108654	2021-08-03 06:51:57	1	0	15	0
   108630	2021-08-03 07:00:53	1	0	15	0
   108668	2021-08-03 07:01:12	1	0	15	0
   108533	2021-08-03 07:02:06	1	0	15	0
    10033	2021-08-03 07:08:02	1	0	15	0
   108587	2021-08-03 07:08:27	1	0	15	0
   108587	2021-08-03 07:08:30	1	0	15	0
    10278	2021-08-03 07:10:45	1	0	15	0
   101451	2021-08-03 07:13:58	1	0	15	0
    10080	2021-08-03 07:24:41	1	0	15	0
   108523	2021-08-03 07:27:25	1	0	15	0
   102542	2021-08-03 07:28:17	1	0	15	0
   108549	2021-08-03 07:28:29	1	0	15	0
    10065	2021-08-03 07:29:56	1	0	15	0
   108674	2021-08-03 07:30:09	1	0	15	0
   108658	2021-08-03 07:31:30	1	0	15	0
   108538	2021-08-03 07:33:53	1	0	15	0
   108638	2021-08-03 07:34:50	1	0	15	0
   108472	2021-08-03 07:35:23	1	0	15	0
   108593	2021-08-03 07:36:30	1	0	15	0
   108593	2021-08-03 07:36:33	1	0	15	0
   108669	2021-08-03 07:37:05	1	0	15	0
   108673	2021-08-03 07:37:48	1	0	15	0
   108469	2021-08-03 07:37:58	1	0	15	0
   108568	2021-08-03 07:38:15	1	0	15	0
    10025	2021-08-03 07:38:41	1	0	15	0
    10159	2021-08-03 07:39:48	1	0	15	0
   108556	2021-08-03 07:41:49	1	0	15	0
   101432	2021-08-03 07:42:17	1	0	15	0
   108585	2021-08-03 07:42:29	1	0	15	0
   108672	2021-08-03 07:43:31	1	0	15	0
   108672	2021-08-03 07:43:33	1	0	15	0
   108663	2021-08-03 07:46:13	1	0	15	0
   108667	2021-08-03 07:48:56	1	0	15	0
   108489	2021-08-03 07:49:31	1	0	15	0
   102524	2021-08-03 07:50:17	1	0	15	0
    10228	2021-08-03 07:50:37	1	0	15	0
    10129	2021-08-03 07:50:46	1	0	15	0
    10284	2021-08-03 07:51:59	1	0	15	0
    10284	2021-08-03 07:52:01	1	0	15	0
    10221	2021-08-03 07:52:34	1	0	15	0
    10063	2021-08-03 07:52:56	1	0	15	0
    10149	2021-08-03 07:53:05	1	0	15	0
    10127	2021-08-03 07:53:18	1	0	15	0
   108610	2021-08-03 07:53:25	1	0	15	0
   108676	2021-08-03 07:53:33	1	0	15	0
   108671	2021-08-03 07:53:38	1	0	15	0
    10076	2021-08-03 07:53:54	1	0	15	0
   108619	2021-08-03 07:54:05	1	0	15	0
    10309	2021-08-03 07:54:12	1	0	15	0
   108579	2021-08-03 07:54:54	1	0	15	0
   108579	2021-08-03 07:54:57	1	0	15	0
    19980	2021-08-03 07:55:20	1	0	15	0
   108591	2021-08-03 07:55:55	1	0	15	0
   102579	2021-08-03 07:56:47	1	0	15	0
    10138	2021-08-03 07:57:53	1	0	15	0
    10458	2021-08-03 07:58:19	1	0	15	0
   108666	2021-08-03 07:58:30	1	0	15	0
    10550	2021-08-03 07:59:10	1	0	15	0
   108598	2021-08-03 08:05:36	1	0	15	0
   108635	2021-08-03 08:15:03	1	0	15	0
   108515	2021-08-03 08:17:58	1	0	15	0
   102544	2021-08-03 08:18:12	1	0	15	0
   108611	2021-08-03 08:21:16	1	0	15	0
   500001	2021-08-03 08:36:12	1	0	15	0
   108654	2021-08-03 12:02:15	1	1	15	0
    10356	2021-08-03 12:19:27	1	1	15	0
    10214	2021-08-03 12:19:36	1	1	15	0
   102526	2021-08-03 12:20:13	1	1	15	0
    10348	2021-08-03 12:20:25	1	1	15	0
    10550	2021-08-03 16:00:43	1	1	15	0
   108630	2021-08-03 16:01:12	1	1	15	0
   108593	2021-08-03 16:01:33	1	1	15	0
   108538	2021-08-03 16:01:53	1	1	15	0
   108472	2021-08-03 16:02:16	1	1	15	0
    10278	2021-08-03 16:02:50	1	1	15	0
    10278	2021-08-03 16:02:52	1	1	15	0
   108549	2021-08-03 16:03:30	1	1	15	0
    10456	2021-08-03 16:03:43	1	1	15	0
    10138	2021-08-03 16:05:44	1	1	15	0
    10372	2021-08-03 16:06:38	1	1	15	0
   108469	2021-08-03 16:07:49	1	1	15	0
   102542	2021-08-03 16:14:33	1	1	15	0
    10228	2021-08-03 16:19:31	1	1	15	0
    10284	2021-08-03 16:22:12	1	1	15	0
   101451	2021-08-03 17:01:25	1	1	15	0
    10080	2021-08-03 17:01:38	1	1	15	0
   108619	2021-08-03 17:02:00	1	1	15	0
   108635	2021-08-03 17:02:07	1	1	15	0
   108673	2021-08-03 17:02:13	1	1	15	0
   108579	2021-08-03 17:02:19	1	1	15	0
   108591	2021-08-03 17:02:28	1	1	15	0
    10309	2021-08-03 17:02:53	1	1	15	0
   102524	2021-08-03 17:03:04	1	1	15	0
   108587	2021-08-03 17:03:13	1	1	15	0
   108587	2021-08-03 17:03:16	1	1	15	0
   108556	2021-08-03 17:03:29	1	1	15	0
   500001	2021-08-03 17:04:14	1	1	15	0
    10458	2021-08-03 17:05:12	1	1	15	0
    19980	2021-08-03 17:05:25	1	1	15	0
   101432	2021-08-03 17:05:42	1	1	15	0
   108617	2021-08-03 17:05:51	1	1	15	0
   108611	2021-08-03 17:05:59	1	1	15	0
   108638	2021-08-03 17:06:09	1	1	15	0
    10033	2021-08-03 17:07:09	1	1	15	0
   108489	2021-08-03 17:08:37	1	1	15	0
    10025	2021-08-03 17:08:47	1	1	15	0
    10159	2021-08-03 17:09:49	1	1	15	0
   108585	2021-08-03 17:10:32	1	1	15	0
    10065	2021-08-03 17:10:47	1	1	15	0
   108667	2021-08-03 17:13:42	1	1	15	0
   108669	2021-08-03 17:14:09	1	1	15	0
   108598	2021-08-03 17:15:00	1	1	15	0
    10221	2021-08-03 17:18:11	1	1	15	0
   108668	2021-08-03 17:19:45	1	1	15	0
   108568	2021-08-03 17:42:50	1	1	15	0
   108674	2021-08-03 17:45:46	1	1	15	0
   108676	2021-08-03 17:47:17	1	1	15	0
    10127	2021-08-03 17:47:25	1	1	15	0
   108671	2021-08-03 17:47:43	1	1	15	0
    10063	2021-08-03 17:48:30	1	1	15	0
    10149	2021-08-03 17:49:54	1	1	15	0
    10076	2021-08-03 17:50:04	1	1	15	0
   102579	2021-08-03 17:50:32	1	1	15	0
   108672	2021-08-03 17:54:53	1	1	15	0
    10032	2021-08-03 18:14:51	1	1	15	0
   101437	2021-08-03 18:16:04	1	1	15	0
   108523	2021-08-03 18:24:05	1	1	15	0
   102544	2021-08-03 18:40:03	1	1	15	0
    10129	2021-08-03 19:08:48	1	1	15	0
   108610	2021-08-03 20:01:28	1	1	15	0
   108663	2021-08-03 20:01:34	1	1	15	0
   108658	2021-08-03 20:08:25	1	1	15	0
   108662	2021-08-03 20:08:34	1	1	15	0
   108515	2021-08-03 21:02:52	1	1	15	0
    10456	2021-08-04 05:45:08	1	0	15	0
   101437	2021-08-04 06:10:25	1	0	15	0
   102526	2021-08-04 06:18:31	1	0	15	0
   108662	2021-08-04 06:35:32	1	0	15	0
   108617	2021-08-04 06:38:44	1	0	15	0
   108654	2021-08-04 06:48:29	1	0	15	0
    10033	2021-08-04 06:50:29	1	0	15	0
   108638	2021-08-04 06:55:30	1	0	15	0
    10372	2021-08-04 07:04:10	1	0	15	0
    10065	2021-08-04 07:06:13	1	0	15	0
   108587	2021-08-04 07:08:02	1	0	15	0
   108587	2021-08-04 07:08:04	1	0	15	0
   108533	2021-08-04 07:09:32	1	0	15	0
   108630	2021-08-04 07:10:21	1	0	15	0
    10080	2021-08-04 07:11:25	1	0	15	0
   101451	2021-08-04 07:11:46	1	0	15	0
    10214	2021-08-04 07:18:05	1	0	15	0
    10214	2021-08-04 07:18:08	1	0	15	0
    10356	2021-08-04 07:18:38	1	0	15	0
   102542	2021-08-04 07:25:02	1	0	15	0
   102542	2021-08-04 07:25:05	1	0	15	0
   108472	2021-08-04 07:27:10	1	0	15	0
    10278	2021-08-04 07:27:18	1	0	15	0
   108568	2021-08-04 07:27:26	1	0	15	0
   108556	2021-08-04 07:28:06	1	0	15	0
   108523	2021-08-04 07:29:47	1	0	15	0
   108593	2021-08-04 07:31:38	1	0	15	0
   108585	2021-08-04 07:31:44	1	0	15	0
   108672	2021-08-04 07:32:55	1	0	15	0
   108549	2021-08-04 07:34:51	1	0	15	0
   108673	2021-08-04 07:37:52	1	0	15	0
   108667	2021-08-04 07:37:58	1	0	15	0
   108669	2021-08-04 07:38:12	1	0	15	0
   108674	2021-08-04 07:39:15	1	0	15	0
   108538	2021-08-04 07:42:39	1	0	15	0
   108663	2021-08-04 07:42:51	1	0	15	0
   108658	2021-08-04 07:43:14	1	0	15	0
    10159	2021-08-04 07:44:20	1	0	15	0
    10284	2021-08-04 07:44:43	1	0	15	0
    10284	2021-08-04 07:44:45	1	0	15	0
   108469	2021-08-04 07:46:06	1	0	15	0
    10228	2021-08-04 07:48:13	1	0	15	0
    10025	2021-08-04 07:49:12	1	0	15	0
    10138	2021-08-04 07:49:22	1	0	15	0
    10221	2021-08-04 07:49:35	1	0	15	0
   101432	2021-08-04 07:54:19	1	0	15	0
   108579	2021-08-04 07:54:53	1	0	15	0
   108579	2021-08-04 07:54:56	1	0	15	0
   108598	2021-08-04 07:56:36	1	0	15	0
   108598	2021-08-04 07:56:38	1	0	15	0
   108619	2021-08-04 07:57:56	1	0	15	0
   108591	2021-08-04 07:58:02	1	0	15	0
    10032	2021-08-04 07:58:11	1	0	15	0
    10129	2021-08-04 07:58:51	1	0	15	0
    10063	2021-08-04 07:59:29	1	0	15	0
    10149	2021-08-04 07:59:37	1	0	15	0
    10149	2021-08-04 07:59:40	1	0	15	0
    10127	2021-08-04 07:59:45	1	0	15	0
   108676	2021-08-04 07:59:51	1	0	15	0
   108671	2021-08-04 07:59:58	1	0	15	0
    10076	2021-08-04 08:00:04	1	0	15	0
    19980	2021-08-04 08:01:39	1	0	15	0
    10348	2021-08-04 08:04:47	1	0	15	0
    10309	2021-08-04 08:04:53	1	0	15	0
   108666	2021-08-04 08:05:03	1	0	15	0
   108635	2021-08-04 08:05:18	1	0	15	0
   108635	2021-08-04 08:05:20	1	0	15	0
   108611	2021-08-04 08:08:21	1	0	15	0
   108515	2021-08-04 08:10:11	1	0	15	0
   102579	2021-08-04 08:19:25	1	0	15	0
   500001	2021-08-04 08:25:39	1	0	15	0
   108613	2021-08-04 08:40:20	1	0	15	0
   108613	2021-08-04 08:40:22	1	0	15	0
   102544	2021-08-04 08:50:16	1	0	15	0
    10033	2021-08-04 08:57:22	1	0	15	0
    10550	2021-08-04 10:01:00	1	0	15	0
   108610	2021-08-04 12:01:29	1	0	15	0
    10033	2021-08-04 13:46:09	1	0	15	0
    10284	2021-08-04 16:01:49	1	1	15	0
   102526	2021-08-04 16:02:14	1	1	15	0
   108587	2021-08-04 16:02:26	1	1	15	0
    10456	2021-08-04 16:03:01	1	1	15	0
   108538	2021-08-04 16:04:06	1	1	15	0
   108472	2021-08-04 16:04:29	1	1	15	0
   108533	2021-08-04 16:04:38	1	1	15	0
    10278	2021-08-04 16:07:18	1	1	15	0
    10228	2021-08-04 16:07:58	1	1	15	0
    10309	2021-08-04 16:12:31	1	1	15	0
    10138	2021-08-04 16:32:45	1	1	15	0
    10138	2021-08-04 16:32:47	1	1	15	0
   108549	2021-08-04 16:35:36	1	1	15	0
   108469	2021-08-04 16:36:00	1	1	15	0
    10356	2021-08-04 16:37:12	1	1	15	0
    10214	2021-08-04 16:37:22	1	1	15	0
   108593	2021-08-04 17:00:05	1	1	15	0
   108613	2021-08-04 17:00:47	1	1	15	0
   108630	2021-08-04 17:00:54	1	1	15	0
   101451	2021-08-04 17:01:04	1	1	15	0
    10458	2021-08-04 17:01:13	1	1	15	0
    10080	2021-08-04 17:01:22	1	1	15	0
   108617	2021-08-04 17:01:54	1	1	15	0
   108619	2021-08-04 17:02:29	1	1	15	0
    19980	2021-08-04 17:03:49	1	1	15	0
   101432	2021-08-04 17:04:04	1	1	15	0
    10550	2021-08-04 17:04:25	1	1	15	0
   108638	2021-08-04 17:04:33	1	1	15	0
   108611	2021-08-04 17:05:17	1	1	15	0
   108673	2021-08-04 17:05:26	1	1	15	0
   108579	2021-08-04 17:05:34	1	1	15	0
   108579	2021-08-04 17:05:36	1	1	15	0
    10221	2021-08-04 17:05:49	1	1	15	0
   108669	2021-08-04 17:06:04	1	1	15	0
   108556	2021-08-04 17:06:21	1	1	15	0
    10025	2021-08-04 17:06:46	1	1	15	0
   108667	2021-08-04 17:08:07	1	1	15	0
    10065	2021-08-04 17:09:41	1	1	15	0
    10065	2021-08-04 17:09:43	1	1	15	0
    10065	2021-08-04 17:09:56	1	1	15	0
   102544	2021-08-04 17:10:37	1	1	15	0
   102542	2021-08-04 17:14:54	1	1	15	0
   108635	2021-08-04 17:16:52	1	1	15	0
   500001	2021-08-04 17:17:05	1	1	15	0
    10159	2021-08-04 17:17:26	1	1	15	0
   108591	2021-08-04 17:17:45	1	1	15	0
   108515	2021-08-04 17:18:05	1	1	15	0
   108610	2021-08-04 17:19:57	1	1	15	0
   108671	2021-08-04 17:22:30	1	1	15	0
   108676	2021-08-04 17:22:36	1	1	15	0
   108676	2021-08-04 17:22:38	1	1	15	0
   108674	2021-08-04 17:24:05	1	1	15	0
    10076	2021-08-04 17:26:02	1	1	15	0
   102579	2021-08-04 17:26:22	1	1	15	0
   108568	2021-08-04 17:26:57	1	1	15	0
    10149	2021-08-04 17:27:57	1	1	15	0
   108585	2021-08-04 17:28:34	1	1	15	0
    10063	2021-08-04 17:28:46	1	1	15	0
   108672	2021-08-04 17:43:50	1	1	15	0
   108672	2021-08-04 17:43:52	1	1	15	0
    10033	2021-08-04 18:00:42	1	1	15	0
    10372	2021-08-04 18:00:51	1	1	15	0
    10372	2021-08-04 18:00:53	1	1	15	0
   101437	2021-08-04 18:01:09	1	1	15	0
   101437	2021-08-04 18:01:12	1	1	15	0
   108654	2021-08-04 18:01:24	1	1	15	0
    10032	2021-08-04 18:12:50	1	1	15	0
    10348	2021-08-04 18:32:56	1	1	15	0
    10348	2021-08-04 18:32:58	1	1	15	0
    10129	2021-08-04 19:04:26	1	1	15	0
   108662	2021-08-04 20:06:34	1	1	15	0
   108523	2021-08-04 20:46:24	1	1	15	0
   108666	2021-08-04 20:49:16	1	1	15	0
   108598	2021-08-04 21:12:57	1	1	15	0
   108658	2021-08-04 21:13:03	1	1	15	0
   108663	2021-08-04 21:13:09	1	1	15	0
    10127	2021-08-04 21:13:15	1	1	15	0
    10348	2021-08-05 03:06:39	1	1	15	0
    10348	2021-08-05 03:06:41	1	1	15	0
    10348	2021-08-05 03:06:59	1	0	15	0
    10348	2021-08-05 03:07:01	1	0	15	0
    10214	2021-08-05 03:25:12	1	0	15	0
    10356	2021-08-05 03:25:43	1	0	15	0
    10456	2021-08-05 04:17:13	1	0	15	0
    10278	2021-08-05 04:29:39	1	0	15	0
   101437	2021-08-05 05:57:03	1	0	15	0
   101437	2021-08-05 05:57:05	1	0	15	0
   102526	2021-08-05 06:17:20	1	0	15	0
   108662	2021-08-05 06:40:00	1	0	15	0
   108617	2021-08-05 06:46:54	1	0	15	0
    10127	2021-08-05 06:51:38	1	0	15	0
    10372	2021-08-05 06:55:54	1	0	15	0
   108556	2021-08-05 06:59:11	1	0	15	0
   108668	2021-08-05 07:00:19	1	0	15	0
   108587	2021-08-05 07:00:28	1	0	15	0
   108587	2021-08-05 07:00:31	1	0	15	0
   108533	2021-08-05 07:06:47	1	0	15	0
   101451	2021-08-05 07:15:44	1	0	15	0
    10065	2021-08-05 07:21:54	1	0	15	0
    10033	2021-08-05 07:23:12	1	0	15	0
    10080	2021-08-05 07:24:06	1	0	15	0
   108568	2021-08-05 07:27:33	1	0	15	0
   108523	2021-08-05 07:27:55	1	0	15	0
   108593	2021-08-05 07:30:42	1	0	15	0
   108472	2021-08-05 07:31:09	1	0	15	0
   108673	2021-08-05 07:36:04	1	0	15	0
   108630	2021-08-05 07:36:39	1	0	15	0
   108669	2021-08-05 07:38:17	1	0	15	0
   108669	2021-08-05 07:38:19	1	0	15	0
   108669	2021-08-05 07:38:30	1	0	15	0
   108667	2021-08-05 07:40:19	1	0	15	0
   108674	2021-08-05 07:40:40	1	0	15	0
   108638	2021-08-05 07:41:27	1	0	15	0
    10309	2021-08-05 07:42:47	1	0	15	0
   108663	2021-08-05 07:42:56	1	0	15	0
   102544	2021-08-05 07:43:20	1	0	15	0
   108585	2021-08-05 07:44:46	1	0	15	0
    10159	2021-08-05 07:44:55	1	0	15	0
    10025	2021-08-05 07:45:03	1	0	15	0
    10221	2021-08-05 07:45:46	1	0	15	0
   108658	2021-08-05 07:46:30	1	0	15	0
   101432	2021-08-05 07:47:03	1	0	15	0
   108538	2021-08-05 07:47:41	1	0	15	0
   108672	2021-08-05 07:48:16	1	0	15	0
   108549	2021-08-05 07:48:57	1	0	15	0
   108579	2021-08-05 07:49:05	1	0	15	0
   102542	2021-08-05 07:51:35	1	0	15	0
    10032	2021-08-05 07:52:18	1	0	15	0
   108489	2021-08-05 07:52:45	1	0	15	0
   102524	2021-08-05 07:52:58	1	0	15	0
   108619	2021-08-05 07:53:13	1	0	15	0
    10129	2021-08-05 07:53:28	1	0	15	0
    10228	2021-08-05 07:55:16	1	0	15	0
   108591	2021-08-05 07:56:09	1	0	15	0
   108469	2021-08-05 07:56:25	1	0	15	0
    10063	2021-08-05 07:56:52	1	0	15	0
    10149	2021-08-05 07:57:00	1	0	15	0
   108610	2021-08-05 07:57:06	1	0	15	0
   108676	2021-08-05 07:57:12	1	0	15	0
   108671	2021-08-05 07:57:26	1	0	15	0
    10076	2021-08-05 07:57:37	1	0	15	0
    10138	2021-08-05 07:57:46	1	0	15	0
    10284	2021-08-05 07:57:56	1	0	15	0
   108598	2021-08-05 08:02:08	1	0	15	0
    10458	2021-08-05 08:02:36	1	0	15	0
    19980	2021-08-05 08:04:16	1	0	15	0
   108666	2021-08-05 08:05:38	1	0	15	0
    10550	2021-08-05 08:10:34	1	0	15	0
   108635	2021-08-05 08:14:33	1	0	15	0
   108611	2021-08-05 08:18:03	1	0	15	0
   108515	2021-08-05 08:32:19	1	0	15	0
   108515	2021-08-05 08:32:21	1	0	15	0
   102579	2021-08-05 08:46:10	1	0	15	0
   500001	2021-08-05 08:52:50	1	0	15	0
    10348	2021-08-05 12:00:26	1	1	15	0
    10348	2021-08-05 12:00:28	1	1	15	0
    10356	2021-08-05 12:00:50	1	1	15	0
    10214	2021-08-05 12:00:58	1	1	15	0
   108630	2021-08-05 16:00:11	1	1	15	0
   108593	2021-08-05 16:00:20	1	1	15	0
   108472	2021-08-05 16:01:05	1	1	15	0
   108538	2021-08-05 16:01:14	1	1	15	0
   108549	2021-08-05 16:01:46	1	1	15	0
    10456	2021-08-05 16:01:58	1	1	15	0
   102526	2021-08-05 16:03:36	1	1	15	0
    10278	2021-08-05 16:04:19	1	1	15	0
   108533	2021-08-05 16:05:30	1	1	15	0
   108469	2021-08-05 16:06:39	1	1	15	0
   108619	2021-08-05 16:09:15	1	1	15	0
    10138	2021-08-05 16:09:50	1	1	15	0
    10284	2021-08-05 16:13:36	1	1	15	0
    10228	2021-08-05 16:16:49	1	1	15	0
   102542	2021-08-05 16:40:32	1	1	15	0
   101451	2021-08-05 17:01:48	1	1	15	0
   101451	2021-08-05 17:01:50	1	1	15	0
   108617	2021-08-05 17:03:01	1	1	15	0
    10080	2021-08-05 17:03:10	1	1	15	0
   108489	2021-08-05 17:03:43	1	1	15	0
    19980	2021-08-05 17:04:04	1	1	15	0
    10221	2021-08-05 17:04:15	1	1	15	0
   108638	2021-08-05 17:04:24	1	1	15	0
    10550	2021-08-05 17:04:54	1	1	15	0
    10309	2021-08-05 17:05:10	1	1	15	0
   500001	2021-08-05 17:05:22	1	1	15	0
   108568	2021-08-05 17:05:36	1	1	15	0
   102524	2021-08-05 17:05:48	1	1	15	0
   101432	2021-08-05 17:06:16	1	1	15	0
   108674	2021-08-05 17:06:51	1	1	15	0
   108611	2021-08-05 17:07:15	1	1	15	0
   108669	2021-08-05 17:07:38	1	1	15	0
   108668	2021-08-05 17:09:15	1	1	15	0
   108591	2021-08-05 17:09:25	1	1	15	0
    10033	2021-08-05 17:09:32	1	1	15	0
   102579	2021-08-05 17:10:50	1	1	15	0
   108556	2021-08-05 17:11:53	1	1	15	0
   108635	2021-08-05 17:12:02	1	1	15	0
    10025	2021-08-05 17:12:30	1	1	15	0
    10065	2021-08-05 17:13:37	1	1	15	0
    10372	2021-08-05 17:16:08	1	1	15	0
   108667	2021-08-05 17:17:13	1	1	15	0
   108579	2021-08-05 17:17:25	1	1	15	0
   108654	2021-08-05 17:17:51	1	1	15	0
   101437	2021-08-05 17:18:51	1	1	15	0
    10159	2021-08-05 17:21:22	1	1	15	0
    10032	2021-08-05 17:24:12	1	1	15	0
   108515	2021-08-05 17:41:17	1	1	15	0
    10063	2021-08-05 17:42:41	1	1	15	0
   108610	2021-08-05 17:42:51	1	1	15	0
   108671	2021-08-05 17:43:21	1	1	15	0
   108676	2021-08-05 17:43:30	1	1	15	0
   108673	2021-08-05 17:43:37	1	1	15	0
    10127	2021-08-05 17:45:03	1	1	15	0
    10076	2021-08-05 17:47:10	1	1	15	0
   108672	2021-08-05 17:47:26	1	1	15	0
    10149	2021-08-05 17:47:37	1	1	15	0
   108585	2021-08-05 17:52:06	1	1	15	0
   108666	2021-08-05 18:13:32	1	1	15	0
    10129	2021-08-05 18:35:51	1	1	15	0
   108587	2021-08-05 18:46:26	1	1	15	0
   108587	2021-08-05 18:46:28	1	1	15	0
   102544	2021-08-05 19:46:59	1	1	15	0
   102544	2021-08-05 19:47:03	1	1	15	0
   102544	2021-08-05 19:47:05	1	1	15	0
   108663	2021-08-05 20:04:42	1	1	15	0
   108658	2021-08-05 20:04:49	1	1	15	0
   108598	2021-08-05 20:36:46	1	1	15	0
   108523	2021-08-05 20:37:38	1	1	15	0
   108662	2021-08-05 20:37:47	1	1	15	0
    10278	2021-08-06 03:13:03	1	1	15	0
   108538	2021-08-06 03:26:24	1	0	15	0
   108538	2021-08-06 03:26:26	1	0	15	0
    10456	2021-08-06 05:55:16	1	0	15	0
   101437	2021-08-06 06:11:48	1	0	15	0
    10033	2021-08-06 07:01:45	1	0	15	0
    10356	2021-08-06 07:09:25	1	0	15	0
    10214	2021-08-06 07:10:12	1	0	15	0
   108472	2021-08-06 07:11:40	1	0	15	0
   108469	2021-08-06 07:36:10	1	0	15	0
    10348	2021-08-06 07:57:21	1	0	15	0
    10032	2021-08-06 08:02:05	1	0	15	0
   108538	2021-08-06 15:32:00	1	1	15	0
    10278	2021-08-06 15:34:08	1	1	15	0
    10356	2021-08-06 16:04:26	1	1	15	0
    10356	2021-08-06 16:04:28	1	1	15	0
    10214	2021-08-06 16:04:42	1	1	15	0
    10456	2021-08-06 17:36:54	1	1	15	0
    10033	2021-08-06 18:48:38	1	1	15	0
   101437	2021-08-06 19:00:10	1	1	15	0
    10032	2021-08-06 19:00:46	1	1	15	0
   108472	2021-08-06 21:03:29	1	1	15	0
    10348	2021-08-06 21:06:28	1	1	15	0
   108538	2021-08-07 06:14:00	1	1	15	0
   102526	2021-08-07 06:18:44	1	1	15	0
    10278	2021-08-07 06:19:13	1	1	15	0
   101437	2021-08-07 06:27:40	1	1	15	0
   101437	2021-08-07 06:27:42	1	1	15	0
   108654	2021-08-07 06:32:22	1	1	15	0
    10372	2021-08-07 06:33:41	1	1	15	0
    10372	2021-08-07 06:33:43	1	1	15	0
   108630	2021-08-07 06:37:00	1	0	15	0
   108630	2021-08-07 06:37:02	1	0	15	0
   108671	2021-08-07 06:47:19	1	0	15	0
   108593	2021-08-07 06:57:43	1	0	15	0
   108662	2021-08-07 07:01:45	1	0	15	0
   108587	2021-08-07 07:07:29	1	0	15	0
   108668	2021-08-07 07:10:32	1	0	15	0
   108533	2021-08-07 07:14:20	1	0	15	0
   108658	2021-08-07 07:25:08	1	0	15	0
   108568	2021-08-07 07:26:06	1	0	15	0
   108523	2021-08-07 07:27:42	1	0	15	0
    10033	2021-08-07 07:31:09	1	0	15	0
   108469	2021-08-07 07:37:02	1	0	15	0
   108669	2021-08-07 07:42:25	1	0	15	0
   108610	2021-08-07 07:45:10	1	0	15	0
   108667	2021-08-07 07:47:18	1	0	15	0
   108672	2021-08-07 07:47:52	1	0	15	0
    10032	2021-08-07 07:50:30	1	0	15	0
   108549	2021-08-07 07:50:58	1	0	15	0
    10348	2021-08-07 07:51:58	1	0	15	0
   108613	2021-08-07 07:52:16	1	0	15	0
   108635	2021-08-07 07:53:08	1	0	15	0
    10348	2021-08-07 07:53:25	1	0	15	0
   102542	2021-08-07 07:53:37	1	0	15	0
    10076	2021-08-07 07:53:56	1	0	15	0
    10129	2021-08-07 07:54:47	1	0	15	0
    10309	2021-08-07 07:55:36	1	0	15	0
    10138	2021-08-07 07:56:44	1	0	15	0
   108598	2021-08-07 07:57:08	1	0	15	0
   108663	2021-08-07 08:09:11	1	0	15	0
   108591	2021-08-07 08:15:41	1	0	15	0
    10127	2021-08-07 08:16:43	1	0	15	0
   102579	2021-08-07 08:39:32	1	0	15	0
   108635	2021-08-07 12:08:09	1	0	15	0
   108568	2021-08-07 12:16:49	1	0	15	0
    10032	2021-08-07 12:27:55	1	0	15	0
   108669	2021-08-07 12:28:10	1	0	15	0
   102526	2021-08-07 13:21:34	1	0	15	0
   108587	2021-08-07 13:21:41	1	0	15	0
   108587	2021-08-07 13:21:44	1	0	15	0
    10309	2021-08-07 15:06:39	1	0	15	0
   108538	2021-08-07 15:09:27	1	1	15	0
    10278	2021-08-07 15:09:43	1	1	15	0
    10033	2021-08-07 15:39:25	1	1	15	0
   108593	2021-08-07 16:00:08	1	1	15	0
   108630	2021-08-07 16:00:51	1	1	15	0
   108613	2021-08-07 16:00:58	1	1	15	0
   101437	2021-08-07 16:01:11	1	1	15	0
    10372	2021-08-07 16:02:05	1	1	15	0
   108533	2021-08-07 16:03:24	1	1	15	0
   102542	2021-08-07 16:10:12	1	1	15	0
    10456	2021-08-07 16:18:11	1	1	15	0
   108469	2021-08-07 16:20:01	1	1	15	0
   108591	2021-08-07 17:01:58	1	1	15	0
   108671	2021-08-07 17:03:07	1	1	15	0
   108667	2021-08-07 17:03:23	1	1	15	0
    10127	2021-08-07 17:03:32	1	1	15	0
   108668	2021-08-07 17:03:45	1	1	15	0
    10076	2021-08-07 17:03:56	1	1	15	0
   108610	2021-08-07 17:13:01	1	1	15	0
   108663	2021-08-07 17:13:09	1	1	15	0
   108598	2021-08-07 17:13:21	1	1	15	0
   108672	2021-08-07 17:18:31	1	1	15	0
   108549	2021-08-07 17:30:09	1	1	15	0
    10348	2021-08-07 17:36:16	1	1	15	0
    10348	2021-08-07 17:36:19	1	1	15	0
    10138	2021-08-07 17:40:10	1	1	15	0
    10138	2021-08-07 17:40:12	1	1	15	0
   108523	2021-08-07 17:48:17	1	1	15	0
    10129	2021-08-07 17:52:29	1	1	15	0
   102579	2021-08-07 18:00:58	1	1	15	0
   108658	2021-08-07 19:28:14	1	1	15	0
   108662	2021-08-07 19:28:33	1	1	15	0
    10278	2021-08-08 06:23:34	1	0	15	0
    10278	2021-08-08 06:23:36	1	0	15	0
   101437	2021-08-08 06:23:47	1	0	15	0
   101437	2021-08-08 06:23:49	1	0	15	0
    10372	2021-08-08 06:34:03	1	0	15	0
    10372	2021-08-08 06:34:06	1	0	15	0
   108538	2021-08-08 06:38:26	1	0	15	0
    10138	2021-08-08 08:43:09	1	0	15	0
    10033	2021-08-08 09:27:22	1	0	15	0
    10033	2021-08-08 12:05:18	1	0	15	0
    10033	2021-08-08 15:35:31	1	0	15	0
   108538	2021-08-08 15:40:24	1	1	15	0
    10278	2021-08-08 15:45:19	1	1	15	0
   101437	2021-08-08 16:01:37	1	1	15	0
    10138	2021-08-08 16:02:11	1	1	15	0
    10372	2021-08-08 16:02:47	1	1	15	0
    10456	2021-08-09 05:44:36	1	0	15	0
   101437	2021-08-09 06:12:56	1	0	15	0
   101437	2021-08-09 06:12:58	1	0	15	0
   102526	2021-08-09 06:16:53	1	0	15	0
    10278	2021-08-09 06:24:20	1	0	15	0
    10278	2021-08-09 06:24:22	1	0	15	0
    10372	2021-08-09 06:30:20	1	0	15	0
    10372	2021-08-09 06:30:22	1	0	15	0
   108617	2021-08-09 06:38:47	1	0	15	0
   108538	2021-08-09 06:45:17	1	0	15	0
   108662	2021-08-09 06:55:13	1	0	15	0
   108668	2021-08-09 06:55:38	1	0	15	0
   108556	2021-08-09 07:00:46	1	0	15	0
    10214	2021-08-09 07:03:56	1	0	15	0
    10356	2021-08-09 07:04:32	1	0	15	0
   108630	2021-08-09 07:11:39	1	0	15	0
   101451	2021-08-09 07:11:45	1	0	15	0
   108587	2021-08-09 07:13:55	1	0	15	0
   108587	2021-08-09 07:13:57	1	0	15	0
    10080	2021-08-09 07:17:47	1	0	15	0
   102542	2021-08-09 07:18:20	1	0	15	0
   102542	2021-08-09 07:18:22	1	0	15	0
    10033	2021-08-09 07:24:01	1	0	15	0
   108674	2021-08-09 07:27:18	1	0	15	0
   108593	2021-08-09 07:28:33	1	0	15	0
   108523	2021-08-09 07:29:06	1	0	15	0
   108568	2021-08-09 07:29:15	1	0	15	0
   108654	2021-08-09 07:30:31	1	0	15	0
   108472	2021-08-09 07:30:59	1	0	15	0
    10159	2021-08-09 07:33:51	1	0	15	0
    10065	2021-08-09 07:36:37	1	0	15	0
   108669	2021-08-09 07:38:17	1	0	15	0
   108667	2021-08-09 07:42:12	1	0	15	0
   108585	2021-08-09 07:43:00	1	0	15	0
   108638	2021-08-09 07:43:50	1	0	15	0
    10221	2021-08-09 07:45:29	1	0	15	0
    10284	2021-08-09 07:50:02	1	0	15	0
   101432	2021-08-09 07:50:15	1	0	15	0
   108549	2021-08-09 07:52:05	1	0	15	0
   108663	2021-08-09 07:52:16	1	0	15	0
   108672	2021-08-09 07:53:12	1	0	15	0
   108619	2021-08-09 07:53:32	1	0	15	0
    10129	2021-08-09 07:54:18	1	0	15	0
    10032	2021-08-09 07:55:21	1	0	15	0
   108613	2021-08-09 07:56:49	1	0	15	0
   108598	2021-08-09 07:57:10	1	0	15	0
   108658	2021-08-09 07:57:20	1	0	15	0
   108579	2021-08-09 07:57:38	1	0	15	0
    10309	2021-08-09 07:58:18	1	0	15	0
    10348	2021-08-09 07:59:07	1	0	15	0
   108489	2021-08-09 08:00:53	1	0	15	0
    19980	2021-08-09 08:01:13	1	0	15	0
    10458	2021-08-09 08:01:26	1	0	15	0
   102524	2021-08-09 08:01:46	1	0	15	0
    10138	2021-08-09 08:02:32	1	0	15	0
    10063	2021-08-09 08:06:17	1	0	15	0
    10149	2021-08-09 08:06:26	1	0	15	0
   108610	2021-08-09 08:06:33	1	0	15	0
   108676	2021-08-09 08:06:40	1	0	15	0
   108673	2021-08-09 08:06:45	1	0	15	0
   108671	2021-08-09 08:06:51	1	0	15	0
    10076	2021-08-09 08:07:12	1	0	15	0
    10550	2021-08-09 08:13:32	1	0	15	0
   108611	2021-08-09 08:16:34	1	0	15	0
   108666	2021-08-09 08:19:11	1	0	15	0
   108591	2021-08-09 08:27:14	1	0	15	0
    10127	2021-08-09 08:30:38	1	0	15	0
   102544	2021-08-09 08:38:10	1	0	15	0
   102579	2021-08-09 09:06:37	1	0	15	0
   500001	2021-08-09 09:08:11	1	0	15	0
   108515	2021-08-09 10:00:36	1	0	15	0
   101437	2021-08-09 16:00:39	1	0	15	0
   101437	2021-08-09 16:00:56	1	1	15	0
   108472	2021-08-09 16:03:20	1	1	15	0
    10372	2021-08-09 16:03:51	1	1	15	0
    10456	2021-08-09 16:08:23	1	1	15	0
    10456	2021-08-09 16:08:25	1	1	15	0
   108549	2021-08-09 16:21:25	1	1	15	0
    10138	2021-08-09 16:21:52	1	1	15	0
   108619	2021-08-09 16:23:43	1	1	15	0
   108630	2021-08-09 17:00:09	1	1	15	0
   108613	2021-08-09 17:00:21	1	1	15	0
    10221	2021-08-09 17:00:51	1	1	15	0
    10458	2021-08-09 17:01:01	1	1	15	0
   101451	2021-08-09 17:01:12	1	1	15	0
    10080	2021-08-09 17:01:19	1	1	15	0
   108617	2021-08-09 17:02:03	1	1	15	0
   101432	2021-08-09 17:02:12	1	1	15	0
   102524	2021-08-09 17:02:29	1	1	15	0
   108668	2021-08-09 17:02:36	1	1	15	0
   108638	2021-08-09 17:02:43	1	1	15	0
   108489	2021-08-09 17:03:21	1	1	15	0
   108593	2021-08-09 17:03:35	1	1	15	0
    10550	2021-08-09 17:03:44	1	1	15	0
    10033	2021-08-09 17:03:54	1	1	15	0
    10159	2021-08-09 17:04:03	1	1	15	0
    19980	2021-08-09 17:04:28	1	1	15	0
   108673	2021-08-09 17:04:33	1	1	15	0
   108579	2021-08-09 17:04:38	1	1	15	0
   108667	2021-08-09 17:04:45	1	1	15	0
   108591	2021-08-09 17:04:53	1	1	15	0
   108611	2021-08-09 17:05:05	1	1	15	0
   500001	2021-08-09 17:05:17	1	1	15	0
   108568	2021-08-09 17:05:22	1	1	15	0
   108674	2021-08-09 17:05:42	1	1	15	0
   102542	2021-08-09 17:05:54	1	1	15	0
   108671	2021-08-09 17:06:03	1	1	15	0
   108676	2021-08-09 17:06:10	1	1	15	0
    10076	2021-08-09 17:06:16	1	1	15	0
   108669	2021-08-09 17:06:27	1	1	15	0
   108556	2021-08-09 17:06:35	1	1	15	0
    10063	2021-08-09 17:06:44	1	1	15	0
    10149	2021-08-09 17:07:46	1	1	15	0
    10025	2021-08-09 17:08:41	1	1	15	0
    10025	2021-08-09 17:08:45	1	1	15	0
    10065	2021-08-09 17:13:20	1	1	15	0
   108585	2021-08-09 17:13:27	1	1	15	0
   102544	2021-08-09 17:16:15	1	1	15	0
    10032	2021-08-09 17:27:13	1	1	15	0
   108672	2021-08-09 17:47:06	1	1	15	0
   102579	2021-08-09 17:58:13	1	1	15	0
    10129	2021-08-09 18:39:15	1	1	15	0
   108666	2021-08-09 18:52:09	1	1	15	0
   108610	2021-08-09 18:58:13	1	1	15	0
   108663	2021-08-09 18:58:21	1	1	15	0
   108515	2021-08-09 19:01:54	1	1	15	0
   108515	2021-08-09 19:01:57	1	1	15	0
   108515	2021-08-09 19:02:10	1	1	15	0
   108523	2021-08-09 19:40:20	1	1	15	0
    10214	2021-08-09 20:01:04	1	1	15	0
    10348	2021-08-09 20:01:32	1	1	15	0
    10348	2021-08-09 20:01:34	1	1	15	0
    10356	2021-08-09 20:02:41	1	1	15	0
   108658	2021-08-09 20:03:56	1	1	15	0
   108662	2021-08-09 20:04:04	1	1	15	0
   108598	2021-08-09 20:30:22	1	1	15	0
    10127	2021-08-09 20:30:48	1	1	15	0
   108538	2021-08-09 20:34:32	1	1	15	0
    10278	2021-08-09 20:38:20	1	1	15	0
   102526	2021-08-10 00:30:04	1	1	15	0
    10309	2021-08-10 00:30:10	1	1	15	0
   108587	2021-08-10 00:30:19	1	1	15	0
   108587	2021-08-10 00:30:22	1	1	15	0
    10456	2021-08-10 05:41:34	1	0	15	0
   101437	2021-08-10 06:15:44	1	0	15	0
   101437	2021-08-10 06:15:47	1	0	15	0
   108469	2021-08-10 06:22:15	1	0	15	0
   108469	2021-08-10 06:22:18	1	0	15	0
   108617	2021-08-10 06:33:21	1	0	15	0
   102526	2021-08-10 06:37:55	1	0	15	0
    10372	2021-08-10 06:39:18	1	0	15	0
    10127	2021-08-10 06:48:04	1	0	15	0
   108662	2021-08-10 06:56:30	1	0	15	0
   108556	2021-08-10 06:58:15	1	0	15	0
   108635	2021-08-10 07:03:36	1	0	15	0
   108533	2021-08-10 07:08:33	1	0	15	0
   108658	2021-08-10 07:11:36	1	0	15	0
   108538	2021-08-10 07:11:56	1	0	15	0
    10080	2021-08-10 07:13:53	1	0	15	0
   108472	2021-08-10 07:15:01	1	0	15	0
   108587	2021-08-10 07:15:59	1	0	15	0
    10278	2021-08-10 07:16:31	1	0	15	0
    10278	2021-08-10 07:16:33	1	0	15	0
   108630	2021-08-10 07:18:26	1	0	15	0
   101451	2021-08-10 07:21:09	1	0	15	0
    10356	2021-08-10 07:21:21	1	0	15	0
   108593	2021-08-10 07:21:37	1	0	15	0
   108593	2021-08-10 07:21:39	1	0	15	0
    10214	2021-08-10 07:21:49	1	0	15	0
    10214	2021-08-10 07:21:52	1	0	15	0
    10065	2021-08-10 07:22:17	1	0	15	0
   108568	2021-08-10 07:32:04	1	0	15	0
   108674	2021-08-10 07:34:24	1	0	15	0
   102542	2021-08-10 07:34:34	1	0	15	0
    10033	2021-08-10 07:34:42	1	0	15	0
   108667	2021-08-10 07:35:23	1	0	15	0
   108585	2021-08-10 07:36:12	1	0	15	0
   108523	2021-08-10 07:36:48	1	0	15	0
   108673	2021-08-10 07:40:58	1	0	15	0
   108549	2021-08-10 07:41:32	1	0	15	0
    10063	2021-08-10 07:42:46	1	0	15	0
    10149	2021-08-10 07:42:54	1	0	15	0
   108610	2021-08-10 07:43:06	1	0	15	0
   108676	2021-08-10 07:43:14	1	0	15	0
   108671	2021-08-10 07:43:20	1	0	15	0
    10076	2021-08-10 07:43:34	1	0	15	0
   108669	2021-08-10 07:43:42	1	0	15	0
    10025	2021-08-10 07:43:56	1	0	15	0
    10221	2021-08-10 07:44:57	1	0	15	0
   108668	2021-08-10 07:45:50	1	0	15	0
   108638	2021-08-10 07:46:17	1	0	15	0
    10284	2021-08-10 07:47:33	1	0	15	0
    10228	2021-08-10 07:50:16	1	0	15	0
    10159	2021-08-10 07:52:10	1	0	15	0
   108598	2021-08-10 07:53:27	1	0	15	0
   500001	2021-08-10 07:55:04	1	0	15	0
    10138	2021-08-10 07:55:19	1	0	15	0
   108619	2021-08-10 07:55:27	1	0	15	0
    19980	2021-08-10 07:55:40	1	0	15	0
    10129	2021-08-10 07:56:07	1	0	15	0
   108663	2021-08-10 07:57:57	1	0	15	0
   108489	2021-08-10 07:58:40	1	0	15	0
   102524	2021-08-10 07:58:51	1	0	15	0
   108579	2021-08-10 07:59:01	1	0	15	0
    10032	2021-08-10 07:59:10	1	0	15	0
    10458	2021-08-10 07:59:21	1	0	15	0
    10348	2021-08-10 08:01:05	1	0	15	0
   108591	2021-08-10 08:01:51	1	0	15	0
   108613	2021-08-10 08:06:15	1	0	15	0
   108672	2021-08-10 08:06:38	1	0	15	0
   108666	2021-08-10 08:07:32	1	0	15	0
   101432	2021-08-10 08:10:54	1	0	15	0
   102544	2021-08-10 08:13:38	1	0	15	0
    10550	2021-08-10 08:13:59	1	0	15	0
   108611	2021-08-10 08:17:49	1	0	15	0
   102579	2021-08-10 08:18:07	1	0	15	0
    10309	2021-08-10 08:30:17	1	0	15	0
   108515	2021-08-10 08:58:38	1	0	15	0
