    10456	2021-04-26 05:42:57	1	0	15	0
   101437	2021-04-26 06:22:11	1	0	15	0
   101437	2021-04-26 06:22:14	1	0	15	0
   108654	2021-04-26 06:41:32	1	0	15	0
   102526	2021-04-26 06:45:57	1	0	15	0
   108608	2021-04-26 06:50:09	1	0	15	0
   108662	2021-04-26 06:58:28	1	0	15	0
   108587	2021-04-26 07:09:09	1	0	15	0
   108630	2021-04-26 07:11:53	1	0	15	0
   108617	2021-04-26 07:14:33	1	0	15	0
    10356	2021-04-26 07:17:09	1	0	15	0
   108667	2021-04-26 07:19:34	1	0	15	0
   108556	2021-04-26 07:21:55	1	0	15	0
    10159	2021-04-26 07:23:50	1	0	15	0
   108663	2021-04-26 07:24:01	1	0	15	0
    10080	2021-04-26 07:25:13	1	0	15	0
    10033	2021-04-26 07:25:35	1	0	15	0
   108585	2021-04-26 07:25:43	1	0	15	0
   108612	2021-04-26 07:29:06	1	0	15	0
   108612	2021-04-26 07:29:08	1	0	15	0
   108672	2021-04-26 07:29:31	1	0	15	0
   108505	2021-04-26 07:30:20	1	0	15	0
   108549	2021-04-26 07:30:34	1	0	15	0
    10550	2021-04-26 07:32:44	1	0	15	0
   108538	2021-04-26 07:33:05	1	0	15	0
   108472	2021-04-26 07:35:00	1	0	15	0
   108610	2021-04-26 07:35:10	1	0	15	0
   108638	2021-04-26 07:35:37	1	0	15	0
   108593	2021-04-26 07:37:20	1	0	15	0
   108658	2021-04-26 07:37:38	1	0	15	0
    10284	2021-04-26 07:37:49	1	0	15	0
   108670	2021-04-26 07:38:39	1	0	15	0
    10065	2021-04-26 07:39:29	1	0	15	0
   101432	2021-04-26 07:40:58	1	0	15	0
   108469	2021-04-26 07:43:14	1	0	15	0
   108668	2021-04-26 07:45:24	1	0	15	0
   108668	2021-04-26 07:45:26	1	0	15	0
    10278	2021-04-26 07:47:15	1	0	15	0
   108636	2021-04-26 07:47:38	1	0	15	0
   108669	2021-04-26 07:47:53	1	0	15	0
   102542	2021-04-26 07:48:30	1	0	15	0
    10309	2021-04-26 07:49:58	1	0	15	0
    10025	2021-04-26 07:50:42	1	0	15	0
    10228	2021-04-26 07:51:20	1	0	15	0
    10221	2021-04-26 07:52:57	1	0	15	0
   108568	2021-04-26 07:54:58	1	0	15	0
   102544	2021-04-26 07:55:10	1	0	15	0
    10129	2021-04-26 07:55:56	1	0	15	0
   108598	2021-04-26 07:57:10	1	0	15	0
   108579	2021-04-26 07:57:37	1	0	15	0
   108635	2021-04-26 07:59:03	1	0	15	0
   108619	2021-04-26 07:59:34	1	0	15	0
    10032	2021-04-26 08:01:42	1	0	15	0
   108666	2021-04-26 08:02:33	1	0	15	0
   108611	2021-04-26 08:03:43	1	0	15	0
   108591	2021-04-26 08:04:06	1	0	15	0
    10149	2021-04-26 08:04:25	1	0	15	0
    19980	2021-04-26 08:07:04	1	0	15	0
   108665	2021-04-26 08:09:58	1	0	15	0
   108665	2021-04-26 08:10:00	1	0	15	0
   500001	2021-04-26 08:11:20	1	0	15	0
    10458	2021-04-26 08:12:35	1	0	15	0
    10063	2021-04-26 08:13:49	1	0	15	0
   108671	2021-04-26 08:14:00	1	0	15	0
   108489	2021-04-26 08:14:09	1	0	15	0
   108523	2021-04-26 08:14:18	1	0	15	0
    10076	2021-04-26 08:14:40	1	0	15	0
   102524	2021-04-26 08:15:02	1	0	15	0
    10127	2021-04-26 08:30:57	1	0	15	0
    10138	2021-04-26 08:31:39	1	0	15	0
   102579	2021-04-26 08:37:23	1	0	15	0
   108515	2021-04-26 08:55:47	1	0	15	0
   108654	2021-04-26 16:01:24	1	1	15	0
   101437	2021-04-26 16:01:58	1	1	15	0
    10348	2021-04-26 16:02:05	1	1	15	0
   108472	2021-04-26 16:02:14	1	1	15	0
    10456	2021-04-26 16:02:21	1	1	15	0
   108612	2021-04-26 16:02:26	1	1	15	0
    10356	2021-04-26 16:02:34	1	1	15	0
    10214	2021-04-26 16:02:42	1	1	15	0
   108538	2021-04-26 16:02:50	1	1	15	0
   108469	2021-04-26 16:04:24	1	1	15	0
   108549	2021-04-26 16:04:54	1	1	15	0
    10228	2021-04-26 16:05:41	1	1	15	0
    10138	2021-04-26 16:07:44	1	1	15	0
    10284	2021-04-26 16:08:07	1	1	15	0
    10278	2021-04-26 16:10:55	1	1	15	0
    10278	2021-04-26 16:10:57	1	1	15	0
   108593	2021-04-26 17:00:27	1	1	15	0
   108630	2021-04-26 17:00:47	1	1	15	0
    10080	2021-04-26 17:00:56	1	1	15	0
   101432	2021-04-26 17:01:09	1	1	15	0
   102544	2021-04-26 17:01:19	1	1	15	0
   108619	2021-04-26 17:01:27	1	1	15	0
    10550	2021-04-26 17:01:36	1	1	15	0
   108617	2021-04-26 17:01:59	1	1	15	0
   102526	2021-04-26 17:02:18	1	1	15	0
   108670	2021-04-26 17:03:04	1	1	15	0
    10221	2021-04-26 17:03:17	1	1	15	0
   108669	2021-04-26 17:03:38	1	1	15	0
   108587	2021-04-26 17:03:47	1	1	15	0
   108579	2021-04-26 17:03:53	1	1	15	0
    19980	2021-04-26 17:04:14	1	1	15	0
   108638	2021-04-26 17:04:21	1	1	15	0
    10458	2021-04-26 17:04:44	1	1	15	0
    10033	2021-04-26 17:04:50	1	1	15	0
   108662	2021-04-26 17:04:57	1	1	15	0
   108667	2021-04-26 17:05:04	1	1	15	0
   108667	2021-04-26 17:05:06	1	1	15	0
    10065	2021-04-26 17:05:13	1	1	15	0
   108667	2021-04-26 17:05:22	1	1	15	0
   108667	2021-04-26 17:05:24	1	1	15	0
   108611	2021-04-26 17:06:00	1	1	15	0
   108635	2021-04-26 17:06:40	1	1	15	0
   108556	2021-04-26 17:07:01	1	1	15	0
    10025	2021-04-26 17:07:13	1	1	15	0
   108636	2021-04-26 17:07:29	1	1	15	0
   108515	2021-04-26 17:09:31	1	1	15	0
    10309	2021-04-26 17:10:16	1	1	15	0
    10159	2021-04-26 17:12:01	1	1	15	0
   108671	2021-04-26 17:12:12	1	1	15	0
   108671	2021-04-26 17:12:15	1	1	15	0
   108489	2021-04-26 17:12:43	1	1	15	0
   108610	2021-04-26 17:13:06	1	1	15	0
    10063	2021-04-26 17:14:49	1	1	15	0
    10076	2021-04-26 17:15:30	1	1	15	0
   108672	2021-04-26 17:16:21	1	1	15	0
   108672	2021-04-26 17:16:24	1	1	15	0
   108666	2021-04-26 17:17:08	1	1	15	0
   108568	2021-04-26 17:17:19	1	1	15	0
   102542	2021-04-26 17:17:45	1	1	15	0
    10149	2021-04-26 17:17:57	1	1	15	0
   102524	2021-04-26 17:21:39	1	1	15	0
   500001	2021-04-26 17:21:49	1	1	15	0
   108608	2021-04-26 17:22:45	1	1	15	0
   108668	2021-04-26 17:23:44	1	1	15	0
   108668	2021-04-26 17:23:46	1	1	15	0
   108658	2021-04-26 17:26:55	1	1	15	0
   108585	2021-04-26 17:31:09	1	1	15	0
   108591	2021-04-26 17:36:50	1	1	15	0
    10032	2021-04-26 17:39:30	1	1	15	0
   108505	2021-04-26 17:45:53	1	1	15	0
   108505	2021-04-26 17:45:56	1	1	15	0
   108663	2021-04-26 18:04:38	1	1	15	0
    10129	2021-04-26 18:12:46	1	1	15	0
   102579	2021-04-26 18:12:54	1	1	15	0
   108523	2021-04-26 20:10:48	1	1	15	0
   108523	2021-04-26 20:10:51	1	1	15	0
   108665	2021-04-27 00:56:47	1	1	15	0
    10127	2021-04-27 00:56:58	1	1	15	0
    10456	2021-04-27 05:42:36	1	0	15	0
   101437	2021-04-27 06:15:17	1	0	15	0
   108469	2021-04-27 06:21:42	1	0	15	0
   102526	2021-04-27 06:32:00	1	0	15	0
   108533	2021-04-27 06:48:02	1	0	15	0
   108608	2021-04-27 06:50:35	1	0	15	0
   108617	2021-04-27 06:54:32	1	0	15	0
   108662	2021-04-27 06:56:58	1	0	15	0
   108630	2021-04-27 07:04:18	1	0	15	0
   101451	2021-04-27 07:06:29	1	0	15	0
   108587	2021-04-27 07:08:26	1	0	15	0
   108587	2021-04-27 07:08:29	1	0	15	0
   108667	2021-04-27 07:09:03	1	0	15	0
   108556	2021-04-27 07:09:24	1	0	15	0
    10214	2021-04-27 07:13:31	1	0	15	0
    10356	2021-04-27 07:14:21	1	0	15	0
   108472	2021-04-27 07:15:49	1	0	15	0
   108654	2021-04-27 07:16:32	1	0	15	0
   108657	2021-04-27 07:16:42	1	0	15	0
   108657	2021-04-27 07:16:44	1	0	15	0
   108523	2021-04-27 07:17:10	1	0	15	0
    10033	2021-04-27 07:18:41	1	0	15	0
   108585	2021-04-27 07:21:34	1	0	15	0
    10065	2021-04-27 07:21:55	1	0	15	0
    10284	2021-04-27 07:24:44	1	0	15	0
   108612	2021-04-27 07:25:53	1	0	15	0
   108568	2021-04-27 07:27:05	1	0	15	0
   108505	2021-04-27 07:31:30	1	0	15	0
   108593	2021-04-27 07:33:10	1	0	15	0
   108658	2021-04-27 07:33:54	1	0	15	0
   108538	2021-04-27 07:34:29	1	0	15	0
    10138	2021-04-27 07:37:12	1	0	15	0
   108670	2021-04-27 07:37:48	1	0	15	0
   108610	2021-04-27 07:40:02	1	0	15	0
   108579	2021-04-27 07:40:19	1	0	15	0
   108672	2021-04-27 07:41:10	1	0	15	0
   108672	2021-04-27 07:41:11	1	0	15	0
    10278	2021-04-27 07:44:39	1	0	15	0
    10278	2021-04-27 07:44:41	1	0	15	0
    10228	2021-04-27 07:46:34	1	0	15	0
   101432	2021-04-27 07:47:40	1	0	15	0
   108549	2021-04-27 07:47:54	1	0	15	0
    10025	2021-04-27 07:47:59	1	0	15	0
   108669	2021-04-27 07:48:12	1	0	15	0
   108598	2021-04-27 07:49:02	1	0	15	0
    10221	2021-04-27 07:49:34	1	0	15	0
    10309	2021-04-27 07:50:36	1	0	15	0
    10063	2021-04-27 07:51:42	1	0	15	0
    10149	2021-04-27 07:51:51	1	0	15	0
   108489	2021-04-27 07:51:59	1	0	15	0
    10076	2021-04-27 07:52:13	1	0	15	0
   108671	2021-04-27 07:52:19	1	0	15	0
   102524	2021-04-27 07:52:27	1	0	15	0
   108663	2021-04-27 07:52:33	1	0	15	0
    10129	2021-04-27 07:53:42	1	0	15	0
   108638	2021-04-27 07:53:53	1	0	15	0
   108591	2021-04-27 07:54:36	1	0	15	0
    10159	2021-04-27 07:54:59	1	0	15	0
    10550	2021-04-27 07:55:09	1	0	15	0
   108619	2021-04-27 07:55:47	1	0	15	0
    19980	2021-04-27 07:57:49	1	0	15	0
   108611	2021-04-27 07:59:04	1	0	15	0
   108636	2021-04-27 07:59:30	1	0	15	0
   108613	2021-04-27 08:00:37	1	0	15	0
    10032	2021-04-27 08:00:53	1	0	15	0
    10348	2021-04-27 08:01:54	1	0	15	0
   102542	2021-04-27 08:02:13	1	0	15	0
   108635	2021-04-27 08:06:20	1	0	15	0
    10458	2021-04-27 08:08:51	1	0	15	0
   500001	2021-04-27 08:13:37	1	0	15	0
   108666	2021-04-27 08:14:24	1	0	15	0
    10127	2021-04-27 08:37:24	1	0	15	0
   108665	2021-04-27 08:37:30	1	0	15	0
   102579	2021-04-27 08:44:04	1	0	15	0
   108515	2021-04-27 09:13:21	1	0	15	0
    10080	2021-04-27 11:26:10	1	0	15	0
   102579	2021-04-27 15:52:10	1	0	15	0
   108630	2021-04-27 16:02:04	1	0	15	0
   108630	2021-04-27 16:02:09	1	0	15	0
   108630	2021-04-27 16:02:11	1	0	15	0
   108549	2021-04-27 16:02:24	1	0	15	0
    10456	2021-04-27 16:02:30	1	0	15	0
   108533	2021-04-27 16:02:37	1	0	15	0
   101437	2021-04-27 16:02:59	1	0	15	0
   108612	2021-04-27 16:03:13	1	1	15	0
   108472	2021-04-27 16:03:18	1	1	15	0
    10214	2021-04-27 16:03:24	1	1	15	0
   102526	2021-04-27 16:03:44	1	1	15	0
    10356	2021-04-27 16:04:27	1	1	15	0
    10138	2021-04-27 16:04:49	1	1	15	0
    10278	2021-04-27 16:06:36	1	1	15	0
   108469	2021-04-27 16:06:41	1	1	15	0
    10284	2021-04-27 16:06:51	1	1	15	0
   108538	2021-04-27 16:06:58	1	1	15	0
   102542	2021-04-27 16:07:13	1	1	15	0
    10228	2021-04-27 16:08:28	1	1	15	0
    10309	2021-04-27 16:10:52	1	1	15	0
   108657	2021-04-27 17:00:19	1	1	15	0
   108654	2021-04-27 17:00:25	1	1	15	0
   108613	2021-04-27 17:00:33	1	1	15	0
   108593	2021-04-27 17:00:40	1	1	15	0
   108619	2021-04-27 17:00:54	1	1	15	0
   101451	2021-04-27 17:01:02	1	1	15	0
    10080	2021-04-27 17:01:50	1	1	15	0
   101432	2021-04-27 17:02:05	1	1	15	0
   108617	2021-04-27 17:02:26	1	1	15	0
    10550	2021-04-27 17:02:37	1	1	15	0
   108670	2021-04-27 17:03:10	1	1	15	0
   108579	2021-04-27 17:03:16	1	1	15	0
    19980	2021-04-27 17:03:45	1	1	15	0
   108638	2021-04-27 17:03:51	1	1	15	0
    10221	2021-04-27 17:03:57	1	1	15	0
   108669	2021-04-27 17:04:11	1	1	15	0
   108635	2021-04-27 17:04:20	1	1	15	0
   108611	2021-04-27 17:04:26	1	1	15	0
    10025	2021-04-27 17:04:56	1	1	15	0
    10065	2021-04-27 17:05:24	1	1	15	0
   108515	2021-04-27 17:05:52	1	1	15	0
   108667	2021-04-27 17:06:00	1	1	15	0
   108667	2021-04-27 17:06:02	1	1	15	0
   108587	2021-04-27 17:06:11	1	1	15	0
    10033	2021-04-27 17:06:24	1	1	15	0
   108662	2021-04-27 17:06:49	1	1	15	0
   108591	2021-04-27 17:07:25	1	1	15	0
   108556	2021-04-27 17:08:34	1	1	15	0
    10159	2021-04-27 17:08:55	1	1	15	0
   108489	2021-04-27 17:09:12	1	1	15	0
   108636	2021-04-27 17:09:22	1	1	15	0
   108608	2021-04-27 17:11:15	1	1	15	0
   500001	2021-04-27 17:11:56	1	1	15	0
    10032	2021-04-27 17:15:24	1	1	15	0
   108585	2021-04-27 17:20:28	1	1	15	0
    10063	2021-04-27 17:27:49	1	1	15	0
   108568	2021-04-27 17:28:06	1	1	15	0
   108610	2021-04-27 17:28:15	1	1	15	0
   108663	2021-04-27 17:28:40	1	1	15	0
   108658	2021-04-27 17:28:47	1	1	15	0
   108598	2021-04-27 17:29:09	1	1	15	0
   108672	2021-04-27 17:29:23	1	1	15	0
   108671	2021-04-27 17:29:38	1	1	15	0
    10076	2021-04-27 17:33:12	1	1	15	0
    10149	2021-04-27 17:34:13	1	1	15	0
   102524	2021-04-27 17:38:55	1	1	15	0
    10458	2021-04-27 17:41:43	1	1	15	0
    10458	2021-04-27 17:41:46	1	1	15	0
   108505	2021-04-27 17:47:55	1	1	15	0
    10129	2021-04-27 18:12:43	1	1	15	0
   108666	2021-04-27 18:47:33	1	1	15	0
   108523	2021-04-27 19:54:39	1	1	15	0
   108665	2021-04-27 20:14:35	1	1	15	0
    10127	2021-04-27 20:14:46	1	1	15	0
    10456	2021-04-28 05:45:07	1	0	15	0
   108608	2021-04-28 06:09:20	1	0	15	0
   108608	2021-04-28 06:09:22	1	0	15	0
   101437	2021-04-28 06:24:46	1	0	15	0
   101437	2021-04-28 06:24:48	1	0	15	0
   102526	2021-04-28 06:33:05	1	0	15	0
   108617	2021-04-28 06:52:55	1	0	15	0
   108523	2021-04-28 07:03:10	1	0	15	0
   102542	2021-04-28 07:03:57	1	0	15	0
   108662	2021-04-28 07:07:45	1	0	15	0
   108533	2021-04-28 07:08:51	1	0	15	0
    10214	2021-04-28 07:13:56	1	0	15	0
   108630	2021-04-28 07:14:06	1	0	15	0
    10356	2021-04-28 07:14:32	1	0	15	0
   108667	2021-04-28 07:15:36	1	0	15	0
   108587	2021-04-28 07:17:21	1	0	15	0
   101451	2021-04-28 07:19:04	1	0	15	0
   108612	2021-04-28 07:21:02	1	0	15	0
   108472	2021-04-28 07:21:27	1	0	15	0
    10080	2021-04-28 07:26:34	1	0	15	0
   108638	2021-04-28 07:27:22	1	0	15	0
   108663	2021-04-28 07:27:59	1	0	15	0
   108505	2021-04-28 07:28:22	1	0	15	0
   108593	2021-04-28 07:28:44	1	0	15	0
   108657	2021-04-28 07:29:04	1	0	15	0
   108657	2021-04-28 07:29:06	1	0	15	0
   108654	2021-04-28 07:29:20	1	0	15	0
   108538	2021-04-28 07:32:31	1	0	15	0
    10065	2021-04-28 07:33:53	1	0	15	0
   101432	2021-04-28 07:34:50	1	0	15	0
   108598	2021-04-28 07:36:50	1	0	15	0
   108665	2021-04-28 07:37:16	1	0	15	0
   108610	2021-04-28 07:37:28	1	0	15	0
   108670	2021-04-28 07:39:50	1	0	15	0
    10221	2021-04-28 07:40:01	1	0	15	0
    10033	2021-04-28 07:40:17	1	0	15	0
    10149	2021-04-28 07:40:54	1	0	15	0
   108671	2021-04-28 07:41:22	1	0	15	0
   108489	2021-04-28 07:41:29	1	0	15	0
    10076	2021-04-28 07:41:43	1	0	15	0
   102524	2021-04-28 07:41:51	1	0	15	0
   108585	2021-04-28 07:41:58	1	0	15	0
    10228	2021-04-28 07:42:55	1	0	15	0
   108568	2021-04-28 07:43:07	1	0	15	0
    10159	2021-04-28 07:43:24	1	0	15	0
   108668	2021-04-28 07:44:43	1	0	15	0
   108669	2021-04-28 07:45:15	1	0	15	0
   108636	2021-04-28 07:45:49	1	0	15	0
    10284	2021-04-28 07:45:57	1	0	15	0
    10278	2021-04-28 07:46:09	1	0	15	0
    10348	2021-04-28 07:46:19	1	0	15	0
    10348	2021-04-28 07:46:21	1	0	15	0
   108672	2021-04-28 07:46:33	1	0	15	0
   108672	2021-04-28 07:46:35	1	0	15	0
   108469	2021-04-28 07:46:46	1	0	15	0
   108556	2021-04-28 07:47:48	1	0	15	0
   108658	2021-04-28 07:48:58	1	0	15	0
   108549	2021-04-28 07:49:43	1	0	15	0
   108591	2021-04-28 07:50:24	1	0	15	0
    19980	2021-04-28 07:50:35	1	0	15	0
    10025	2021-04-28 07:51:23	1	0	15	0
   108613	2021-04-28 07:51:39	1	0	15	0
    10309	2021-04-28 07:52:37	1	0	15	0
   108666	2021-04-28 07:54:23	1	0	15	0
   108619	2021-04-28 07:55:20	1	0	15	0
    10129	2021-04-28 07:56:43	1	0	15	0
    10032	2021-04-28 07:57:29	1	0	15	0
    10550	2021-04-28 07:59:23	1	0	15	0
   500001	2021-04-28 08:00:46	1	0	15	0
   108579	2021-04-28 08:01:45	1	0	15	0
   108579	2021-04-28 08:01:47	1	0	15	0
    10138	2021-04-28 08:02:12	1	0	15	0
   108611	2021-04-28 08:09:52	1	0	15	0
   108635	2021-04-28 08:21:06	1	0	15	0
   102579	2021-04-28 08:46:01	1	0	15	0
   108515	2021-04-28 08:49:00	1	0	15	0
    10127	2021-04-28 08:52:20	1	0	15	0
   102544	2021-04-28 09:11:04	1	0	15	0
    10063	2021-04-28 12:08:20	1	0	15	0
   108629	2021-04-28 12:51:00	1	0	15	0
   108593	2021-04-28 16:00:34	1	1	15	0
   108538	2021-04-28 16:00:41	1	1	15	0
   108613	2021-04-28 16:00:52	1	1	15	0
   108549	2021-04-28 16:01:00	1	1	15	0
   108630	2021-04-28 16:01:06	1	1	15	0
    10356	2021-04-28 16:01:14	1	1	15	0
   108472	2021-04-28 16:01:20	1	1	15	0
    10214	2021-04-28 16:01:28	1	1	15	0
    10214	2021-04-28 16:01:30	1	1	15	0
    10456	2021-04-28 16:01:38	1	1	15	0
    10284	2021-04-28 16:01:45	1	1	15	0
    10284	2021-04-28 16:01:47	1	1	15	0
   108533	2021-04-28 16:02:26	1	1	15	0
    10138	2021-04-28 16:02:44	1	1	15	0
   102526	2021-04-28 16:03:16	1	1	15	0
   102542	2021-04-28 16:03:39	1	1	15	0
    10278	2021-04-28 16:04:01	1	1	15	0
    10348	2021-04-28 16:04:15	1	1	15	0
   108587	2021-04-28 16:05:25	1	1	15	0
   108587	2021-04-28 16:05:27	1	1	15	0
    10228	2021-04-28 16:06:15	1	1	15	0
    10309	2021-04-28 16:07:07	1	1	15	0
   108657	2021-04-28 17:00:38	1	1	15	0
   101432	2021-04-28 17:00:44	1	1	15	0
   108654	2021-04-28 17:00:51	1	1	15	0
   101437	2021-04-28 17:01:09	1	1	15	0
   108612	2021-04-28 17:01:14	1	1	15	0
    10025	2021-04-28 17:01:22	1	1	15	0
   108619	2021-04-28 17:01:30	1	1	15	0
    19980	2021-04-28 17:02:35	1	1	15	0
    10458	2021-04-28 17:03:00	1	1	15	0
   108591	2021-04-28 17:03:17	1	1	15	0
   108669	2021-04-28 17:03:30	1	1	15	0
   102544	2021-04-28 17:03:40	1	1	15	0
    10080	2021-04-28 17:03:46	1	1	15	0
   108670	2021-04-28 17:04:37	1	1	15	0
   108579	2021-04-28 17:04:48	1	1	15	0
    10221	2021-04-28 17:04:58	1	1	15	0
   108668	2021-04-28 17:05:10	1	1	15	0
   108617	2021-04-28 17:05:17	1	1	15	0
   108611	2021-04-28 17:05:58	1	1	15	0
   108515	2021-04-28 17:06:08	1	1	15	0
   108635	2021-04-28 17:06:19	1	1	15	0
    10065	2021-04-28 17:06:32	1	1	15	0
   108667	2021-04-28 17:06:53	1	1	15	0
    10159	2021-04-28 17:07:32	1	1	15	0
   108556	2021-04-28 17:07:44	1	1	15	0
   108663	2021-04-28 17:07:57	1	1	15	0
    10550	2021-04-28 17:08:05	1	1	15	0
   108662	2021-04-28 17:08:12	1	1	15	0
   108662	2021-04-28 17:08:14	1	1	15	0
   108636	2021-04-28 17:08:29	1	1	15	0
    10033	2021-04-28 17:08:47	1	1	15	0
   108469	2021-04-28 17:09:47	1	1	15	0
    10032	2021-04-28 17:10:13	1	1	15	0
   500001	2021-04-28 17:11:13	1	1	15	0
   108585	2021-04-28 17:11:38	1	1	15	0
   108638	2021-04-28 17:14:04	1	1	15	0
   108608	2021-04-28 17:17:56	1	1	15	0
   108505	2021-04-28 17:18:04	1	1	15	0
   108672	2021-04-28 17:18:35	1	1	15	0
   108672	2021-04-28 17:18:38	1	1	15	0
   102579	2021-04-28 17:20:10	1	1	15	0
   108585	2021-04-28 17:22:33	1	1	15	0
   108489	2021-04-28 17:26:10	1	1	15	0
   108671	2021-04-28 17:26:39	1	1	15	0
   108666	2021-04-28 17:30:56	1	1	15	0
   108568	2021-04-28 17:31:30	1	1	15	0
    10076	2021-04-28 17:31:46	1	1	15	0
    10063	2021-04-28 17:34:03	1	1	15	0
   102524	2021-04-28 17:34:37	1	1	15	0
    10149	2021-04-28 17:34:51	1	1	15	0
    10129	2021-04-28 18:14:11	1	1	15	0
   108523	2021-04-28 18:32:07	1	1	15	0
   108610	2021-04-28 20:08:15	1	1	15	0
   108658	2021-04-28 20:08:25	1	1	15	0
   108598	2021-04-28 20:09:43	1	1	15	0
    10127	2021-04-28 20:15:31	1	1	15	0
   108665	2021-04-28 20:15:40	1	1	15	0
    10348	2021-04-29 03:14:12	1	0	15	0
    10214	2021-04-29 03:22:42	1	0	15	0
    10214	2021-04-29 03:22:45	1	0	15	0
    10356	2021-04-29 03:23:31	1	0	15	0
    10456	2021-04-29 05:38:07	1	0	15	0
   101437	2021-04-29 06:23:35	1	0	15	0
   102526	2021-04-29 06:25:03	1	0	15	0
    10159	2021-04-29 06:37:25	1	0	15	0
   108662	2021-04-29 06:50:31	1	0	15	0
   108617	2021-04-29 06:57:26	1	0	15	0
   108533	2021-04-29 07:02:40	1	0	15	0
   108523	2021-04-29 07:06:35	1	0	15	0
   101451	2021-04-29 07:08:51	1	0	15	0
   108654	2021-04-29 07:10:24	1	0	15	0
   108657	2021-04-29 07:10:41	1	0	15	0
   108657	2021-04-29 07:10:43	1	0	15	0
   108593	2021-04-29 07:12:09	1	0	15	0
   108663	2021-04-29 07:14:23	1	0	15	0
   108587	2021-04-29 07:15:09	1	0	15	0
   108667	2021-04-29 07:18:03	1	0	15	0
    10080	2021-04-29 07:19:47	1	0	15	0
   108472	2021-04-29 07:21:05	1	0	15	0
   108505	2021-04-29 07:25:12	1	0	15	0
   108549	2021-04-29 07:26:01	1	0	15	0
   108585	2021-04-29 07:28:03	1	0	15	0
   108585	2021-04-29 07:28:06	1	0	15	0
   108610	2021-04-29 07:29:26	1	0	15	0
   108630	2021-04-29 07:29:37	1	0	15	0
   108670	2021-04-29 07:31:57	1	0	15	0
   108556	2021-04-29 07:33:00	1	0	15	0
   108538	2021-04-29 07:34:04	1	0	15	0
   101432	2021-04-29 07:36:18	1	0	15	0
   108672	2021-04-29 07:36:36	1	0	15	0
    10033	2021-04-29 07:37:18	1	0	15	0
    10278	2021-04-29 07:40:32	1	0	15	0
    10278	2021-04-29 07:40:34	1	0	15	0
    10063	2021-04-29 07:40:49	1	0	15	0
   108671	2021-04-29 07:40:58	1	0	15	0
    10149	2021-04-29 07:41:15	1	0	15	0
    10076	2021-04-29 07:41:33	1	0	15	0
   108613	2021-04-29 07:43:08	1	0	15	0
    10228	2021-04-29 07:43:49	1	0	15	0
   108598	2021-04-29 07:44:07	1	0	15	0
    10221	2021-04-29 07:45:01	1	0	15	0
   108658	2021-04-29 07:46:09	1	0	15	0
   108469	2021-04-29 07:46:48	1	0	15	0
    10284	2021-04-29 07:47:05	1	0	15	0
   108668	2021-04-29 07:47:21	1	0	15	0
   108668	2021-04-29 07:47:23	1	0	15	0
   108638	2021-04-29 07:48:09	1	0	15	0
   102544	2021-04-29 07:49:23	1	0	15	0
   108669	2021-04-29 07:49:43	1	0	15	0
   108568	2021-04-29 07:49:58	1	0	15	0
    10138	2021-04-29 07:52:58	1	0	15	0
   102542	2021-04-29 07:54:35	1	0	15	0
    10550	2021-04-29 07:54:51	1	0	15	0
    19980	2021-04-29 07:56:21	1	0	15	0
    10129	2021-04-29 07:57:03	1	0	15	0
   108636	2021-04-29 07:58:48	1	0	15	0
    10065	2021-04-29 07:59:06	1	0	15	0
    10065	2021-04-29 07:59:09	1	0	15	0
    10065	2021-04-29 07:59:17	1	0	15	0
    10032	2021-04-29 07:59:32	1	0	15	0
   108619	2021-04-29 07:59:42	1	0	15	0
    10309	2021-04-29 08:00:08	1	0	15	0
   108666	2021-04-29 08:03:20	1	0	15	0
    10127	2021-04-29 08:04:04	1	0	15	0
    10458	2021-04-29 08:04:47	1	0	15	0
   500001	2021-04-29 08:05:10	1	0	15	0
   108635	2021-04-29 08:05:56	1	0	15	0
   108608	2021-04-29 08:07:55	1	0	15	0
   108611	2021-04-29 08:10:07	1	0	15	0
   108579	2021-04-29 08:15:34	1	0	15	0
   108591	2021-04-29 08:23:04	1	0	15	0
   102579	2021-04-29 08:26:06	1	0	15	0
    10025	2021-04-29 08:38:40	1	0	15	0
   108515	2021-04-29 09:13:46	1	0	15	0
    10348	2021-04-29 12:31:17	1	1	15	0
    10356	2021-04-29 12:31:56	1	1	15	0
    10214	2021-04-29 12:32:09	1	1	15	0
    10550	2021-04-29 14:58:29	1	1	15	0
    10025	2021-04-29 15:02:12	1	1	15	0
   108613	2021-04-29 16:01:46	1	1	15	0
   108593	2021-04-29 16:02:12	1	1	15	0
    10138	2021-04-29 16:03:06	1	1	15	0
   102544	2021-04-29 16:03:38	1	1	15	0
   102526	2021-04-29 16:03:57	1	1	15	0
   108549	2021-04-29 16:04:17	1	1	15	0
   108533	2021-04-29 16:04:26	1	1	15	0
    10456	2021-04-29 16:04:37	1	1	15	0
    10284	2021-04-29 16:05:35	1	1	15	0
    10278	2021-04-29 16:05:44	1	1	15	0
   102542	2021-04-29 16:05:53	1	1	15	0
   108587	2021-04-29 16:06:48	1	1	15	0
    10228	2021-04-29 16:08:02	1	1	15	0
    10309	2021-04-29 16:08:36	1	1	15	0
   108469	2021-04-29 16:10:29	1	1	15	0
   108538	2021-04-29 16:18:49	1	1	15	0
   108619	2021-04-29 16:25:28	1	1	15	0
   108472	2021-04-29 16:29:57	1	1	15	0
   108654	2021-04-29 17:01:02	1	1	15	0
   108630	2021-04-29 17:01:08	1	1	15	0
   108657	2021-04-29 17:01:13	1	1	15	0
   101437	2021-04-29 17:01:31	1	1	15	0
    10080	2021-04-29 17:01:41	1	1	15	0
   101432	2021-04-29 17:02:49	1	1	15	0
   108579	2021-04-29 17:03:29	1	1	15	0
   108591	2021-04-29 17:04:57	1	1	15	0
    10033	2021-04-29 17:05:04	1	1	15	0
    10033	2021-04-29 17:05:07	1	1	15	0
    19980	2021-04-29 17:05:44	1	1	15	0
   108611	2021-04-29 17:05:58	1	1	15	0
   108669	2021-04-29 17:06:09	1	1	15	0
   108670	2021-04-29 17:06:18	1	1	15	0
   101451	2021-04-29 17:06:26	1	1	15	0
   108635	2021-04-29 17:06:35	1	1	15	0
   108638	2021-04-29 17:06:52	1	1	15	0
    10458	2021-04-29 17:07:03	1	1	15	0
    10221	2021-04-29 17:07:28	1	1	15	0
   500001	2021-04-29 17:08:16	1	1	15	0
   108515	2021-04-29 17:08:25	1	1	15	0
    10065	2021-04-29 17:12:29	1	1	15	0
   108556	2021-04-29 17:12:51	1	1	15	0
   108585	2021-04-29 17:14:19	1	1	15	0
   108585	2021-04-29 17:14:22	1	1	15	0
    10032	2021-04-29 17:15:49	1	1	15	0
   108636	2021-04-29 17:17:21	1	1	15	0
    10159	2021-04-29 17:17:58	1	1	15	0
   108672	2021-04-29 17:20:06	1	1	15	0
   108672	2021-04-29 17:20:08	1	1	15	0
   108671	2021-04-29 17:32:05	1	1	15	0
   108568	2021-04-29 17:32:34	1	1	15	0
   102579	2021-04-29 17:33:54	1	1	15	0
    10063	2021-04-29 17:36:14	1	1	15	0
    10149	2021-04-29 17:37:59	1	1	15	0
   108668	2021-04-29 17:38:30	1	1	15	0
    10076	2021-04-29 17:39:09	1	1	15	0
   108667	2021-04-29 17:41:35	1	1	15	0
   108667	2021-04-29 17:41:37	1	1	15	0
   108667	2021-04-29 17:41:45	1	1	15	0
   108667	2021-04-29 17:41:48	1	1	15	0
   108667	2021-04-29 17:42:05	1	1	15	0
   108663	2021-04-29 17:45:22	1	1	15	0
   108662	2021-04-29 17:45:28	1	1	15	0
   108666	2021-04-29 17:47:48	1	1	15	0
   108505	2021-04-29 17:56:05	1	1	15	0
   108617	2021-04-29 18:05:36	1	1	15	0
    10129	2021-04-29 18:22:40	1	1	15	0
   108523	2021-04-29 19:48:38	1	1	15	0
   108658	2021-04-29 20:34:19	1	1	15	0
   108598	2021-04-29 20:34:52	1	1	15	0
   108610	2021-04-29 20:35:02	1	1	15	0
    10127	2021-04-29 21:46:39	1	1	15	0
   108665	2021-04-29 21:46:49	1	1	15	0
    10456	2021-04-30 05:35:16	1	0	15	0
   101437	2021-04-30 06:17:43	1	0	15	0
   102526	2021-04-30 06:31:32	1	0	15	0
    10214	2021-04-30 06:54:25	1	0	15	0
    10356	2021-04-30 06:54:34	1	0	15	0
   108662	2021-04-30 06:55:23	1	0	15	0
   101451	2021-04-30 06:58:51	1	0	15	0
   108617	2021-04-30 07:00:08	1	0	15	0
   108587	2021-04-30 07:01:51	1	0	15	0
   108630	2021-04-30 07:04:30	1	0	15	0
   108533	2021-04-30 07:06:25	1	0	15	0
   108523	2021-04-30 07:09:09	1	0	15	0
   108612	2021-04-30 07:10:50	1	0	15	0
    10080	2021-04-30 07:18:32	1	0	15	0
   108663	2021-04-30 07:19:11	1	0	15	0
   108667	2021-04-30 07:19:18	1	0	15	0
   108654	2021-04-30 07:19:50	1	0	15	0
   108657	2021-04-30 07:19:57	1	0	15	0
   108613	2021-04-30 07:26:38	1	0	15	0
   108556	2021-04-30 07:27:16	1	0	15	0
    10065	2021-04-30 07:27:47	1	0	15	0
   108568	2021-04-30 07:29:55	1	0	15	0
   108505	2021-04-30 07:30:04	1	0	15	0
   108598	2021-04-30 07:30:11	1	0	15	0
   108549	2021-04-30 07:30:57	1	0	15	0
   108670	2021-04-30 07:32:20	1	0	15	0
   108538	2021-04-30 07:32:29	1	0	15	0
   101432	2021-04-30 07:32:48	1	0	15	0
   108593	2021-04-30 07:33:34	1	0	15	0
    10025	2021-04-30 07:34:43	1	0	15	0
    10278	2021-04-30 07:35:59	1	0	15	0
    10228	2021-04-30 07:37:05	1	0	15	0
    10033	2021-04-30 07:39:18	1	0	15	0
   108469	2021-04-30 07:40:45	1	0	15	0
   108585	2021-04-30 07:40:50	1	0	15	0
    10063	2021-04-30 07:41:00	1	0	15	0
    10149	2021-04-30 07:41:08	1	0	15	0
   108671	2021-04-30 07:41:14	1	0	15	0
    10076	2021-04-30 07:41:22	1	0	15	0
    10159	2021-04-30 07:42:47	1	0	15	0
   108668	2021-04-30 07:43:00	1	0	15	0
    10221	2021-04-30 07:43:20	1	0	15	0
    10221	2021-04-30 07:43:22	1	0	15	0
   108638	2021-04-30 07:43:40	1	0	15	0
   108610	2021-04-30 07:43:51	1	0	15	0
   108672	2021-04-30 07:44:52	1	0	15	0
   108672	2021-04-30 07:44:54	1	0	15	0
   108636	2021-04-30 07:45:52	1	0	15	0
   108636	2021-04-30 07:45:54	1	0	15	0
    10138	2021-04-30 07:45:59	1	0	15	0
    10284	2021-04-30 07:46:22	1	0	15	0
   102542	2021-04-30 07:46:34	1	0	15	0
   108669	2021-04-30 07:48:51	1	0	15	0
   102544	2021-04-30 07:52:10	1	0	15	0
    10129	2021-04-30 07:52:25	1	0	15	0
    10309	2021-04-30 07:53:25	1	0	15	0
    10127	2021-04-30 07:57:15	1	0	15	0
    19980	2021-04-30 07:58:19	1	0	15	0
   108619	2021-04-30 07:59:02	1	0	15	0
    10550	2021-04-30 07:59:25	1	0	15	0
   108666	2021-04-30 08:01:39	1	0	15	0
    10032	2021-04-30 08:02:55	1	0	15	0
   108665	2021-04-30 08:03:15	1	0	15	0
   108658	2021-04-30 08:03:45	1	0	15	0
   108579	2021-04-30 08:06:12	1	0	15	0
   108635	2021-04-30 08:08:03	1	0	15	0
   500001	2021-04-30 08:10:16	1	0	15	0
   108515	2021-04-30 08:11:50	1	0	15	0
   102524	2021-04-30 08:13:01	1	0	15	0
   108611	2021-04-30 08:13:15	1	0	15	0
   108591	2021-04-30 08:18:21	1	0	15	0
   102579	2021-04-30 08:19:41	1	0	15	0
   108489	2021-04-30 11:01:30	1	0	15	0
   108608	2021-04-30 11:55:13	1	0	15	0
   108608	2021-04-30 11:55:20	1	0	15	0
    10025	2021-04-30 12:03:25	1	0	15	0
    10127	2021-04-30 12:45:25	1	0	15	0
    10127	2021-04-30 13:09:49	1	0	15	0
   102579	2021-04-30 15:29:45	1	0	15	0
   108630	2021-04-30 16:01:34	1	0	15	0
   108654	2021-04-30 16:01:40	1	0	15	0
   102526	2021-04-30 16:02:32	1	0	15	0
   101437	2021-04-30 16:02:42	1	0	15	0
   108612	2021-04-30 16:03:48	1	1	15	0
    10356	2021-04-30 16:04:02	1	1	15	0
    10138	2021-04-30 16:05:21	1	1	15	0
    10284	2021-04-30 16:05:30	1	1	15	0
    10228	2021-04-30 16:05:46	1	1	15	0
    10309	2021-04-30 16:06:13	1	1	15	0
   108538	2021-04-30 16:06:39	1	1	15	0
   102544	2021-04-30 16:18:51	1	1	15	0
   108549	2021-04-30 16:26:00	1	1	15	0
    10456	2021-04-30 16:27:37	1	1	15	0
    10278	2021-04-30 16:28:14	1	1	15	0
   108619	2021-04-30 16:28:45	1	1	15	0
   108469	2021-04-30 16:30:52	1	1	15	0
   108593	2021-04-30 17:00:24	1	1	15	0
   108613	2021-04-30 17:00:33	1	1	15	0
   101436	2021-04-30 17:00:38	1	1	15	0
   108657	2021-04-30 17:00:51	1	1	15	0
   108533	2021-04-30 17:01:06	1	1	15	0
   101451	2021-04-30 17:01:15	1	1	15	0
    10080	2021-04-30 17:01:21	1	1	15	0
   108670	2021-04-30 17:01:48	1	1	15	0
   108670	2021-04-30 17:01:51	1	1	15	0
   108579	2021-04-30 17:01:57	1	1	15	0
   101432	2021-04-30 17:02:03	1	1	15	0
   108669	2021-04-30 17:02:49	1	1	15	0
   108611	2021-04-30 17:02:59	1	1	15	0
   108617	2021-04-30 17:03:07	1	1	15	0
   108668	2021-04-30 17:03:43	1	1	15	0
   108668	2021-04-30 17:03:45	1	1	15	0
    19980	2021-04-30 17:03:55	1	1	15	0
   108587	2021-04-30 17:04:11	1	1	15	0
   108587	2021-04-30 17:04:13	1	1	15	0
   108667	2021-04-30 17:04:26	1	1	15	0
   108662	2021-04-30 17:04:38	1	1	15	0
   108591	2021-04-30 17:04:44	1	1	15	0
   108608	2021-04-30 17:05:09	1	1	15	0
    10065	2021-04-30 17:05:38	1	1	15	0
    10065	2021-04-30 17:05:41	1	1	15	0
    10065	2021-04-30 17:05:49	1	1	15	0
    10458	2021-04-30 17:06:05	1	1	15	0
   108568	2021-04-30 17:06:25	1	1	15	0
   102542	2021-04-30 17:07:38	1	1	15	0
    10032	2021-04-30 17:07:57	1	1	15	0
   108635	2021-04-30 17:08:23	1	1	15	0
   108556	2021-04-30 17:08:44	1	1	15	0
    10033	2021-04-30 17:09:29	1	1	15	0
   108636	2021-04-30 17:11:35	1	1	15	0
   108638	2021-04-30 17:11:47	1	1	15	0
   108672	2021-04-30 17:18:22	1	1	15	0
   108672	2021-04-30 17:18:25	1	1	15	0
   102524	2021-04-30 17:18:59	1	1	15	0
   108610	2021-04-30 17:21:51	1	1	15	0
   108658	2021-04-30 17:24:48	1	1	15	0
   108598	2021-04-30 17:24:56	1	1	15	0
   108663	2021-04-30 17:25:03	1	1	15	0
   108489	2021-04-30 17:28:13	1	1	15	0
    10550	2021-04-30 17:28:29	1	1	15	0
   108671	2021-04-30 17:32:54	1	1	15	0
    10076	2021-04-30 17:36:13	1	1	15	0
    10221	2021-04-30 17:36:49	1	1	15	0
    10063	2021-04-30 17:37:00	1	1	15	0
   500001	2021-04-30 17:37:37	1	1	15	0
    10149	2021-04-30 17:38:09	1	1	15	0
   108523	2021-04-30 17:55:23	1	1	15	0
   108585	2021-04-30 17:58:41	1	1	15	0
   108505	2021-04-30 18:01:44	1	1	15	0
   108515	2021-04-30 18:07:48	1	1	15	0
    10129	2021-04-30 18:43:20	1	1	15	0
   108665	2021-04-30 19:06:55	1	1	15	0
   108666	2021-04-30 19:07:07	1	1	15	0
    10127	2021-04-30 19:24:09	1	1	15	0
   108515	2021-05-02 07:59:05	1	0	15	0
   108515	2021-05-02 15:02:46	1	0	15	0
    10456	2021-05-03 05:40:33	1	0	15	0
   101437	2021-05-03 06:18:08	1	0	15	0
   108654	2021-05-03 06:27:50	1	0	15	0
   108657	2021-05-03 06:27:56	1	0	15	0
   102526	2021-05-03 06:35:28	1	0	15	0
   108608	2021-05-03 06:47:14	1	0	15	0
   108662	2021-05-03 06:52:58	1	0	15	0
   108533	2021-05-03 06:59:20	1	0	15	0
   108523	2021-05-03 07:01:38	1	0	15	0
   108556	2021-05-03 07:04:46	1	0	15	0
   108617	2021-05-03 07:07:26	1	0	15	0
   108593	2021-05-03 07:09:48	1	0	15	0
   108630	2021-05-03 07:11:55	1	0	15	0
   101451	2021-05-03 07:19:41	1	0	15	0
   108585	2021-05-03 07:20:07	1	0	15	0
   108598	2021-05-03 07:21:09	1	0	15	0
    10080	2021-05-03 07:22:32	1	0	15	0
   108667	2021-05-03 07:23:08	1	0	15	0
    10356	2021-05-03 07:23:17	1	0	15	0
    10159	2021-05-03 07:23:46	1	0	15	0
   101432	2021-05-03 07:25:34	1	0	15	0
   108505	2021-05-03 07:26:57	1	0	15	0
   108472	2021-05-03 07:29:22	1	0	15	0
   102542	2021-05-03 07:29:42	1	0	15	0
   108612	2021-05-03 07:30:25	1	0	15	0
   102524	2021-05-03 07:32:12	1	0	15	0
    10033	2021-05-03 07:33:28	1	0	15	0
   108670	2021-05-03 07:35:29	1	0	15	0
   108663	2021-05-03 07:38:13	1	0	15	0
    10063	2021-05-03 07:38:58	1	0	15	0
    10149	2021-05-03 07:39:07	1	0	15	0
    10221	2021-05-03 07:39:19	1	0	15	0
   108610	2021-05-03 07:39:29	1	0	15	0
    10076	2021-05-03 07:39:35	1	0	15	0
   108671	2021-05-03 07:39:41	1	0	15	0
   108568	2021-05-03 07:39:49	1	0	15	0
    10284	2021-05-03 07:40:50	1	0	15	0
    10065	2021-05-03 07:43:08	1	0	15	0
   108469	2021-05-03 07:43:28	1	0	15	0
    10228	2021-05-03 07:43:46	1	0	15	0
   108669	2021-05-03 07:44:06	1	0	15	0
    10278	2021-05-03 07:45:45	1	0	15	0
   108638	2021-05-03 07:45:54	1	0	15	0
    10129	2021-05-03 07:46:34	1	0	15	0
   108538	2021-05-03 07:46:41	1	0	15	0
    10032	2021-05-03 07:47:03	1	0	15	0
   108668	2021-05-03 07:48:38	1	0	15	0
   108549	2021-05-03 07:50:36	1	0	15	0
   108635	2021-05-03 07:51:19	1	0	15	0
    10127	2021-05-03 07:51:28	1	0	15	0
   108672	2021-05-03 07:51:46	1	0	15	0
   108672	2021-05-03 07:51:48	1	0	15	0
    10309	2021-05-03 07:51:59	1	0	15	0
   108665	2021-05-03 07:54:00	1	0	15	0
   108666	2021-05-03 07:58:21	1	0	15	0
   108636	2021-05-03 08:00:41	1	0	15	0
    19980	2021-05-03 08:01:06	1	0	15	0
   108619	2021-05-03 08:01:19	1	0	15	0
   108611	2021-05-03 08:01:51	1	0	15	0
    10138	2021-05-03 08:01:58	1	0	15	0
   108579	2021-05-03 08:03:51	1	0	15	0
    10458	2021-05-03 08:09:32	1	0	15	0
   102544	2021-05-03 08:12:49	1	0	15	0
   500001	2021-05-03 08:19:14	1	0	15	0
   108591	2021-05-03 08:36:10	1	0	15	0
   102579	2021-05-03 08:47:50	1	0	15	0
   108515	2021-05-03 09:05:08	1	0	15	0
   108658	2021-05-03 12:02:35	1	0	15	0
   108593	2021-05-03 16:00:05	1	1	15	0
   102544	2021-05-03 16:00:18	1	1	15	0
   108654	2021-05-03 16:00:24	1	1	15	0
   108657	2021-05-03 16:00:31	1	1	15	0
    10284	2021-05-03 16:00:46	1	1	15	0
    10284	2021-05-03 16:00:48	1	1	15	0
    10356	2021-05-03 16:01:04	1	1	15	0
   101437	2021-05-03 16:01:10	1	1	15	0
   108472	2021-05-03 16:01:17	1	1	15	0
   108538	2021-05-03 16:01:23	1	1	15	0
   102526	2021-05-03 16:01:31	1	1	15	0
   108612	2021-05-03 16:01:39	1	1	15	0
   108549	2021-05-03 16:01:51	1	1	15	0
    10138	2021-05-03 16:02:04	1	1	15	0
    10278	2021-05-03 16:02:16	1	1	15	0
    10278	2021-05-03 16:02:18	1	1	15	0
    10309	2021-05-03 16:03:33	1	1	15	0
   101451	2021-05-03 16:17:34	1	1	15	0
   108469	2021-05-03 16:25:27	1	1	15	0
    10228	2021-05-03 16:29:11	1	1	15	0
   108630	2021-05-03 17:00:28	1	1	15	0
    10080	2021-05-03 17:00:47	1	1	15	0
   108619	2021-05-03 17:01:09	1	1	15	0
    10456	2021-05-03 17:01:20	1	1	15	0
   101432	2021-05-03 17:01:28	1	1	15	0
   108533	2021-05-03 17:01:37	1	1	15	0
    10458	2021-05-03 17:01:49	1	1	15	0
   500001	2021-05-03 17:02:09	1	1	15	0
   108669	2021-05-03 17:02:20	1	1	15	0
   108617	2021-05-03 17:02:33	1	1	15	0
   108591	2021-05-03 17:03:24	1	1	15	0
   108608	2021-05-03 17:03:37	1	1	15	0
   108670	2021-05-03 17:03:49	1	1	15	0
    19980	2021-05-03 17:04:24	1	1	15	0
   108579	2021-05-03 17:04:33	1	1	15	0
   108635	2021-05-03 17:04:41	1	1	15	0
    10033	2021-05-03 17:04:57	1	1	15	0
   108611	2021-05-03 17:05:16	1	1	15	0
   108638	2021-05-03 17:06:36	1	1	15	0
   108672	2021-05-03 17:07:09	1	1	15	0
   108672	2021-05-03 17:07:11	1	1	15	0
   102524	2021-05-03 17:07:39	1	1	15	0
   108668	2021-05-03 17:08:15	1	1	15	0
   108515	2021-05-03 17:08:31	1	1	15	0
   108662	2021-05-03 17:08:57	1	1	15	0
   108667	2021-05-03 17:09:09	1	1	15	0
   108556	2021-05-03 17:10:42	1	1	15	0
    10221	2021-05-03 17:10:54	1	1	15	0
    10065	2021-05-03 17:11:36	1	1	15	0
    10065	2021-05-03 17:11:38	1	1	15	0
   108636	2021-05-03 17:12:58	1	1	15	0
   102542	2021-05-03 17:23:28	1	1	15	0
    10032	2021-05-03 17:27:14	1	1	15	0
   108568	2021-05-03 17:31:45	1	1	15	0
   108671	2021-05-03 17:33:09	1	1	15	0
    10149	2021-05-03 17:39:12	1	1	15	0
    10076	2021-05-03 17:42:12	1	1	15	0
    10063	2021-05-03 17:42:17	1	1	15	0
   102579	2021-05-03 17:46:19	1	1	15	0
   108585	2021-05-03 17:51:17	1	1	15	0
   108665	2021-05-03 17:59:51	1	1	15	0
    10129	2021-05-03 18:20:27	1	1	15	0
   108598	2021-05-03 19:01:00	1	1	15	0
   108610	2021-05-03 19:01:20	1	1	15	0
   108663	2021-05-03 19:01:28	1	1	15	0
   108658	2021-05-03 19:01:36	1	1	15	0
   108523	2021-05-03 19:36:23	1	1	15	0
    10127	2021-05-03 19:36:33	1	1	15	0
   108666	2021-05-03 20:31:48	1	1	15	0
    10456	2021-05-04 05:57:47	1	0	15	0
   101437	2021-05-04 06:21:19	1	0	15	0
   108663	2021-05-04 06:32:42	1	0	15	0
   102526	2021-05-04 06:42:52	1	0	15	0
   108608	2021-05-04 06:53:57	1	0	15	0
   108617	2021-05-04 07:02:28	1	0	15	0
   108662	2021-05-04 07:07:04	1	0	15	0
   101451	2021-05-04 07:09:38	1	0	15	0
   108533	2021-05-04 07:12:54	1	0	15	0
   108523	2021-05-04 07:13:58	1	0	15	0
   108556	2021-05-04 07:23:05	1	0	15	0
   108630	2021-05-04 07:23:15	1	0	15	0
    10080	2021-05-04 07:23:33	1	0	15	0
   108472	2021-05-04 07:23:50	1	0	15	0
    10356	2021-05-04 07:24:37	1	0	15	0
   108667	2021-05-04 07:25:29	1	0	15	0
   108549	2021-05-04 07:25:55	1	0	15	0
   108585	2021-05-04 07:26:19	1	0	15	0
   108657	2021-05-04 07:28:06	1	0	15	0
   108654	2021-05-04 07:28:16	1	0	15	0
   102542	2021-05-04 07:29:39	1	0	15	0
   108505	2021-05-04 07:33:36	1	0	15	0
    10550	2021-05-04 07:34:24	1	0	15	0
    10033	2021-05-04 07:35:18	1	0	15	0
    10033	2021-05-04 07:35:20	1	0	15	0
    10221	2021-05-04 07:35:45	1	0	15	0
   108670	2021-05-04 07:36:41	1	0	15	0
   101432	2021-05-04 07:38:22	1	0	15	0
   108538	2021-05-04 07:38:27	1	0	15	0
    10228	2021-05-04 07:40:44	1	0	15	0
    10127	2021-05-04 07:41:53	1	0	15	0
   108658	2021-05-04 07:43:42	1	0	15	0
   108669	2021-05-04 07:45:13	1	0	15	0
   108610	2021-05-04 07:46:14	1	0	15	0
    10063	2021-05-04 07:46:28	1	0	15	0
    10149	2021-05-04 07:46:37	1	0	15	0
   108671	2021-05-04 07:46:43	1	0	15	0
    10076	2021-05-04 07:47:03	1	0	15	0
   108469	2021-05-04 07:47:11	1	0	15	0
   108635	2021-05-04 07:47:17	1	0	15	0
   108598	2021-05-04 07:48:17	1	0	15	0
    10278	2021-05-04 07:49:18	1	0	15	0
    10284	2021-05-04 07:49:28	1	0	15	0
    10309	2021-05-04 07:50:17	1	0	15	0
   102524	2021-05-04 07:51:16	1	0	15	0
   108668	2021-05-04 07:52:07	1	0	15	0
   108638	2021-05-04 07:52:49	1	0	15	0
   108672	2021-05-04 07:53:53	1	0	15	0
   108672	2021-05-04 07:53:56	1	0	15	0
   108619	2021-05-04 07:54:14	1	0	15	0
    10065	2021-05-04 07:54:23	1	0	15	0
    10065	2021-05-04 07:54:25	1	0	15	0
    10065	2021-05-04 07:54:31	1	0	15	0
   108593	2021-05-04 07:55:19	1	0	15	0
    10129	2021-05-04 07:56:12	1	0	15	0
   108613	2021-05-04 07:57:02	1	0	15	0
    10138	2021-05-04 07:57:25	1	0	15	0
   108568	2021-05-04 07:57:37	1	0	15	0
   108636	2021-05-04 07:58:50	1	0	15	0
    10032	2021-05-04 08:00:08	1	0	15	0
    19980	2021-05-04 08:02:42	1	0	15	0
   108666	2021-05-04 08:04:25	1	0	15	0
   108587	2021-05-04 08:04:45	1	0	15	0
   108587	2021-05-04 08:04:47	1	0	15	0
   102544	2021-05-04 08:09:49	1	0	15	0
    10458	2021-05-04 08:10:04	1	0	15	0
   108629	2021-05-04 08:13:15	1	0	15	0
   108611	2021-05-04 08:14:08	1	0	15	0
   108591	2021-05-04 08:30:11	1	0	15	0
   500001	2021-05-04 08:34:15	1	0	15	0
   108665	2021-05-04 08:34:29	1	0	15	0
   108579	2021-05-04 08:40:27	1	0	15	0
   108515	2021-05-04 09:05:46	1	0	15	0
   102579	2021-05-04 09:09:42	1	0	15	0
   108629	2021-05-04 12:25:33	1	0	15	0
   101437	2021-05-04 16:01:09	1	0	15	0
   101437	2021-05-04 16:01:11	1	0	15	0
   101451	2021-05-04 16:01:21	1	0	15	0
   102526	2021-05-04 16:01:27	1	0	15	0
   108538	2021-05-04 16:01:33	1	0	15	0
   108619	2021-05-04 16:01:56	1	0	15	0
    10309	2021-05-04 16:03:02	1	0	15	0
   108472	2021-05-04 16:03:12	1	0	15	0
    10138	2021-05-04 16:03:41	1	0	15	0
    10278	2021-05-04 16:03:48	1	0	15	0
    10284	2021-05-04 16:03:53	1	0	15	0
    10456	2021-05-04 16:04:01	1	0	15	0
   108549	2021-05-04 16:04:16	1	0	15	0
    10356	2021-05-04 16:04:29	1	0	15	0
    10228	2021-05-04 16:04:45	1	0	15	0
   108469	2021-05-04 16:05:06	1	0	15	0
   108593	2021-05-04 16:21:16	1	1	15	0
   108587	2021-05-04 16:30:06	1	1	15	0
   108657	2021-05-04 17:00:27	1	1	15	0
   108654	2021-05-04 17:00:41	1	1	15	0
   101432	2021-05-04 17:00:51	1	1	15	0
   108533	2021-05-04 17:00:59	1	1	15	0
    10080	2021-05-04 17:01:36	1	1	15	0
    10550	2021-05-04 17:01:47	1	1	15	0
   108669	2021-05-04 17:02:30	1	1	15	0
    19980	2021-05-04 17:03:07	1	1	15	0
   108617	2021-05-04 17:03:33	1	1	15	0
   500001	2021-05-04 17:03:52	1	1	15	0
   108670	2021-05-04 17:04:01	1	1	15	0
    10221	2021-05-04 17:04:10	1	1	15	0
   108579	2021-05-04 17:04:25	1	1	15	0
   108611	2021-05-04 17:04:53	1	1	15	0
   102544	2021-05-04 17:05:24	1	1	15	0
   108635	2021-05-04 17:05:58	1	1	15	0
    10065	2021-05-04 17:06:11	1	1	15	0
    10065	2021-05-04 17:06:13	1	1	15	0
    10065	2021-05-04 17:06:20	1	1	15	0
   108591	2021-05-04 17:06:43	1	1	15	0
    10458	2021-05-04 17:06:57	1	1	15	0
   108638	2021-05-04 17:08:16	1	1	15	0
   108556	2021-05-04 17:08:32	1	1	15	0
    10033	2021-05-04 17:10:43	1	1	15	0
    10032	2021-05-04 17:12:52	1	1	15	0
   108667	2021-05-04 17:13:02	1	1	15	0
   108662	2021-05-04 17:13:10	1	1	15	0
   108630	2021-05-04 17:14:02	1	1	15	0
   108613	2021-05-04 17:14:21	1	1	15	0
   108636	2021-05-04 17:15:35	1	1	15	0
   108672	2021-05-04 17:15:57	1	1	15	0
   108672	2021-05-04 17:16:00	1	1	15	0
   108608	2021-05-04 17:17:50	1	1	15	0
   102542	2021-05-04 17:22:48	1	1	15	0
   108515	2021-05-04 17:24:00	1	1	15	0
   102524	2021-05-04 17:30:43	1	1	15	0
   108668	2021-05-04 17:31:21	1	1	15	0
   108585	2021-05-04 17:38:22	1	1	15	0
   108505	2021-05-04 17:39:33	1	1	15	0
   108671	2021-05-04 17:44:25	1	1	15	0
    10063	2021-05-04 17:46:26	1	1	15	0
   102579	2021-05-04 17:46:48	1	1	15	0
    10076	2021-05-04 17:47:20	1	1	15	0
   108568	2021-05-04 17:47:54	1	1	15	0
    10149	2021-05-04 17:48:30	1	1	15	0
    10149	2021-05-04 17:48:32	1	1	15	0
    10129	2021-05-04 18:08:34	1	1	15	0
   108666	2021-05-04 19:20:21	1	1	15	0
   108523	2021-05-04 19:44:44	1	1	15	0
   108598	2021-05-04 20:34:29	1	1	15	0
   108663	2021-05-04 20:34:38	1	1	15	0
   108610	2021-05-04 20:34:46	1	1	15	0
   108658	2021-05-04 20:34:54	1	1	15	0
    10127	2021-05-04 20:38:11	1	1	15	0
   108665	2021-05-04 20:38:25	1	1	15	0
    10456	2021-05-05 05:40:50	1	0	15	0
   101437	2021-05-05 06:18:31	1	0	15	0
   102526	2021-05-05 06:21:42	1	0	15	0
   108662	2021-05-05 06:33:39	1	0	15	0
   108617	2021-05-05 06:44:23	1	0	15	0
   108608	2021-05-05 06:45:36	1	0	15	0
   108533	2021-05-05 06:49:38	1	0	15	0
   101451	2021-05-05 06:58:59	1	0	15	0
   108612	2021-05-05 06:59:45	1	0	15	0
   108593	2021-05-05 07:03:39	1	0	15	0
   108523	2021-05-05 07:06:10	1	0	15	0
   108587	2021-05-05 07:07:29	1	0	15	0
   108587	2021-05-05 07:07:31	1	0	15	0
   108663	2021-05-05 07:09:46	1	0	15	0
    10356	2021-05-05 07:17:34	1	0	15	0
   108657	2021-05-05 07:18:51	1	0	15	0
   108654	2021-05-05 07:18:56	1	0	15	0
   108538	2021-05-05 07:23:34	1	0	15	0
    10065	2021-05-05 07:24:30	1	0	15	0
   108472	2021-05-05 07:24:38	1	0	15	0
   108505	2021-05-05 07:26:23	1	0	15	0
   108598	2021-05-05 07:27:15	1	0	15	0
    10138	2021-05-05 07:28:04	1	0	15	0
   108585	2021-05-05 07:31:34	1	0	15	0
   101432	2021-05-05 07:32:08	1	0	15	0
   101432	2021-05-05 07:32:10	1	0	15	0
   108670	2021-05-05 07:32:20	1	0	15	0
   102542	2021-05-05 07:32:30	1	0	15	0
   108667	2021-05-05 07:34:42	1	0	15	0
    10033	2021-05-05 07:34:58	1	0	15	0
   108669	2021-05-05 07:35:26	1	0	15	0
   108672	2021-05-05 07:36:06	1	0	15	0
   108672	2021-05-05 07:36:09	1	0	15	0
   108613	2021-05-05 07:36:41	1	0	15	0
    10550	2021-05-05 07:38:03	1	0	15	0
    10159	2021-05-05 07:38:19	1	0	15	0
   108469	2021-05-05 07:39:34	1	0	15	0
   108469	2021-05-05 07:39:36	1	0	15	0
   108568	2021-05-05 07:40:29	1	0	15	0
   108668	2021-05-05 07:40:54	1	0	15	0
    10221	2021-05-05 07:41:10	1	0	15	0
   108638	2021-05-05 07:41:41	1	0	15	0
    10284	2021-05-05 07:41:58	1	0	15	0
    10228	2021-05-05 07:42:32	1	0	15	0
    10278	2021-05-05 07:43:27	1	0	15	0
   108579	2021-05-05 07:45:35	1	0	15	0
    10309	2021-05-05 07:46:41	1	0	15	0
    10063	2021-05-05 07:46:58	1	0	15	0
   108610	2021-05-05 07:47:12	1	0	15	0
    10149	2021-05-05 07:47:21	1	0	15	0
   108671	2021-05-05 07:47:56	1	0	15	0
    10076	2021-05-05 07:48:37	1	0	15	0
   102544	2021-05-05 07:48:44	1	0	15	0
   108549	2021-05-05 07:49:36	1	0	15	0
   102524	2021-05-05 07:50:02	1	0	15	0
    10129	2021-05-05 07:50:41	1	0	15	0
   108556	2021-05-05 07:51:11	1	0	15	0
   108619	2021-05-05 07:54:02	1	0	15	0
    10032	2021-05-05 07:59:43	1	0	15	0
   108636	2021-05-05 08:00:20	1	0	15	0
    19980	2021-05-05 08:01:04	1	0	15	0
    10127	2021-05-05 08:01:12	1	0	15	0
   108665	2021-05-05 08:03:55	1	0	15	0
   108591	2021-05-05 08:09:32	1	0	15	0
   108611	2021-05-05 08:10:12	1	0	15	0
   108635	2021-05-05 08:10:31	1	0	15	0
   500001	2021-05-05 08:15:10	1	0	15	0
    10458	2021-05-05 08:16:19	1	0	15	0
   108666	2021-05-05 08:17:13	1	0	15	0
   108658	2021-05-05 08:17:34	1	0	15	0
   102579	2021-05-05 08:46:19	1	0	15	0
   108515	2021-05-05 08:50:51	1	0	15	0
   108629	2021-05-05 09:27:21	1	0	15	0
   108629	2021-05-05 12:29:10	1	0	15	0
   102579	2021-05-05 14:09:03	1	0	15	0
   108593	2021-05-05 16:00:15	1	0	15	0
   101437	2021-05-05 16:01:10	1	0	15	0
   108549	2021-05-05 16:01:55	1	0	15	0
   108533	2021-05-05 16:02:25	1	1	15	0
   102526	2021-05-05 16:02:31	1	1	15	0
   108538	2021-05-05 16:03:09	1	1	15	0
   108612	2021-05-05 16:04:11	1	1	15	0
    10278	2021-05-05 16:04:30	1	1	15	0
   108472	2021-05-05 16:04:42	1	1	15	0
   108587	2021-05-05 16:04:50	1	1	15	0
   108587	2021-05-05 16:04:53	1	1	15	0
    10309	2021-05-05 16:05:32	1	1	15	0
    10284	2021-05-05 16:05:42	1	1	15	0
   102542	2021-05-05 16:05:58	1	1	15	0
    10228	2021-05-05 16:08:36	1	1	15	0
   102544	2021-05-05 16:08:54	1	1	15	0
   108617	2021-05-05 16:09:16	1	1	15	0
   108654	2021-05-05 17:00:47	1	1	15	0
   108657	2021-05-05 17:00:53	1	1	15	0
   108657	2021-05-05 17:00:55	1	1	15	0
    10456	2021-05-05 17:01:03	1	1	15	0
   101432	2021-05-05 17:01:13	1	1	15	0
   108469	2021-05-05 17:01:20	1	1	15	0
   108619	2021-05-05 17:01:33	1	1	15	0
    10080	2021-05-05 17:01:41	1	1	15	0
   108669	2021-05-05 17:02:03	1	1	15	0
   108669	2021-05-05 17:02:05	1	1	15	0
    10221	2021-05-05 17:02:17	1	1	15	0
   101451	2021-05-05 17:02:25	1	1	15	0
   108579	2021-05-05 17:02:59	1	1	15	0
   108670	2021-05-05 17:03:08	1	1	15	0
   108668	2021-05-05 17:03:25	1	1	15	0
    19980	2021-05-05 17:03:38	1	1	15	0
    10138	2021-05-05 17:04:03	1	1	15	0
    10458	2021-05-05 17:04:52	1	1	15	0
   108658	2021-05-05 17:05:06	1	1	15	0
    10032	2021-05-05 17:05:56	1	1	15	0
   108608	2021-05-05 17:06:23	1	1	15	0
   102524	2021-05-05 17:06:47	1	1	15	0
   108505	2021-05-05 17:06:57	1	1	15	0
   108635	2021-05-05 17:07:06	1	1	15	0
   108667	2021-05-05 17:07:13	1	1	15	0
   108611	2021-05-05 17:07:27	1	1	15	0
   500001	2021-05-05 17:07:43	1	1	15	0
    10033	2021-05-05 17:07:56	1	1	15	0
   108665	2021-05-05 17:08:11	1	1	15	0
   108636	2021-05-05 17:08:31	1	1	15	0
   108556	2021-05-05 17:08:52	1	1	15	0
   108591	2021-05-05 17:09:44	1	1	15	0
    10065	2021-05-05 17:12:31	1	1	15	0
   108638	2021-05-05 17:13:28	1	1	15	0
   108585	2021-05-05 17:15:29	1	1	15	0
   108672	2021-05-05 17:20:09	1	1	15	0
    10550	2021-05-05 17:23:06	1	1	15	0
    10159	2021-05-05 17:25:33	1	1	15	0
   108515	2021-05-05 17:25:42	1	1	15	0
   108610	2021-05-05 17:33:41	1	1	15	0
   108671	2021-05-05 17:35:20	1	1	15	0
    10063	2021-05-05 17:35:33	1	1	15	0
   108568	2021-05-05 17:35:53	1	1	15	0
    10076	2021-05-05 17:36:24	1	1	15	0
    10149	2021-05-05 17:40:10	1	1	15	0
    10149	2021-05-05 17:40:13	1	1	15	0
    10129	2021-05-05 18:13:06	1	1	15	0
   108613	2021-05-05 19:01:05	1	1	15	0
   108598	2021-05-05 19:02:34	1	1	15	0
   108663	2021-05-05 19:02:43	1	1	15	0
   108666	2021-05-05 19:12:36	1	1	15	0
   108523	2021-05-05 19:45:52	1	1	15	0
    10127	2021-05-05 20:20:11	1	1	15	0
   108662	2021-05-05 20:20:20	1	1	15	0
    10456	2021-05-06 05:40:01	1	0	15	0
   101437	2021-05-06 06:25:01	1	0	15	0
   102526	2021-05-06 06:47:38	1	0	15	0
   108608	2021-05-06 06:55:27	1	0	15	0
   108593	2021-05-06 06:57:10	1	0	15	0
   101451	2021-05-06 07:00:01	1	0	15	0
    10214	2021-05-06 07:05:24	1	0	15	0
    10356	2021-05-06 07:06:05	1	0	15	0
   108617	2021-05-06 07:06:21	1	0	15	0
   108533	2021-05-06 07:07:20	1	0	15	0
   108587	2021-05-06 07:07:48	1	0	15	0
   108612	2021-05-06 07:09:25	1	0	15	0
   108523	2021-05-06 07:12:57	1	0	15	0
   108630	2021-05-06 07:20:02	1	0	15	0
   108657	2021-05-06 07:20:13	1	0	15	0
   108654	2021-05-06 07:20:21	1	0	15	0
   108662	2021-05-06 07:22:42	1	0	15	0
   108670	2021-05-06 07:25:07	1	0	15	0
   108472	2021-05-06 07:25:26	1	0	15	0
   108663	2021-05-06 07:26:51	1	0	15	0
   108505	2021-05-06 07:27:00	1	0	15	0
    10080	2021-05-06 07:28:14	1	0	15	0
    10080	2021-05-06 07:28:17	1	0	15	0
   108585	2021-05-06 07:29:24	1	0	15	0
   108672	2021-05-06 07:29:52	1	0	15	0
   108556	2021-05-06 07:30:34	1	0	15	0
   102544	2021-05-06 07:30:49	1	0	15	0
    10278	2021-05-06 07:34:40	1	0	15	0
   108635	2021-05-06 07:35:05	1	0	15	0
    10033	2021-05-06 07:35:29	1	0	15	0
   101432	2021-05-06 07:37:18	1	0	15	0
    10138	2021-05-06 07:37:24	1	0	15	0
   108667	2021-05-06 07:38:00	1	0	15	0
   108598	2021-05-06 07:38:21	1	0	15	0
    10065	2021-05-06 07:38:30	1	0	15	0
   108538	2021-05-06 07:38:43	1	0	15	0
   108638	2021-05-06 07:39:02	1	0	15	0
   108469	2021-05-06 07:39:22	1	0	15	0
   108568	2021-05-06 07:39:31	1	0	15	0
   108549	2021-05-06 07:39:53	1	0	15	0
   102524	2021-05-06 07:40:03	1	0	15	0
   108668	2021-05-06 07:42:12	1	0	15	0
    10127	2021-05-06 07:43:02	1	0	15	0
    10228	2021-05-06 07:44:11	1	0	15	0
   108579	2021-05-06 07:44:19	1	0	15	0
   102542	2021-05-06 07:44:38	1	0	15	0
    10063	2021-05-06 07:44:55	1	0	15	0
   108610	2021-05-06 07:45:04	1	0	15	0
    10149	2021-05-06 07:45:09	1	0	15	0
    10149	2021-05-06 07:45:11	1	0	15	0
   108671	2021-05-06 07:45:29	1	0	15	0
   108669	2021-05-06 07:45:37	1	0	15	0
    10284	2021-05-06 07:45:50	1	0	15	0
    10076	2021-05-06 07:46:01	1	0	15	0
    10025	2021-05-06 07:47:24	1	0	15	0
   108613	2021-05-06 07:49:09	1	0	15	0
    10309	2021-05-06 07:49:48	1	0	15	0
    10159	2021-05-06 07:50:40	1	0	15	0
   108658	2021-05-06 07:51:17	1	0	15	0
    10129	2021-05-06 07:54:00	1	0	15	0
    10221	2021-05-06 07:54:36	1	0	15	0
   108619	2021-05-06 07:56:04	1	0	15	0
    19980	2021-05-06 08:00:33	1	0	15	0
   108666	2021-05-06 08:01:37	1	0	15	0
    10032	2021-05-06 08:02:17	1	0	15	0
   108636	2021-05-06 08:02:28	1	0	15	0
    10458	2021-05-06 08:03:28	1	0	15	0
    10348	2021-05-06 08:04:24	1	0	15	0
   108591	2021-05-06 08:05:05	1	0	15	0
   500001	2021-05-06 08:06:26	1	0	15	0
    10550	2021-05-06 08:06:56	1	0	15	0
   108665	2021-05-06 08:15:35	1	0	15	0
   108611	2021-05-06 08:22:44	1	0	15	0
   108515	2021-05-06 08:46:47	1	0	15	0
   108629	2021-05-06 09:16:52	1	0	15	0
   108629	2021-05-06 10:31:39	1	0	15	0
   108673	2021-05-06 13:19:59	1	0	15	0
   108593	2021-05-06 16:00:15	1	1	15	0
   108549	2021-05-06 16:00:27	1	1	15	0
   108472	2021-05-06 16:00:54	1	1	15	0
   102526	2021-05-06 16:01:03	1	1	15	0
   102544	2021-05-06 16:01:32	1	1	15	0
   108613	2021-05-06 16:01:43	1	1	15	0
    10214	2021-05-06 16:02:00	1	1	15	0
   108630	2021-05-06 16:02:07	1	1	15	0
    10356	2021-05-06 16:02:15	1	1	15	0
   108612	2021-05-06 16:02:22	1	1	15	0
   108538	2021-05-06 16:02:37	1	1	15	0
   101437	2021-05-06 16:02:43	1	1	15	0
   108657	2021-05-06 16:02:55	1	1	15	0
   108587	2021-05-06 16:03:00	1	1	15	0
   108587	2021-05-06 16:03:03	1	1	15	0
    10456	2021-05-06 16:03:07	1	1	15	0
   108654	2021-05-06 16:03:14	1	1	15	0
    10138	2021-05-06 16:04:23	1	1	15	0
    10309	2021-05-06 16:05:13	1	1	15	0
    10278	2021-05-06 16:05:51	1	1	15	0
    10228	2021-05-06 16:07:52	1	1	15	0
   108469	2021-05-06 16:08:55	1	1	15	0
    10284	2021-05-06 16:09:23	1	1	15	0
   500001	2021-05-06 16:49:02	1	1	15	0
   101451	2021-05-06 17:00:31	1	1	15	0
    10080	2021-05-06 17:01:08	1	1	15	0
   108619	2021-05-06 17:01:17	1	1	15	0
   108533	2021-05-06 17:01:28	1	1	15	0
    10550	2021-05-06 17:01:50	1	1	15	0
    10550	2021-05-06 17:01:52	1	1	15	0
   108617	2021-05-06 17:02:01	1	1	15	0
   108669	2021-05-06 17:02:57	1	1	15	0
    10221	2021-05-06 17:03:15	1	1	15	0
   101432	2021-05-06 17:03:26	1	1	15	0
   108670	2021-05-06 17:03:35	1	1	15	0
   108579	2021-05-06 17:03:52	1	1	15	0
    10025	2021-05-06 17:04:13	1	1	15	0
   108611	2021-05-06 17:04:50	1	1	15	0
   108673	2021-05-06 17:05:01	1	1	15	0
   108585	2021-05-06 17:05:10	1	1	15	0
   108635	2021-05-06 17:05:22	1	1	15	0
    19980	2021-05-06 17:05:35	1	1	15	0
    10065	2021-05-06 17:05:43	1	1	15	0
   108608	2021-05-06 17:06:46	1	1	15	0
   108505	2021-05-06 17:07:02	1	1	15	0
    10458	2021-05-06 17:07:17	1	1	15	0
   108556	2021-05-06 17:07:47	1	1	15	0
   108636	2021-05-06 17:08:01	1	1	15	0
   108591	2021-05-06 17:08:10	1	1	15	0
   108515	2021-05-06 17:09:59	1	1	15	0
   108638	2021-05-06 17:11:54	1	1	15	0
   108668	2021-05-06 17:14:10	1	1	15	0
    10033	2021-05-06 17:14:36	1	1	15	0
    10032	2021-05-06 17:15:04	1	1	15	0
   102524	2021-05-06 17:19:31	1	1	15	0
    10159	2021-05-06 17:21:10	1	1	15	0
   102542	2021-05-06 17:25:10	1	1	15	0
   108610	2021-05-06 17:29:09	1	1	15	0
   108671	2021-05-06 17:29:47	1	1	15	0
   108671	2021-05-06 17:29:49	1	1	15	0
   108568	2021-05-06 17:30:48	1	1	15	0
   108672	2021-05-06 17:31:13	1	1	15	0
   108672	2021-05-06 17:31:16	1	1	15	0
    10076	2021-05-06 17:35:02	1	1	15	0
    10063	2021-05-06 17:37:30	1	1	15	0
    10149	2021-05-06 17:38:37	1	1	15	0
   108665	2021-05-06 17:56:20	1	1	15	0
    10129	2021-05-06 18:08:39	1	1	15	0
   108523	2021-05-06 18:26:03	1	1	15	0
   108658	2021-05-06 19:00:35	1	1	15	0
   108666	2021-05-06 19:09:20	1	1	15	0
   108663	2021-05-06 20:46:13	1	1	15	0
   108598	2021-05-06 20:46:29	1	1	15	0
    10127	2021-05-06 20:47:36	1	1	15	0
   108662	2021-05-06 20:47:45	1	1	15	0
   108667	2021-05-06 20:47:52	1	1	15	0
   108662	2021-05-07 05:23:04	1	1	15	0
    10456	2021-05-07 05:43:44	1	0	15	0
   108666	2021-05-07 05:51:26	1	0	15	0
   108630	2021-05-07 05:53:07	1	0	15	0
    10080	2021-05-07 05:54:16	1	0	15	0
   101437	2021-05-07 06:01:44	1	0	15	0
    10309	2021-05-07 06:12:37	1	0	15	0
    10033	2021-05-07 06:14:17	1	0	15	0
    10159	2021-05-07 06:15:12	1	0	15	0
   108585	2021-05-07 06:15:20	1	0	15	0
    10065	2021-05-07 06:24:43	1	0	15	0
   108469	2021-05-07 06:24:52	1	0	15	0
   108667	2021-05-07 06:30:03	1	0	15	0
    10032	2021-05-07 06:30:29	1	0	15	0
   102526	2021-05-07 06:33:30	1	0	15	0
    10127	2021-05-07 06:34:09	1	0	15	0
   108617	2021-05-07 06:42:58	1	0	15	0
   108629	2021-05-07 06:44:50	1	0	15	0
   500001	2021-05-07 06:46:11	1	0	15	0
   108533	2021-05-07 06:59:15	1	0	15	0
   108587	2021-05-07 07:01:45	1	0	15	0
   108587	2021-05-07 07:01:52	1	0	15	0
   108612	2021-05-07 07:02:11	1	0	15	0
   108663	2021-05-07 07:03:58	1	0	15	0
   101451	2021-05-07 07:04:23	1	0	15	0
   108654	2021-05-07 07:08:33	1	0	15	0
   108657	2021-05-07 07:08:44	1	0	15	0
   108538	2021-05-07 07:10:11	1	0	15	0
    10214	2021-05-07 07:12:00	1	0	15	0
    10356	2021-05-07 07:12:27	1	0	15	0
   108593	2021-05-07 07:12:52	1	0	15	0
   108523	2021-05-07 07:13:49	1	0	15	0
   101432	2021-05-07 07:15:43	1	0	15	0
   108670	2021-05-07 07:28:20	1	0	15	0
   108658	2021-05-07 07:29:26	1	0	15	0
   108505	2021-05-07 07:29:58	1	0	15	0
   108613	2021-05-07 07:30:54	1	0	15	0
   108671	2021-05-07 07:32:03	1	0	15	0
   108610	2021-05-07 07:32:14	1	0	15	0
    10076	2021-05-07 07:32:26	1	0	15	0
   108673	2021-05-07 07:34:47	1	0	15	0
   108472	2021-05-07 07:36:40	1	0	15	0
    10221	2021-05-07 07:39:35	1	0	15	0
   108549	2021-05-07 07:39:45	1	0	15	0
   108556	2021-05-07 07:40:58	1	0	15	0
   108638	2021-05-07 07:41:23	1	0	15	0
   108635	2021-05-07 07:42:05	1	0	15	0
   102542	2021-05-07 07:42:41	1	0	15	0
   108598	2021-05-07 07:43:04	1	0	15	0
   102544	2021-05-07 07:43:20	1	0	15	0
    10228	2021-05-07 07:44:23	1	0	15	0
   108668	2021-05-07 07:45:29	1	0	15	0
   108669	2021-05-07 07:48:12	1	0	15	0
    10129	2021-05-07 07:48:20	1	0	15	0
   108672	2021-05-07 07:48:32	1	0	15	0
   108636	2021-05-07 07:49:33	1	0	15	0
   108568	2021-05-07 07:49:42	1	0	15	0
   108579	2021-05-07 07:51:41	1	0	15	0
    10284	2021-05-07 07:51:55	1	0	15	0
    10348	2021-05-07 07:53:15	1	0	15	0
    19980	2021-05-07 07:57:00	1	0	15	0
   102579	2021-05-07 07:57:10	1	0	15	0
    10138	2021-05-07 07:57:29	1	0	15	0
   108619	2021-05-07 07:58:00	1	0	15	0
   108515	2021-05-07 08:06:40	1	0	15	0
    10550	2021-05-07 08:08:45	1	0	15	0
   108552	2021-05-07 08:08:54	1	0	15	0
   108591	2021-05-07 08:19:13	1	0	15	0
   108629	2021-05-07 11:11:54	1	0	15	0
   108611	2021-05-07 11:28:34	1	0	15	0
   108630	2021-05-07 15:01:54	1	0	15	0
   108472	2021-05-07 15:10:44	1	1	15	0
   108593	2021-05-07 16:00:21	1	1	15	0
   102526	2021-05-07 16:01:07	1	1	15	0
    10456	2021-05-07 16:01:28	1	1	15	0
   101437	2021-05-07 16:01:40	1	1	15	0
    10356	2021-05-07 16:02:10	1	1	15	0
    10214	2021-05-07 16:02:22	1	1	15	0
   108538	2021-05-07 16:02:27	1	1	15	0
   108612	2021-05-07 16:02:35	1	1	15	0
   108612	2021-05-07 16:02:37	1	1	15	0
   108549	2021-05-07 16:02:55	1	1	15	0
    10309	2021-05-07 16:03:01	1	1	15	0
   108587	2021-05-07 16:03:19	1	1	15	0
   108587	2021-05-07 16:03:21	1	1	15	0
    10550	2021-05-07 16:03:26	1	1	15	0
    10284	2021-05-07 16:03:54	1	1	15	0
    10228	2021-05-07 16:05:13	1	1	15	0
    10138	2021-05-07 16:15:06	1	1	15	0
   102544	2021-05-07 16:28:34	1	1	15	0
   108613	2021-05-07 17:00:08	1	1	15	0
    10080	2021-05-07 17:00:17	1	1	15	0
   108657	2021-05-07 17:00:27	1	1	15	0
   108654	2021-05-07 17:00:33	1	1	15	0
   108619	2021-05-07 17:00:55	1	1	15	0
   108533	2021-05-07 17:01:05	1	1	15	0
   101432	2021-05-07 17:01:16	1	1	15	0
   101451	2021-05-07 17:01:22	1	1	15	0
   108669	2021-05-07 17:02:00	1	1	15	0
   108568	2021-05-07 17:02:29	1	1	15	0
    10159	2021-05-07 17:02:37	1	1	15	0
   108617	2021-05-07 17:02:46	1	1	15	0
   108579	2021-05-07 17:02:54	1	1	15	0
    19980	2021-05-07 17:03:16	1	1	15	0
   108610	2021-05-07 17:03:23	1	1	15	0
   500001	2021-05-07 17:03:32	1	1	15	0
    10033	2021-05-07 17:03:41	1	1	15	0
   108670	2021-05-07 17:03:49	1	1	15	0
    10221	2021-05-07 17:04:02	1	1	15	0
    10065	2021-05-07 17:04:24	1	1	15	0
   102579	2021-05-07 17:04:36	1	1	15	0
    10076	2021-05-07 17:04:48	1	1	15	0
   108671	2021-05-07 17:04:53	1	1	15	0
   108666	2021-05-07 17:05:08	1	1	15	0
   108523	2021-05-07 17:05:13	1	1	15	0
    10127	2021-05-07 17:05:21	1	1	15	0
   108556	2021-05-07 17:05:34	1	1	15	0
   108668	2021-05-07 17:05:52	1	1	15	0
   108673	2021-05-07 17:06:11	1	1	15	0
   108636	2021-05-07 17:06:49	1	1	15	0
   108638	2021-05-07 17:06:54	1	1	15	0
    10032	2021-05-07 17:07:04	1	1	15	0
   108672	2021-05-07 17:09:36	1	1	15	0
   108672	2021-05-07 17:09:39	1	1	15	0
   108611	2021-05-07 17:11:35	1	1	15	0
   108667	2021-05-07 17:11:49	1	1	15	0
   108662	2021-05-07 17:12:04	1	1	15	0
   108662	2021-05-07 17:12:07	1	1	15	0
   108635	2021-05-07 17:13:48	1	1	15	0
   108608	2021-05-07 17:15:22	1	1	15	0
   102542	2021-05-07 17:36:02	1	1	15	0
   108515	2021-05-07 17:42:56	1	1	15	0
   108505	2021-05-07 17:46:49	1	1	15	0
    10129	2021-05-07 18:31:30	1	1	15	0
   108469	2021-05-07 19:07:45	1	1	15	0
   108658	2021-05-07 19:10:15	1	1	15	0
   108663	2021-05-07 19:10:32	1	1	15	0
   108598	2021-05-07 19:11:38	1	1	15	0
   102526	2021-05-08 06:35:07	1	1	15	0
   108612	2021-05-08 07:20:36	1	1	15	0
    10309	2021-05-08 07:43:00	1	1	15	0
   108538	2021-05-08 07:46:49	1	1	15	0
   108538	2021-05-08 14:12:59	1	1	15	0
   108612	2021-05-08 14:13:09	1	1	15	0
   102526	2021-05-08 16:00:10	1	1	15	0
    10309	2021-05-08 16:00:22	1	1	15	0
   108662	2021-05-10 05:38:36	1	1	15	0
    10456	2021-05-10 05:48:24	1	0	15	0
   101437	2021-05-10 06:18:45	1	0	15	0
   102526	2021-05-10 06:27:50	1	0	15	0
   108654	2021-05-10 06:39:23	1	0	15	0
   108552	2021-05-10 06:47:29	1	0	15	0
   108587	2021-05-10 06:50:47	1	0	15	0
   108587	2021-05-10 06:50:49	1	0	15	0
   108617	2021-05-10 06:50:59	1	0	15	0
   108556	2021-05-10 07:02:35	1	0	15	0
   108630	2021-05-10 07:06:33	1	0	15	0
   108585	2021-05-10 07:09:58	1	0	15	0
   108593	2021-05-10 07:12:41	1	0	15	0
   108538	2021-05-10 07:13:08	1	0	15	0
    10080	2021-05-10 07:15:50	1	0	15	0
    10159	2021-05-10 07:16:37	1	0	15	0
    10214	2021-05-10 07:16:55	1	0	15	0
    10356	2021-05-10 07:18:07	1	0	15	0
   101451	2021-05-10 07:18:34	1	0	15	0
   108610	2021-05-10 07:23:31	1	0	15	0
   108670	2021-05-10 07:28:14	1	0	15	0
   108472	2021-05-10 07:28:40	1	0	15	0
   108469	2021-05-10 07:30:45	1	0	15	0
   101432	2021-05-10 07:31:20	1	0	15	0
    10033	2021-05-10 07:31:31	1	0	15	0
   108673	2021-05-10 07:32:07	1	0	15	0
   108667	2021-05-10 07:32:51	1	0	15	0
   108505	2021-05-10 07:33:28	1	0	15	0
   108638	2021-05-10 07:34:28	1	0	15	0
   108669	2021-05-10 07:35:43	1	0	15	0
   108663	2021-05-10 07:36:21	1	0	15	0
   108658	2021-05-10 07:40:01	1	0	15	0
   108579	2021-05-10 07:43:07	1	0	15	0
   108579	2021-05-10 07:43:09	1	0	15	0
   108668	2021-05-10 07:44:42	1	0	15	0
    10129	2021-05-10 07:45:27	1	0	15	0
   108598	2021-05-10 07:47:01	1	0	15	0
    10278	2021-05-10 07:48:00	1	0	15	0
   102542	2021-05-10 07:49:01	1	0	15	0
    10065	2021-05-10 07:50:44	1	0	15	0
    10127	2021-05-10 07:50:56	1	0	15	0
    10025	2021-05-10 07:51:06	1	0	15	0
    10309	2021-05-10 07:53:18	1	0	15	0
    10284	2021-05-10 07:54:38	1	0	15	0
    10138	2021-05-10 07:54:45	1	0	15	0
   108672	2021-05-10 07:54:59	1	0	15	0
    10032	2021-05-10 07:55:36	1	0	15	0
   108568	2021-05-10 07:55:43	1	0	15	0
   108666	2021-05-10 07:56:10	1	0	15	0
    10228	2021-05-10 07:56:36	1	0	15	0
   108515	2021-05-10 07:57:05	1	0	15	0
    10458	2021-05-10 07:58:37	1	0	15	0
   108619	2021-05-10 08:00:30	1	0	15	0
   108619	2021-05-10 08:00:31	1	0	15	0
    10221	2021-05-10 08:00:47	1	0	15	0
   108611	2021-05-10 08:01:43	1	0	15	0
   108665	2021-05-10 08:02:04	1	0	15	0
    10063	2021-05-10 08:02:49	1	0	15	0
    10076	2021-05-10 08:03:01	1	0	15	0
   108671	2021-05-10 08:03:11	1	0	15	0
    10149	2021-05-10 08:03:17	1	0	15	0
   108523	2021-05-10 08:03:32	1	0	15	0
   108636	2021-05-10 08:04:13	1	0	15	0
   500001	2021-05-10 08:10:14	1	0	15	0
   108635	2021-05-10 08:15:38	1	0	15	0
    19980	2021-05-10 08:15:54	1	0	15	0
   108591	2021-05-10 08:39:22	1	0	15	0
   102579	2021-05-10 09:18:01	1	0	15	0
   102524	2021-05-10 10:12:25	1	0	15	0
    10550	2021-05-10 12:27:59	1	0	15	0
   108630	2021-05-10 12:41:56	1	0	15	0
    10456	2021-05-10 16:01:27	1	0	15	0
   108552	2021-05-10 16:01:37	1	0	15	0
   101437	2021-05-10 16:01:50	1	0	15	0
   102526	2021-05-10 16:01:57	1	0	15	0
   108472	2021-05-10 16:02:05	1	0	15	0
    10214	2021-05-10 16:02:19	1	0	15	0
   108654	2021-05-10 16:02:32	1	1	15	0
    10356	2021-05-10 16:03:07	1	1	15	0
    10278	2021-05-10 16:04:13	1	1	15	0
   108587	2021-05-10 16:04:38	1	1	15	0
   108610	2021-05-10 16:05:14	1	1	15	0
    10309	2021-05-10 16:07:42	1	1	15	0
   108538	2021-05-10 16:34:40	1	1	15	0
    10138	2021-05-10 16:35:47	1	1	15	0
   108469	2021-05-10 16:36:19	1	1	15	0
   108593	2021-05-10 17:01:09	1	1	15	0
   101451	2021-05-10 17:01:17	1	1	15	0
    19980	2021-05-10 17:01:34	1	1	15	0
    10080	2021-05-10 17:01:40	1	1	15	0
   108619	2021-05-10 17:01:49	1	1	15	0
    10550	2021-05-10 17:01:54	1	1	15	0
   108515	2021-05-10 17:01:59	1	1	15	0
    10025	2021-05-10 17:02:51	1	1	15	0
   101432	2021-05-10 17:02:56	1	1	15	0
   108611	2021-05-10 17:03:11	1	1	15	0
   108669	2021-05-10 17:03:37	1	1	15	0
   108617	2021-05-10 17:03:50	1	1	15	0
   108670	2021-05-10 17:03:57	1	1	15	0
   102524	2021-05-10 17:04:21	1	1	15	0
    10221	2021-05-10 17:04:45	1	1	15	0
   500001	2021-05-10 17:04:54	1	1	15	0
   108673	2021-05-10 17:05:23	1	1	15	0
   108568	2021-05-10 17:05:31	1	1	15	0
   108635	2021-05-10 17:05:40	1	1	15	0
    10032	2021-05-10 17:06:45	1	1	15	0
    10033	2021-05-10 17:08:03	1	1	15	0
    10033	2021-05-10 17:08:05	1	1	15	0
    10065	2021-05-10 17:08:19	1	1	15	0
    10063	2021-05-10 17:09:28	1	1	15	0
   108579	2021-05-10 17:10:00	1	1	15	0
   108591	2021-05-10 17:10:18	1	1	15	0
   108671	2021-05-10 17:10:25	1	1	15	0
   108638	2021-05-10 17:10:34	1	1	15	0
   108585	2021-05-10 17:10:55	1	1	15	0
    10159	2021-05-10 17:11:24	1	1	15	0
   108636	2021-05-10 17:11:34	1	1	15	0
   108636	2021-05-10 17:11:37	1	1	15	0
   108556	2021-05-10 17:12:16	1	1	15	0
    10149	2021-05-10 17:13:11	1	1	15	0
    10076	2021-05-10 17:13:45	1	1	15	0
   108667	2021-05-10 17:23:25	1	1	15	0
   108672	2021-05-10 17:25:16	1	1	15	0
   108672	2021-05-10 17:25:18	1	1	15	0
   102542	2021-05-10 17:26:55	1	1	15	0
   102579	2021-05-10 17:42:54	1	1	15	0
    10284	2021-05-10 17:44:46	1	1	15	0
   108668	2021-05-10 17:45:02	1	1	15	0
   108668	2021-05-10 17:45:05	1	1	15	0
   108665	2021-05-10 17:45:11	1	1	15	0
   108665	2021-05-10 17:45:13	1	1	15	0
    10228	2021-05-10 17:48:47	1	1	15	0
   108666	2021-05-10 17:58:11	1	1	15	0
   108666	2021-05-10 17:58:13	1	1	15	0
   108523	2021-05-10 18:04:30	1	1	15	0
   108505	2021-05-10 18:07:53	1	1	15	0
    10129	2021-05-10 18:34:01	1	1	15	0
    10127	2021-05-10 20:14:02	1	1	15	0
   108662	2021-05-10 20:14:11	1	1	15	0
   108658	2021-05-10 20:40:52	1	1	15	0
   108598	2021-05-10 20:41:57	1	1	15	0
   108663	2021-05-10 20:42:04	1	1	15	0
