    10456	2021-04-12 05:52:38	1	0	15	0
   101437	2021-04-12 06:18:44	1	0	15	0
   102526	2021-04-12 06:32:40	1	0	15	0
   108654	2021-04-12 06:39:30	1	0	15	0
   108608	2021-04-12 06:40:56	1	0	15	0
    10372	2021-04-12 06:45:01	1	0	15	0
   108662	2021-04-12 06:47:45	1	0	15	0
    10214	2021-04-12 06:55:52	1	0	15	0
   108617	2021-04-12 06:57:58	1	0	15	0
   108667	2021-04-12 07:01:55	1	0	15	0
   108538	2021-04-12 07:07:03	1	0	15	0
   108593	2021-04-12 07:10:41	1	0	15	0
    10080	2021-04-12 07:14:30	1	0	15	0
    10356	2021-04-12 07:15:39	1	0	15	0
   108630	2021-04-12 07:17:29	1	0	15	0
   108549	2021-04-12 07:17:41	1	0	15	0
   108610	2021-04-12 07:21:04	1	0	15	0
   108472	2021-04-12 07:28:58	1	0	15	0
   108556	2021-04-12 07:29:15	1	0	15	0
   108663	2021-04-12 07:30:36	1	0	15	0
   108579	2021-04-12 07:31:59	1	0	15	0
   108638	2021-04-12 07:33:18	1	0	15	0
   108638	2021-04-12 07:33:20	1	0	15	0
   108585	2021-04-12 07:34:18	1	0	15	0
   108505	2021-04-12 07:37:29	1	0	15	0
   108505	2021-04-12 07:37:32	1	0	15	0
   108505	2021-04-12 07:37:40	1	0	15	0
    10065	2021-04-12 07:38:06	1	0	15	0
    10065	2021-04-12 07:38:08	1	0	15	0
    10065	2021-04-12 07:38:15	1	0	15	0
   108658	2021-04-12 07:39:16	1	0	15	0
   102542	2021-04-12 07:39:27	1	0	15	0
    10278	2021-04-12 07:42:53	1	0	15	0
    10025	2021-04-12 07:43:27	1	0	15	0
    10033	2021-04-12 07:44:38	1	0	15	0
   108568	2021-04-12 07:45:44	1	0	15	0
    10032	2021-04-12 07:46:05	1	0	15	0
    10284	2021-04-12 07:46:17	1	0	15	0
    10228	2021-04-12 07:47:25	1	0	15	0
   101432	2021-04-12 07:47:33	1	0	15	0
    10221	2021-04-12 07:48:35	1	0	15	0
   108668	2021-04-12 07:52:07	1	0	15	0
   108668	2021-04-12 07:52:10	1	0	15	0
   108469	2021-04-12 07:53:44	1	0	15	0
    10129	2021-04-12 07:55:06	1	0	15	0
   108619	2021-04-12 07:55:44	1	0	15	0
   108598	2021-04-12 07:56:48	1	0	15	0
    10309	2021-04-12 07:57:04	1	0	15	0
   108636	2021-04-12 07:58:41	1	0	15	0
    19980	2021-04-12 07:59:28	1	0	15	0
    10458	2021-04-12 08:01:11	1	0	15	0
   108666	2021-04-12 08:01:25	1	0	15	0
   500001	2021-04-12 08:03:23	1	0	15	0
   102544	2021-04-12 08:08:42	1	0	15	0
   102544	2021-04-12 08:08:45	1	0	15	0
   108611	2021-04-12 08:09:13	1	0	15	0
   108665	2021-04-12 08:13:45	1	0	15	0
   108665	2021-04-12 08:13:47	1	0	15	0
    10063	2021-04-12 08:17:05	1	0	15	0
    10149	2021-04-12 08:17:13	1	0	15	0
    10149	2021-04-12 08:17:15	1	0	15	0
   108489	2021-04-12 08:17:22	1	0	15	0
   108523	2021-04-12 08:17:32	1	0	15	0
    10076	2021-04-12 08:17:43	1	0	15	0
   102524	2021-04-12 08:17:52	1	0	15	0
   108515	2021-04-12 08:42:58	1	0	15	0
   102579	2021-04-12 08:57:17	1	0	15	0
    10550	2021-04-12 11:52:39	1	0	15	0
   108593	2021-04-12 16:01:08	1	1	15	0
   108472	2021-04-12 16:01:21	1	1	15	0
    10214	2021-04-12 16:01:30	1	1	15	0
    10356	2021-04-12 16:01:37	1	1	15	0
   101437	2021-04-12 16:01:45	1	1	15	0
   108654	2021-04-12 16:01:51	1	1	15	0
   108630	2021-04-12 16:02:09	1	1	15	0
    10372	2021-04-12 16:02:18	1	1	15	0
    10372	2021-04-12 16:02:20	1	1	15	0
   108538	2021-04-12 16:03:01	1	1	15	0
   108549	2021-04-12 16:03:20	1	1	15	0
    10278	2021-04-12 16:04:00	1	1	15	0
    10284	2021-04-12 16:04:08	1	1	15	0
    10309	2021-04-12 16:04:31	1	1	15	0
    10228	2021-04-12 16:04:40	1	1	15	0
   108469	2021-04-12 16:08:29	1	1	15	0
    10025	2021-04-12 17:02:00	1	1	15	0
    10456	2021-04-12 17:02:10	1	1	15	0
    10456	2021-04-12 17:02:12	1	1	15	0
   108619	2021-04-12 17:02:23	1	1	15	0
   108619	2021-04-12 17:02:25	1	1	15	0
   102526	2021-04-12 17:02:34	1	1	15	0
    10080	2021-04-12 17:02:40	1	1	15	0
   101432	2021-04-12 17:03:10	1	1	15	0
    10033	2021-04-12 17:03:21	1	1	15	0
   108617	2021-04-12 17:03:33	1	1	15	0
   108638	2021-04-12 17:03:39	1	1	15	0
    19980	2021-04-12 17:04:12	1	1	15	0
    10550	2021-04-12 17:04:50	1	1	15	0
    10032	2021-04-12 17:06:07	1	1	15	0
   108608	2021-04-12 17:06:43	1	1	15	0
   108579	2021-04-12 17:07:10	1	1	15	0
   108568	2021-04-12 17:07:35	1	1	15	0
   108636	2021-04-12 17:08:36	1	1	15	0
   108611	2021-04-12 17:08:52	1	1	15	0
    10221	2021-04-12 17:09:57	1	1	15	0
    10065	2021-04-12 17:10:32	1	1	15	0
   108515	2021-04-12 17:12:05	1	1	15	0
   108556	2021-04-12 17:13:09	1	1	15	0
   500001	2021-04-12 17:15:12	1	1	15	0
   102544	2021-04-12 17:16:36	1	1	15	0
   108662	2021-04-12 17:16:58	1	1	15	0
   108585	2021-04-12 17:27:49	1	1	15	0
    10458	2021-04-12 17:28:21	1	1	15	0
   102542	2021-04-12 17:30:04	1	1	15	0
   108666	2021-04-12 17:38:31	1	1	15	0
    10063	2021-04-12 17:40:02	1	1	15	0
    10149	2021-04-12 17:40:23	1	1	15	0
   108505	2021-04-12 17:40:31	1	1	15	0
   108489	2021-04-12 17:40:56	1	1	15	0
    10076	2021-04-12 17:42:07	1	1	15	0
   102524	2021-04-12 17:42:57	1	1	15	0
    10129	2021-04-12 18:15:57	1	1	15	0
   102579	2021-04-12 18:26:13	1	1	15	0
   108667	2021-04-12 18:33:57	1	1	15	0
   108658	2021-04-12 19:02:43	1	1	15	0
   108663	2021-04-12 19:03:37	1	1	15	0
   108610	2021-04-12 19:03:44	1	1	15	0
   108598	2021-04-12 19:03:55	1	1	15	0
   108668	2021-04-12 19:25:05	1	1	15	0
   108523	2021-04-12 19:41:15	1	1	15	0
   108665	2021-04-12 20:17:48	1	1	15	0
   108665	2021-04-12 20:17:51	1	1	15	0
    10127	2021-04-12 20:18:50	1	1	15	0
    10456	2021-04-13 05:54:42	1	0	15	0
   102526	2021-04-13 06:25:54	1	0	15	0
   101437	2021-04-13 06:31:16	1	0	15	0
   108662	2021-04-13 06:54:00	1	0	15	0
   108608	2021-04-13 06:55:00	1	0	15	0
   108587	2021-04-13 07:02:02	1	0	15	0
   108533	2021-04-13 07:03:13	1	0	15	0
   108667	2021-04-13 07:03:23	1	0	15	0
   108667	2021-04-13 07:03:25	1	0	15	0
    10214	2021-04-13 07:03:33	1	0	15	0
    10356	2021-04-13 07:03:56	1	0	15	0
   108630	2021-04-13 07:04:53	1	0	15	0
   108668	2021-04-13 07:11:24	1	0	15	0
   101451	2021-04-13 07:12:12	1	0	15	0
   108556	2021-04-13 07:13:01	1	0	15	0
   108538	2021-04-13 07:14:09	1	0	15	0
   108663	2021-04-13 07:16:01	1	0	15	0
   108505	2021-04-13 07:16:11	1	0	15	0
   108612	2021-04-13 07:17:31	1	0	15	0
   108593	2021-04-13 07:19:48	1	0	15	0
   108472	2021-04-13 07:19:55	1	0	15	0
   108523	2021-04-13 07:20:44	1	0	15	0
   108665	2021-04-13 07:23:59	1	0	15	0
    10127	2021-04-13 07:24:11	1	0	15	0
   108549	2021-04-13 07:24:35	1	0	15	0
    10080	2021-04-13 07:26:29	1	0	15	0
   108654	2021-04-13 07:26:40	1	0	15	0
   102542	2021-04-13 07:27:51	1	0	15	0
    10372	2021-04-13 07:28:26	1	0	15	0
    10065	2021-04-13 07:29:33	1	0	15	0
    10065	2021-04-13 07:29:36	1	0	15	0
    10065	2021-04-13 07:29:41	1	0	15	0
    10278	2021-04-13 07:29:55	1	0	15	0
   108610	2021-04-13 07:32:31	1	0	15	0
    10221	2021-04-13 07:33:06	1	0	15	0
   101432	2021-04-13 07:34:05	1	0	15	0
   101436	2021-04-13 07:34:12	1	0	15	0
    10033	2021-04-13 07:38:58	1	0	15	0
   108568	2021-04-13 07:40:22	1	0	15	0
    10025	2021-04-13 07:41:32	1	0	15	0
    10348	2021-04-13 07:41:42	1	0	15	0
    10228	2021-04-13 07:42:08	1	0	15	0
    10398	2021-04-13 07:42:19	1	0	15	0
   108658	2021-04-13 07:42:29	1	0	15	0
   108638	2021-04-13 07:42:48	1	0	15	0
    10284	2021-04-13 07:43:39	1	0	15	0
    10309	2021-04-13 07:47:05	1	0	15	0
   108613	2021-04-13 07:47:27	1	0	15	0
   108469	2021-04-13 07:50:17	1	0	15	0
   108598	2021-04-13 07:51:15	1	0	15	0
    19980	2021-04-13 07:51:28	1	0	15	0
    19980	2021-04-13 07:51:30	1	0	15	0
   108585	2021-04-13 07:52:14	1	0	15	0
   108585	2021-04-13 07:52:17	1	0	15	0
   500001	2021-04-13 07:54:41	1	0	15	0
   108591	2021-04-13 07:56:16	1	0	15	0
    10129	2021-04-13 07:57:04	1	0	15	0
    10032	2021-04-13 07:58:35	1	0	15	0
   108619	2021-04-13 07:59:39	1	0	15	0
    10550	2021-04-13 08:03:02	1	0	15	0
   108579	2021-04-13 08:03:31	1	0	15	0
   108611	2021-04-13 08:05:34	1	0	15	0
    10138	2021-04-13 08:06:01	1	0	15	0
   108636	2021-04-13 08:06:08	1	0	15	0
   102544	2021-04-13 08:07:38	1	0	15	0
    10063	2021-04-13 08:12:31	1	0	15	0
    10149	2021-04-13 08:12:39	1	0	15	0
   108489	2021-04-13 08:12:48	1	0	15	0
   102524	2021-04-13 08:13:22	1	0	15	0
    10076	2021-04-13 08:13:34	1	0	15	0
    10458	2021-04-13 08:15:09	1	0	15	0
   108635	2021-04-13 08:15:45	1	0	15	0
   108515	2021-04-13 08:34:08	1	0	15	0
   102579	2021-04-13 08:40:11	1	0	15	0
    10080	2021-04-13 09:35:41	1	0	15	0
   108585	2021-04-13 12:11:50	1	0	15	0
    10080	2021-04-13 13:48:31	1	0	15	0
    10550	2021-04-13 15:08:15	1	0	15	0
   102526	2021-04-13 16:03:16	1	0	15	0
   102526	2021-04-13 16:03:19	1	0	15	0
   108472	2021-04-13 16:03:24	1	0	15	0
   102526	2021-04-13 16:03:29	1	0	15	0
    10456	2021-04-13 16:03:51	1	1	15	0
   108612	2021-04-13 16:03:58	1	1	15	0
    10214	2021-04-13 16:04:10	1	1	15	0
   108538	2021-04-13 16:04:15	1	1	15	0
    10348	2021-04-13 16:04:20	1	1	15	0
    10356	2021-04-13 16:04:29	1	1	15	0
    10138	2021-04-13 16:04:46	1	1	15	0
    10278	2021-04-13 16:04:54	1	1	15	0
   108549	2021-04-13 16:05:13	1	1	15	0
   108469	2021-04-13 16:05:19	1	1	15	0
    10309	2021-04-13 16:05:25	1	1	15	0
    10228	2021-04-13 16:05:44	1	1	15	0
    10398	2021-04-13 16:05:55	1	1	15	0
   108587	2021-04-13 16:07:25	1	1	15	0
   108587	2021-04-13 16:07:27	1	1	15	0
   101432	2021-04-13 17:00:19	1	1	15	0
   108654	2021-04-13 17:00:27	1	1	15	0
   101436	2021-04-13 17:00:34	1	1	15	0
   108613	2021-04-13 17:00:44	1	1	15	0
    10458	2021-04-13 17:00:50	1	1	15	0
   108630	2021-04-13 17:00:57	1	1	15	0
   108593	2021-04-13 17:01:04	1	1	15	0
    10372	2021-04-13 17:01:13	1	1	15	0
    10372	2021-04-13 17:01:15	1	1	15	0
   101451	2021-04-13 17:01:21	1	1	15	0
   101437	2021-04-13 17:01:33	1	1	15	0
   108533	2021-04-13 17:01:41	1	1	15	0
    10080	2021-04-13 17:01:48	1	1	15	0
   108619	2021-04-13 17:01:54	1	1	15	0
   108638	2021-04-13 17:02:01	1	1	15	0
   108617	2021-04-13 17:02:11	1	1	15	0
   108568	2021-04-13 17:02:19	1	1	15	0
    10221	2021-04-13 17:02:37	1	1	15	0
   108611	2021-04-13 17:02:54	1	1	15	0
    19980	2021-04-13 17:03:33	1	1	15	0
   108579	2021-04-13 17:04:11	1	1	15	0
   108608	2021-04-13 17:04:40	1	1	15	0
   108591	2021-04-13 17:05:28	1	1	15	0
    10033	2021-04-13 17:05:43	1	1	15	0
   108635	2021-04-13 17:05:49	1	1	15	0
   102544	2021-04-13 17:06:11	1	1	15	0
    10025	2021-04-13 17:06:20	1	1	15	0
    10025	2021-04-13 17:06:22	1	1	15	0
   108668	2021-04-13 17:06:35	1	1	15	0
   102542	2021-04-13 17:07:15	1	1	15	0
   108665	2021-04-13 17:07:48	1	1	15	0
   108489	2021-04-13 17:08:59	1	1	15	0
    10065	2021-04-13 17:09:08	1	1	15	0
   500001	2021-04-13 17:10:29	1	1	15	0
   108636	2021-04-13 17:11:36	1	1	15	0
   108515	2021-04-13 17:11:50	1	1	15	0
   108556	2021-04-13 17:12:05	1	1	15	0
   108667	2021-04-13 17:13:54	1	1	15	0
    10032	2021-04-13 17:27:33	1	1	15	0
    10063	2021-04-13 17:29:13	1	1	15	0
   102579	2021-04-13 17:31:24	1	1	15	0
   108662	2021-04-13 17:35:42	1	1	15	0
   102524	2021-04-13 17:36:26	1	1	15	0
    10149	2021-04-13 17:38:32	1	1	15	0
    10149	2021-04-13 17:38:35	1	1	15	0
    10076	2021-04-13 17:39:23	1	1	15	0
   108666	2021-04-13 17:40:26	1	1	15	0
   108505	2021-04-13 17:46:36	1	1	15	0
    10127	2021-04-13 17:54:18	1	1	15	0
    10129	2021-04-13 18:26:51	1	1	15	0
   108663	2021-04-13 19:05:32	1	1	15	0
   108610	2021-04-13 19:07:04	1	1	15	0
   108610	2021-04-13 19:07:07	1	1	15	0
   108658	2021-04-13 19:07:15	1	1	15	0
   108598	2021-04-13 19:07:24	1	1	15	0
    10309	2021-04-13 19:14:50	1	1	15	0
   108523	2021-04-13 19:38:41	1	1	15	0
    10309	2021-04-13 20:24:49	1	1	15	0
    10214	2021-04-14 03:11:00	1	1	15	0
    10214	2021-04-14 03:11:02	1	1	15	0
    10214	2021-04-14 03:11:29	1	0	15	0
    10356	2021-04-14 03:11:56	1	0	15	0
   108612	2021-04-14 03:28:13	1	0	15	0
   108612	2021-04-14 03:28:15	1	0	15	0
    10456	2021-04-14 05:41:41	1	0	15	0
   101437	2021-04-14 06:17:05	1	0	15	0
   102526	2021-04-14 06:26:39	1	0	15	0
   108608	2021-04-14 06:46:41	1	0	15	0
   108617	2021-04-14 06:47:48	1	0	15	0
   108533	2021-04-14 06:52:11	1	0	15	0
   108585	2021-04-14 07:00:59	1	0	15	0
   108587	2021-04-14 07:02:46	1	0	15	0
   108654	2021-04-14 07:05:30	1	0	15	0
   108630	2021-04-14 07:06:47	1	0	15	0
    10372	2021-04-14 07:10:57	1	0	15	0
   108662	2021-04-14 07:13:08	1	0	15	0
    10065	2021-04-14 07:16:46	1	0	15	0
   108549	2021-04-14 07:18:31	1	0	15	0
   108523	2021-04-14 07:22:12	1	0	15	0
   108593	2021-04-14 07:23:08	1	0	15	0
   101451	2021-04-14 07:23:19	1	0	15	0
   108472	2021-04-14 07:24:18	1	0	15	0
   108505	2021-04-14 07:25:46	1	0	15	0
   108663	2021-04-14 07:27:43	1	0	15	0
   108667	2021-04-14 07:28:14	1	0	15	0
   108638	2021-04-14 07:30:57	1	0	15	0
   102542	2021-04-14 07:31:30	1	0	15	0
    10284	2021-04-14 07:32:17	1	0	15	0
   108658	2021-04-14 07:36:19	1	0	15	0
   101432	2021-04-14 07:36:40	1	0	15	0
    10278	2021-04-14 07:37:13	1	0	15	0
   108610	2021-04-14 07:38:20	1	0	15	0
   108613	2021-04-14 07:38:50	1	0	15	0
    10221	2021-04-14 07:40:23	1	0	15	0
    10033	2021-04-14 07:42:41	1	0	15	0
   108469	2021-04-14 07:42:54	1	0	15	0
    10127	2021-04-14 07:44:56	1	0	15	0
    10228	2021-04-14 07:46:42	1	0	15	0
   108668	2021-04-14 07:48:44	1	0	15	0
   108556	2021-04-14 07:51:30	1	0	15	0
    10309	2021-04-14 07:51:53	1	0	15	0
   108636	2021-04-14 07:52:01	1	0	15	0
   108611	2021-04-14 07:52:42	1	0	15	0
   108538	2021-04-14 07:52:48	1	0	15	0
    10348	2021-04-14 07:53:04	1	0	15	0
   108598	2021-04-14 07:53:24	1	0	15	0
    10025	2021-04-14 07:54:01	1	0	15	0
    10129	2021-04-14 07:54:44	1	0	15	0
    19980	2021-04-14 07:55:16	1	0	15	0
   108619	2021-04-14 07:56:41	1	0	15	0
   108591	2021-04-14 07:57:53	1	0	15	0
    10032	2021-04-14 07:58:07	1	0	15	0
    10550	2021-04-14 08:02:30	1	0	15	0
    10138	2021-04-14 08:02:38	1	0	15	0
   108579	2021-04-14 08:03:45	1	0	15	0
   102524	2021-04-14 08:04:17	1	0	15	0
    10149	2021-04-14 08:04:22	1	0	15	0
    10149	2021-04-14 08:04:25	1	0	15	0
   108489	2021-04-14 08:04:33	1	0	15	0
    10063	2021-04-14 08:04:42	1	0	15	0
    10076	2021-04-14 08:04:59	1	0	15	0
   500001	2021-04-14 08:11:46	1	0	15	0
    10458	2021-04-14 08:12:37	1	0	15	0
   108635	2021-04-14 08:20:00	1	0	15	0
   102579	2021-04-14 08:52:21	1	0	15	0
   108515	2021-04-14 09:08:18	1	0	15	0
    10080	2021-04-14 10:12:04	1	0	15	0
    10080	2021-04-14 10:12:07	1	0	15	0
    10398	2021-04-14 10:57:31	1	0	15	0
    10356	2021-04-14 12:01:36	1	1	15	0
    10214	2021-04-14 12:01:45	1	1	15	0
   108612	2021-04-14 12:01:52	1	1	15	0
   108630	2021-04-14 16:01:54	1	1	15	0
   108619	2021-04-14 16:02:02	1	1	15	0
   108538	2021-04-14 16:02:07	1	1	15	0
   108472	2021-04-14 16:02:35	1	1	15	0
   108549	2021-04-14 16:02:59	1	1	15	0
    10348	2021-04-14 16:03:09	1	1	15	0
    10456	2021-04-14 16:03:55	1	1	15	0
    10284	2021-04-14 16:04:08	1	1	15	0
   102526	2021-04-14 16:04:19	1	1	15	0
    10278	2021-04-14 16:04:28	1	1	15	0
    10278	2021-04-14 16:04:30	1	1	15	0
    10138	2021-04-14 16:05:32	1	1	15	0
    10398	2021-04-14 16:05:43	1	1	15	0
    10309	2021-04-14 16:06:46	1	1	15	0
    10228	2021-04-14 16:07:02	1	1	15	0
   108587	2021-04-14 16:07:51	1	1	15	0
   108469	2021-04-14 16:08:46	1	1	15	0
   108611	2021-04-14 16:11:24	1	1	15	0
   101432	2021-04-14 17:00:33	1	1	15	0
   108654	2021-04-14 17:00:44	1	1	15	0
   108613	2021-04-14 17:00:54	1	1	15	0
   108593	2021-04-14 17:01:09	1	1	15	0
    10025	2021-04-14 17:01:18	1	1	15	0
    10372	2021-04-14 17:01:32	1	1	15	0
   101437	2021-04-14 17:01:46	1	1	15	0
   101451	2021-04-14 17:01:51	1	1	15	0
    10080	2021-04-14 17:02:16	1	1	15	0
   108533	2021-04-14 17:02:29	1	1	15	0
   108668	2021-04-14 17:03:12	1	1	15	0
   108617	2021-04-14 17:03:23	1	1	15	0
    10033	2021-04-14 17:03:36	1	1	15	0
   108667	2021-04-14 17:03:47	1	1	15	0
    10221	2021-04-14 17:03:58	1	1	15	0
   108608	2021-04-14 17:05:24	1	1	15	0
   108579	2021-04-14 17:05:43	1	1	15	0
   108635	2021-04-14 17:06:00	1	1	15	0
   102524	2021-04-14 17:08:02	1	1	15	0
   108591	2021-04-14 17:09:38	1	1	15	0
    10065	2021-04-14 17:09:49	1	1	15	0
   108556	2021-04-14 17:09:59	1	1	15	0
   108489	2021-04-14 17:10:54	1	1	15	0
   108662	2021-04-14 17:11:04	1	1	15	0
   108638	2021-04-14 17:11:10	1	1	15	0
   102542	2021-04-14 17:11:23	1	1	15	0
    19980	2021-04-14 17:12:30	1	1	15	0
   500001	2021-04-14 17:14:25	1	1	15	0
   108636	2021-04-14 17:18:07	1	1	15	0
    10076	2021-04-14 17:19:08	1	1	15	0
    10063	2021-04-14 17:20:29	1	1	15	0
   108568	2021-04-14 17:24:13	1	1	15	0
    10149	2021-04-14 17:25:01	1	1	15	0
    10458	2021-04-14 17:25:54	1	1	15	0
   108515	2021-04-14 17:26:13	1	1	15	0
    10550	2021-04-14 17:29:52	1	1	15	0
   102579	2021-04-14 17:34:50	1	1	15	0
   108585	2021-04-14 17:41:59	1	1	15	0
   108505	2021-04-14 17:43:39	1	1	15	0
   108505	2021-04-14 17:43:41	1	1	15	0
    10032	2021-04-14 17:45:01	1	1	15	0
    10127	2021-04-14 17:48:17	1	1	15	0
    10129	2021-04-14 18:34:33	1	1	15	0
   108523	2021-04-14 19:13:44	1	1	15	0
   108666	2021-04-14 19:47:24	1	1	15	0
   108610	2021-04-14 20:06:44	1	1	15	0
   108658	2021-04-14 20:06:51	1	1	15	0
   108663	2021-04-14 20:06:59	1	1	15	0
   108598	2021-04-14 20:07:11	1	1	15	0
    10456	2021-04-15 05:46:01	1	0	15	0
   101437	2021-04-15 06:19:46	1	0	15	0
   102526	2021-04-15 06:45:04	1	0	15	0
   108663	2021-04-15 06:47:25	1	0	15	0
   108617	2021-04-15 06:47:49	1	0	15	0
   108630	2021-04-15 07:01:39	1	0	15	0
   108662	2021-04-15 07:02:44	1	0	15	0
   108587	2021-04-15 07:07:17	1	0	15	0
    10214	2021-04-15 07:08:11	1	0	15	0
    10356	2021-04-15 07:08:39	1	0	15	0
   108585	2021-04-15 07:10:35	1	0	15	0
   108612	2021-04-15 07:11:04	1	0	15	0
   101451	2021-04-15 07:14:29	1	0	15	0
   108523	2021-04-15 07:16:58	1	0	15	0
   108654	2021-04-15 07:20:29	1	0	15	0
    10065	2021-04-15 07:21:57	1	0	15	0
   108549	2021-04-15 07:23:08	1	0	15	0
   108613	2021-04-15 07:25:46	1	0	15	0
   108658	2021-04-15 07:26:10	1	0	15	0
   108593	2021-04-15 07:26:21	1	0	15	0
   108472	2021-04-15 07:26:51	1	0	15	0
   108667	2021-04-15 07:27:20	1	0	15	0
   108610	2021-04-15 07:32:48	1	0	15	0
    10080	2021-04-15 07:35:05	1	0	15	0
    10372	2021-04-15 07:37:13	1	0	15	0
    10278	2021-04-15 07:37:50	1	0	15	0
   102542	2021-04-15 07:39:09	1	0	15	0
   500001	2021-04-15 07:40:55	1	0	15	0
    10228	2021-04-15 07:43:02	1	0	15	0
    10221	2021-04-15 07:44:03	1	0	15	0
    10221	2021-04-15 07:44:05	1	0	15	0
    10129	2021-04-15 07:44:53	1	0	15	0
    10284	2021-04-15 07:46:39	1	0	15	0
    10138	2021-04-15 07:46:56	1	0	15	0
   108533	2021-04-15 07:47:15	1	0	15	0
   101432	2021-04-15 07:47:52	1	0	15	0
    10025	2021-04-15 07:48:21	1	0	15	0
   108556	2021-04-15 07:49:36	1	0	15	0
   108505	2021-04-15 07:49:50	1	0	15	0
   108638	2021-04-15 07:50:59	1	0	15	0
   108668	2021-04-15 07:51:34	1	0	15	0
    10309	2021-04-15 07:51:59	1	0	15	0
   108538	2021-04-15 07:52:46	1	0	15	0
    10033	2021-04-15 07:54:04	1	0	15	0
   108591	2021-04-15 07:55:08	1	0	15	0
   108636	2021-04-15 07:55:52	1	0	15	0
    10348	2021-04-15 07:56:26	1	0	15	0
   108619	2021-04-15 07:57:40	1	0	15	0
    10127	2021-04-15 07:58:23	1	0	15	0
   108665	2021-04-15 07:58:29	1	0	15	0
    19980	2021-04-15 07:58:55	1	0	15	0
    10550	2021-04-15 07:59:46	1	0	15	0
   108469	2021-04-15 08:00:04	1	0	15	0
    10032	2021-04-15 08:03:10	1	0	15	0
   108635	2021-04-15 08:06:32	1	0	15	0
    10398	2021-04-15 08:07:02	1	0	15	0
    10398	2021-04-15 08:07:04	1	0	15	0
   108515	2021-04-15 08:08:20	1	0	15	0
    10149	2021-04-15 08:09:58	1	0	15	0
   108608	2021-04-15 08:10:03	1	0	15	0
   108489	2021-04-15 08:10:15	1	0	15	0
   108568	2021-04-15 08:10:26	1	0	15	0
    10076	2021-04-15 08:10:32	1	0	15	0
   102524	2021-04-15 08:10:38	1	0	15	0
   108611	2021-04-15 08:10:54	1	0	15	0
   108666	2021-04-15 08:14:14	1	0	15	0
    10458	2021-04-15 08:15:17	1	0	15	0
   102579	2021-04-15 08:59:44	1	0	15	0
   108585	2021-04-15 12:16:08	1	0	15	0
   101437	2021-04-15 16:01:59	1	0	15	0
   101437	2021-04-15 16:02:02	1	0	15	0
   108549	2021-04-15 16:02:20	1	1	15	0
   108612	2021-04-15 16:02:26	1	1	15	0
   108538	2021-04-15 16:02:32	1	1	15	0
    10214	2021-04-15 16:02:42	1	1	15	0
    10456	2021-04-15 16:02:49	1	1	15	0
    10356	2021-04-15 16:03:01	1	1	15	0
    10138	2021-04-15 16:03:10	1	1	15	0
    10278	2021-04-15 16:03:27	1	1	15	0
    10278	2021-04-15 16:03:29	1	1	15	0
    10228	2021-04-15 16:03:47	1	1	15	0
   108472	2021-04-15 16:04:17	1	1	15	0
    10284	2021-04-15 16:04:47	1	1	15	0
   108469	2021-04-15 16:05:05	1	1	15	0
    10398	2021-04-15 16:19:15	1	1	15	0
   101432	2021-04-15 17:01:04	1	1	15	0
   108593	2021-04-15 17:01:10	1	1	15	0
   108654	2021-04-15 17:01:22	1	1	15	0
   108613	2021-04-15 17:01:33	1	1	15	0
   108630	2021-04-15 17:01:39	1	1	15	0
    10080	2021-04-15 17:02:09	1	1	15	0
   108619	2021-04-15 17:02:19	1	1	15	0
    10372	2021-04-15 17:02:26	1	1	15	0
   102526	2021-04-15 17:02:32	1	1	15	0
   108533	2021-04-15 17:02:39	1	1	15	0
   101451	2021-04-15 17:02:44	1	1	15	0
   108638	2021-04-15 17:02:50	1	1	15	0
   108617	2021-04-15 17:02:58	1	1	15	0
   108587	2021-04-15 17:03:04	1	1	15	0
    10221	2021-04-15 17:03:17	1	1	15	0
    10309	2021-04-15 17:03:23	1	1	15	0
   108611	2021-04-15 17:03:33	1	1	15	0
   108608	2021-04-15 17:03:39	1	1	15	0
    10025	2021-04-15 17:03:48	1	1	15	0
   108515	2021-04-15 17:03:56	1	1	15	0
   108591	2021-04-15 17:04:07	1	1	15	0
    10458	2021-04-15 17:04:39	1	1	15	0
    10033	2021-04-15 17:05:23	1	1	15	0
   108556	2021-04-15 17:05:55	1	1	15	0
   108505	2021-04-15 17:06:02	1	1	15	0
   108667	2021-04-15 17:06:11	1	1	15	0
   108662	2021-04-15 17:06:17	1	1	15	0
   108662	2021-04-15 17:06:20	1	1	15	0
    10550	2021-04-15 17:06:24	1	1	15	0
   108636	2021-04-15 17:06:33	1	1	15	0
   108635	2021-04-15 17:07:00	1	1	15	0
    19980	2021-04-15 17:07:14	1	1	15	0
   500001	2021-04-15 17:07:47	1	1	15	0
    10065	2021-04-15 17:08:06	1	1	15	0
   102542	2021-04-15 17:08:49	1	1	15	0
   108668	2021-04-15 17:12:37	1	1	15	0
   108668	2021-04-15 17:12:39	1	1	15	0
   102579	2021-04-15 17:15:40	1	1	15	0
    10032	2021-04-15 17:19:08	1	1	15	0
   108665	2021-04-15 17:20:37	1	1	15	0
   108489	2021-04-15 17:22:00	1	1	15	0
   108568	2021-04-15 17:32:25	1	1	15	0
   102524	2021-04-15 17:34:37	1	1	15	0
    10076	2021-04-15 17:38:30	1	1	15	0
    10149	2021-04-15 17:40:22	1	1	15	0
    10129	2021-04-15 18:27:24	1	1	15	0
   108663	2021-04-15 18:54:08	1	1	15	0
   108658	2021-04-15 18:54:12	1	1	15	0
   108610	2021-04-15 18:54:18	1	1	15	0
   108523	2021-04-15 19:00:47	1	1	15	0
    10127	2021-04-15 19:01:31	1	1	15	0
   108666	2021-04-15 21:33:01	1	1	15	0
   101437	2021-04-16 06:17:12	1	1	15	0
   101437	2021-04-16 06:18:21	1	0	15	0
   108662	2021-04-16 06:34:34	1	0	15	0
   102526	2021-04-16 06:47:24	1	0	15	0
   102526	2021-04-16 06:47:26	1	0	15	0
   108617	2021-04-16 06:58:37	1	0	15	0
   108630	2021-04-16 07:08:37	1	0	15	0
    10214	2021-04-16 07:10:21	1	0	15	0
   108587	2021-04-16 07:10:44	1	0	15	0
    10356	2021-04-16 07:11:03	1	0	15	0
   101451	2021-04-16 07:11:53	1	0	15	0
   108585	2021-04-16 07:13:11	1	0	15	0
   108472	2021-04-16 07:14:39	1	0	15	0
   108556	2021-04-16 07:15:46	1	0	15	0
   108523	2021-04-16 07:24:41	1	0	15	0
   108654	2021-04-16 07:25:52	1	0	15	0
    10080	2021-04-16 07:26:08	1	0	15	0
   108593	2021-04-16 07:29:16	1	0	15	0
   108667	2021-04-16 07:30:48	1	0	15	0
   108505	2021-04-16 07:32:25	1	0	15	0
   108663	2021-04-16 07:35:30	1	0	15	0
    10065	2021-04-16 07:35:59	1	0	15	0
    10033	2021-04-16 07:38:04	1	0	15	0
   108610	2021-04-16 07:38:25	1	0	15	0
   102542	2021-04-16 07:38:41	1	0	15	0
   108638	2021-04-16 07:38:50	1	0	15	0
   108538	2021-04-16 07:38:59	1	0	15	0
    10372	2021-04-16 07:39:08	1	0	15	0
    10228	2021-04-16 07:39:53	1	0	15	0
   108612	2021-04-16 07:41:13	1	0	15	0
   108469	2021-04-16 07:41:46	1	0	15	0
    10278	2021-04-16 07:43:45	1	0	15	0
    10221	2021-04-16 07:44:16	1	0	15	0
   108658	2021-04-16 07:45:51	1	0	15	0
    10025	2021-04-16 07:47:36	1	0	15	0
   101432	2021-04-16 07:48:06	1	0	15	0
   108533	2021-04-16 07:48:26	1	0	15	0
   108568	2021-04-16 07:49:06	1	0	15	0
   108549	2021-04-16 07:50:06	1	0	15	0
   108598	2021-04-16 07:52:13	1	0	15	0
    10284	2021-04-16 07:52:18	1	0	15	0
    10284	2021-04-16 07:52:20	1	0	15	0
    10129	2021-04-16 07:52:43	1	0	15	0
   108613	2021-04-16 07:53:53	1	0	15	0
   108613	2021-04-16 07:53:55	1	0	15	0
   108668	2021-04-16 07:54:43	1	0	15	0
   102544	2021-04-16 07:55:18	1	0	15	0
   108636	2021-04-16 07:55:28	1	0	15	0
    10309	2021-04-16 07:57:26	1	0	15	0
    10138	2021-04-16 07:57:54	1	0	15	0
    10032	2021-04-16 07:58:45	1	0	15	0
   108619	2021-04-16 07:58:58	1	0	15	0
   108666	2021-04-16 08:01:06	1	0	15	0
   108591	2021-04-16 08:02:34	1	0	15	0
    10348	2021-04-16 08:03:45	1	0	15	0
    19980	2021-04-16 08:04:45	1	0	15	0
   108579	2021-04-16 08:04:56	1	0	15	0
   108665	2021-04-16 08:06:44	1	0	15	0
   108611	2021-04-16 08:10:34	1	0	15	0
   108608	2021-04-16 08:10:41	1	0	15	0
    10063	2021-04-16 08:11:05	1	0	15	0
    10149	2021-04-16 08:11:12	1	0	15	0
   108489	2021-04-16 08:11:22	1	0	15	0
    10076	2021-04-16 08:11:40	1	0	15	0
    10076	2021-04-16 08:11:42	1	0	15	0
   102524	2021-04-16 08:12:04	1	0	15	0
   108635	2021-04-16 08:18:36	1	0	15	0
   102579	2021-04-16 08:21:31	1	0	15	0
   500001	2021-04-16 08:24:47	1	0	15	0
   108515	2021-04-16 09:01:41	1	0	15	0
   108669	2021-04-16 14:23:19	1	0	15	0
   108669	2021-04-16 14:23:22	1	0	15	0
   108670	2021-04-16 14:24:27	1	0	15	0
   108538	2021-04-16 16:01:31	1	0	15	0
   108538	2021-04-16 16:01:33	1	0	15	0
   108612	2021-04-16 16:01:41	1	0	15	0
   108469	2021-04-16 16:01:48	1	0	15	0
   102526	2021-04-16 16:01:54	1	0	15	0
    10284	2021-04-16 16:01:59	1	0	15	0
   108472	2021-04-16 16:02:07	1	0	15	0
   101437	2021-04-16 16:02:31	1	0	15	0
   101437	2021-04-16 16:02:34	1	0	15	0
    10309	2021-04-16 16:02:54	1	0	15	0
    10356	2021-04-16 16:03:39	1	0	15	0
    10228	2021-04-16 16:03:59	1	0	15	0
    10278	2021-04-16 16:04:08	1	0	15	0
   108654	2021-04-16 16:04:44	1	1	15	0
    10138	2021-04-16 16:05:09	1	1	15	0
   108549	2021-04-16 16:05:26	1	1	15	0
   101436	2021-04-16 16:05:34	1	1	15	0
   108630	2021-04-16 16:06:26	1	1	15	0
    10372	2021-04-16 16:08:01	1	1	15	0
    10025	2021-04-16 17:00:53	1	1	15	0
   101432	2021-04-16 17:01:16	1	1	15	0
   108593	2021-04-16 17:01:23	1	1	15	0
   108613	2021-04-16 17:01:37	1	1	15	0
    10080	2021-04-16 17:01:47	1	1	15	0
   102544	2021-04-16 17:01:58	1	1	15	0
   108533	2021-04-16 17:02:04	1	1	15	0
   108619	2021-04-16 17:02:11	1	1	15	0
   101451	2021-04-16 17:02:17	1	1	15	0
   108617	2021-04-16 17:02:32	1	1	15	0
   108591	2021-04-16 17:02:43	1	1	15	0
   108579	2021-04-16 17:03:47	1	1	15	0
   108579	2021-04-16 17:03:50	1	1	15	0
   108670	2021-04-16 17:04:22	1	1	15	0
    10032	2021-04-16 17:04:32	1	1	15	0
   108669	2021-04-16 17:04:41	1	1	15	0
   108669	2021-04-16 17:04:44	1	1	15	0
   108635	2021-04-16 17:04:56	1	1	15	0
   108611	2021-04-16 17:05:10	1	1	15	0
    10033	2021-04-16 17:05:17	1	1	15	0
    19980	2021-04-16 17:05:27	1	1	15	0
   108515	2021-04-16 17:05:33	1	1	15	0
   108667	2021-04-16 17:06:09	1	1	15	0
   108587	2021-04-16 17:06:40	1	1	15	0
   108668	2021-04-16 17:07:05	1	1	15	0
   500001	2021-04-16 17:08:06	1	1	15	0
    10221	2021-04-16 17:08:51	1	1	15	0
    10065	2021-04-16 17:10:20	1	1	15	0
   108636	2021-04-16 17:10:30	1	1	15	0
   108608	2021-04-16 17:10:53	1	1	15	0
   108556	2021-04-16 17:19:16	1	1	15	0
   102524	2021-04-16 17:21:38	1	1	15	0
   108489	2021-04-16 17:22:23	1	1	15	0
   108638	2021-04-16 17:22:32	1	1	15	0
   108658	2021-04-16 17:22:45	1	1	15	0
   108610	2021-04-16 17:22:52	1	1	15	0
   108663	2021-04-16 17:23:03	1	1	15	0
   108598	2021-04-16 17:23:11	1	1	15	0
   102542	2021-04-16 17:31:54	1	1	15	0
   108665	2021-04-16 17:38:41	1	1	15	0
   108662	2021-04-16 17:38:48	1	1	15	0
   108523	2021-04-16 17:38:59	1	1	15	0
   108568	2021-04-16 17:40:14	1	1	15	0
    10063	2021-04-16 17:41:45	1	1	15	0
    10127	2021-04-16 17:42:49	1	1	15	0
    10076	2021-04-16 17:42:58	1	1	15	0
    10149	2021-04-16 17:43:14	1	1	15	0
   108505	2021-04-16 17:50:08	1	1	15	0
    10458	2021-04-16 17:51:19	1	1	15	0
   108585	2021-04-16 17:52:13	1	1	15	0
   102579	2021-04-16 18:12:52	1	1	15	0
    10129	2021-04-16 18:18:05	1	1	15	0
   102526	2021-04-17 06:34:55	1	1	15	0
   102526	2021-04-17 06:35:56	1	1	15	0
   102526	2021-04-17 06:35:59	1	1	15	0
   108587	2021-04-17 07:14:54	1	1	15	0
    19980	2021-04-17 07:45:29	1	1	15	0
    19980	2021-04-17 07:45:32	1	1	15	0
    10309	2021-04-17 07:57:04	1	1	15	0
    10309	2021-04-17 16:00:07	1	1	15	0
   102526	2021-04-17 16:00:15	1	1	15	0
   108587	2021-04-17 16:00:25	1	1	15	0
    19980	2021-04-17 16:06:05	1	1	15	0
    10456	2021-04-19 05:50:15	1	0	15	0
   101437	2021-04-19 06:15:55	1	0	15	0
   101437	2021-04-19 06:15:57	1	0	15	0
   102526	2021-04-19 06:38:36	1	0	15	0
    10372	2021-04-19 06:39:10	1	0	15	0
   108608	2021-04-19 06:47:15	1	0	15	0
   108654	2021-04-19 06:49:24	1	0	15	0
   108662	2021-04-19 06:50:18	1	0	15	0
    10033	2021-04-19 06:52:46	1	0	15	0
    10278	2021-04-19 07:05:28	1	0	15	0
   108630	2021-04-19 07:05:37	1	0	15	0
   108630	2021-04-19 07:05:39	1	0	15	0
   108556	2021-04-19 07:15:53	1	0	15	0
   108585	2021-04-19 07:19:00	1	0	15	0
    10065	2021-04-19 07:19:41	1	0	15	0
   108549	2021-04-19 07:21:31	1	0	15	0
   108638	2021-04-19 07:22:22	1	0	15	0
   108538	2021-04-19 07:24:54	1	0	15	0
   108593	2021-04-19 07:26:12	1	0	15	0
    10356	2021-04-19 07:27:00	1	0	15	0
    10356	2021-04-19 07:27:02	1	0	15	0
   101451	2021-04-19 07:27:44	1	0	15	0
   108469	2021-04-19 07:31:22	1	0	15	0
    10080	2021-04-19 07:31:30	1	0	15	0
   108612	2021-04-19 07:32:33	1	0	15	0
   108667	2021-04-19 07:32:46	1	0	15	0
   108505	2021-04-19 07:33:11	1	0	15	0
   108658	2021-04-19 07:35:45	1	0	15	0
   108670	2021-04-19 07:36:13	1	0	15	0
   108668	2021-04-19 07:38:59	1	0	15	0
   108668	2021-04-19 07:39:02	1	0	15	0
   108610	2021-04-19 07:39:41	1	0	15	0
   108472	2021-04-19 07:39:50	1	0	15	0
   102542	2021-04-19 07:40:06	1	0	15	0
   108663	2021-04-19 07:41:19	1	0	15	0
    10284	2021-04-19 07:42:17	1	0	15	0
   108598	2021-04-19 07:43:49	1	0	15	0
   108568	2021-04-19 07:44:17	1	0	15	0
   108533	2021-04-19 07:45:06	1	0	15	0
   101432	2021-04-19 07:45:14	1	0	15	0
   108669	2021-04-19 07:50:23	1	0	15	0
    10129	2021-04-19 07:52:41	1	0	15	0
    10228	2021-04-19 07:52:50	1	0	15	0
   500001	2021-04-19 07:53:28	1	0	15	0
    10025	2021-04-19 07:53:53	1	0	15	0
   108636	2021-04-19 07:55:00	1	0	15	0
   108619	2021-04-19 07:57:10	1	0	15	0
    10221	2021-04-19 07:57:37	1	0	15	0
    10309	2021-04-19 07:58:02	1	0	15	0
    19980	2021-04-19 07:58:33	1	0	15	0
    19980	2021-04-19 07:58:36	1	0	15	0
   108611	2021-04-19 08:00:51	1	0	15	0
    10032	2021-04-19 08:01:46	1	0	15	0
   108579	2021-04-19 08:04:09	1	0	15	0
   108579	2021-04-19 08:04:12	1	0	15	0
   102544	2021-04-19 08:06:39	1	0	15	0
   108515	2021-04-19 08:08:20	1	0	15	0
    10138	2021-04-19 08:11:12	1	0	15	0
    10458	2021-04-19 08:11:22	1	0	15	0
    10550	2021-04-19 08:12:16	1	0	15	0
    10063	2021-04-19 08:13:18	1	0	15	0
   108523	2021-04-19 08:13:30	1	0	15	0
    10149	2021-04-19 08:13:50	1	0	15	0
    10076	2021-04-19 08:14:00	1	0	15	0
   108635	2021-04-19 08:19:10	1	0	15	0
   108591	2021-04-19 08:23:13	1	0	15	0
    10127	2021-04-19 08:32:38	1	0	15	0
    10127	2021-04-19 08:32:40	1	0	15	0
   102579	2021-04-19 09:27:48	1	0	15	0
    10278	2021-04-19 15:02:52	1	0	15	0
    10456	2021-04-19 15:03:17	1	1	15	0
    10550	2021-04-19 15:50:47	1	1	15	0
   101437	2021-04-19 16:01:24	1	1	15	0
   101437	2021-04-19 16:01:26	1	1	15	0
   108549	2021-04-19 16:01:42	1	1	15	0
   108612	2021-04-19 16:01:54	1	1	15	0
   108472	2021-04-19 16:01:59	1	1	15	0
   108654	2021-04-19 16:02:05	1	1	15	0
   101436	2021-04-19 16:02:10	1	1	15	0
    10284	2021-04-19 16:02:24	1	1	15	0
   108538	2021-04-19 16:02:30	1	1	15	0
    10372	2021-04-19 16:02:36	1	1	15	0
    10372	2021-04-19 16:02:38	1	1	15	0
    10138	2021-04-19 16:03:23	1	1	15	0
    10228	2021-04-19 16:12:12	1	1	15	0
   108619	2021-04-19 16:23:27	1	1	15	0
   108593	2021-04-19 17:01:05	1	1	15	0
   101432	2021-04-19 17:01:16	1	1	15	0
   108630	2021-04-19 17:01:23	1	1	15	0
    10080	2021-04-19 17:01:42	1	1	15	0
   102544	2021-04-19 17:01:52	1	1	15	0
   102526	2021-04-19 17:02:04	1	1	15	0
   108533	2021-04-19 17:02:27	1	1	15	0
   108579	2021-04-19 17:03:42	1	1	15	0
   108579	2021-04-19 17:03:44	1	1	15	0
   102542	2021-04-19 17:03:55	1	1	15	0
   101451	2021-04-19 17:04:20	1	1	15	0
    19980	2021-04-19 17:04:52	1	1	15	0
   108669	2021-04-19 17:05:01	1	1	15	0
   108670	2021-04-19 17:05:11	1	1	15	0
    10032	2021-04-19 17:05:33	1	1	15	0
   108608	2021-04-19 17:05:40	1	1	15	0
   108469	2021-04-19 17:06:00	1	1	15	0
   108556	2021-04-19 17:06:12	1	1	15	0
   108591	2021-04-19 17:06:27	1	1	15	0
    10025	2021-04-19 17:06:41	1	1	15	0
    10033	2021-04-19 17:06:47	1	1	15	0
   108667	2021-04-19 17:06:54	1	1	15	0
   108667	2021-04-19 17:06:57	1	1	15	0
   108611	2021-04-19 17:07:06	1	1	15	0
   108668	2021-04-19 17:07:15	1	1	15	0
   108662	2021-04-19 17:07:23	1	1	15	0
   108635	2021-04-19 17:07:32	1	1	15	0
   108617	2021-04-19 17:07:59	1	1	15	0
   108636	2021-04-19 17:08:19	1	1	15	0
   108515	2021-04-19 17:08:27	1	1	15	0
   108638	2021-04-19 17:08:34	1	1	15	0
    10309	2021-04-19 17:08:40	1	1	15	0
    10065	2021-04-19 17:09:43	1	1	15	0
    10221	2021-04-19 17:10:57	1	1	15	0
    10458	2021-04-19 17:14:51	1	1	15	0
   500001	2021-04-19 17:15:22	1	1	15	0
   108585	2021-04-19 17:17:00	1	1	15	0
   108610	2021-04-19 17:18:32	1	1	15	0
   102579	2021-04-19 17:27:23	1	1	15	0
    10063	2021-04-19 17:27:37	1	1	15	0
   108665	2021-04-19 17:27:47	1	1	15	0
   108568	2021-04-19 17:34:52	1	1	15	0
    10149	2021-04-19 17:36:26	1	1	15	0
    10076	2021-04-19 17:37:28	1	1	15	0
   108505	2021-04-19 17:45:31	1	1	15	0
    10356	2021-04-19 17:53:35	1	1	15	0
    10348	2021-04-19 18:03:07	1	1	15	0
    10129	2021-04-19 18:35:40	1	1	15	0
   108523	2021-04-19 20:01:23	1	1	15	0
    10127	2021-04-19 20:01:38	1	1	15	0
   108663	2021-04-19 20:08:46	1	1	15	0
   108658	2021-04-19 20:08:53	1	1	15	0
   108598	2021-04-19 20:08:59	1	1	15	0
    10348	2021-04-20 02:52:55	1	0	15	0
    10348	2021-04-20 02:52:58	1	0	15	0
    10214	2021-04-20 03:39:27	1	0	15	0
    10356	2021-04-20 03:39:59	1	0	15	0
    10456	2021-04-20 05:48:56	1	0	15	0
   101437	2021-04-20 06:24:09	1	0	15	0
   102526	2021-04-20 06:27:35	1	0	15	0
   108556	2021-04-20 06:45:38	1	0	15	0
   108608	2021-04-20 06:45:57	1	0	15	0
   108662	2021-04-20 06:49:02	1	0	15	0
   108587	2021-04-20 07:02:20	1	0	15	0
   108617	2021-04-20 07:03:12	1	0	15	0
   108663	2021-04-20 07:10:04	1	0	15	0
   108630	2021-04-20 07:14:52	1	0	15	0
   108523	2021-04-20 07:15:03	1	0	15	0
    10065	2021-04-20 07:15:43	1	0	15	0
    10065	2021-04-20 07:15:46	1	0	15	0
    10065	2021-04-20 07:15:54	1	0	15	0
   108538	2021-04-20 07:18:48	1	0	15	0
   108667	2021-04-20 07:20:38	1	0	15	0
    10080	2021-04-20 07:22:53	1	0	15	0
    10080	2021-04-20 07:22:55	1	0	15	0
   108593	2021-04-20 07:23:59	1	0	15	0
   108585	2021-04-20 07:25:21	1	0	15	0
   101451	2021-04-20 07:28:00	1	0	15	0
   108472	2021-04-20 07:28:38	1	0	15	0
   108612	2021-04-20 07:30:06	1	0	15	0
   108505	2021-04-20 07:31:07	1	0	15	0
   108568	2021-04-20 07:34:12	1	0	15	0
   108670	2021-04-20 07:35:46	1	0	15	0
   108670	2021-04-20 07:35:48	1	0	15	0
   108638	2021-04-20 07:37:06	1	0	15	0
    10278	2021-04-20 07:38:38	1	0	15	0
   108613	2021-04-20 07:40:30	1	0	15	0
    10550	2021-04-20 07:40:38	1	0	15	0
    10033	2021-04-20 07:41:46	1	0	15	0
   108654	2021-04-20 07:42:55	1	0	15	0
   108636	2021-04-20 07:44:05	1	0	15	0
   108579	2021-04-20 07:44:22	1	0	15	0
    10284	2021-04-20 07:44:45	1	0	15	0
   101436	2021-04-20 07:45:14	1	0	15	0
   102542	2021-04-20 07:45:21	1	0	15	0
    10228	2021-04-20 07:46:09	1	0	15	0
    10025	2021-04-20 07:46:25	1	0	15	0
   108658	2021-04-20 07:47:24	1	0	15	0
   108665	2021-04-20 07:48:32	1	0	15	0
   101432	2021-04-20 07:49:49	1	0	15	0
   108533	2021-04-20 07:49:57	1	0	15	0
   108669	2021-04-20 07:50:12	1	0	15	0
    10309	2021-04-20 07:50:26	1	0	15	0
   108598	2021-04-20 07:50:37	1	0	15	0
   108668	2021-04-20 07:51:08	1	0	15	0
   108668	2021-04-20 07:51:10	1	0	15	0
   108469	2021-04-20 07:51:23	1	0	15	0
   108549	2021-04-20 07:52:41	1	0	15	0
    19980	2021-04-20 07:53:06	1	0	15	0
    10129	2021-04-20 07:53:42	1	0	15	0
    10221	2021-04-20 07:55:14	1	0	15	0
   108591	2021-04-20 07:55:31	1	0	15	0
    10127	2021-04-20 07:55:54	1	0	15	0
   108610	2021-04-20 07:56:36	1	0	15	0
   108635	2021-04-20 08:00:03	1	0	15	0
   108619	2021-04-20 08:00:26	1	0	15	0
    10032	2021-04-20 08:02:56	1	0	15	0
    10138	2021-04-20 08:04:02	1	0	15	0
   108611	2021-04-20 08:06:01	1	0	15	0
   108515	2021-04-20 08:06:58	1	0	15	0
   102544	2021-04-20 08:07:48	1	0	15	0
    10063	2021-04-20 08:09:06	1	0	15	0
   108489	2021-04-20 08:09:16	1	0	15	0
   102524	2021-04-20 08:09:27	1	0	15	0
    10076	2021-04-20 08:09:43	1	0	15	0
    10149	2021-04-20 08:11:59	1	0	15	0
   500001	2021-04-20 08:17:31	1	0	15	0
   102579	2021-04-20 08:18:09	1	0	15	0
    10348	2021-04-20 13:14:23	1	0	15	0
    10348	2021-04-20 13:14:42	1	1	15	0
    10214	2021-04-20 13:15:00	1	1	15	0
    10356	2021-04-20 13:15:31	1	1	15	0
   102526	2021-04-20 16:03:10	1	1	15	0
    10309	2021-04-20 16:04:28	1	1	15	0
   108612	2021-04-20 16:07:03	1	1	15	0
   108472	2021-04-20 16:07:46	1	1	15	0
   108469	2021-04-20 16:08:24	1	1	15	0
   108549	2021-04-20 16:08:52	1	1	15	0
    10138	2021-04-20 16:10:43	1	1	15	0
    10278	2021-04-20 16:11:42	1	1	15	0
    10228	2021-04-20 16:15:37	1	1	15	0
    10284	2021-04-20 16:24:33	1	1	15	0
    10284	2021-04-20 16:24:35	1	1	15	0
   108654	2021-04-20 16:59:11	1	1	15	0
   101432	2021-04-20 17:00:09	1	1	15	0
   108613	2021-04-20 17:00:26	1	1	15	0
   108613	2021-04-20 17:00:28	1	1	15	0
   108619	2021-04-20 17:00:37	1	1	15	0
   108630	2021-04-20 17:00:41	1	1	15	0
   108654	2021-04-20 17:00:46	1	1	15	0
   108593	2021-04-20 17:00:55	1	1	15	0
   101451	2021-04-20 17:01:02	1	1	15	0
    10080	2021-04-20 17:01:10	1	1	15	0
    10025	2021-04-20 17:01:22	1	1	15	0
    10456	2021-04-20 17:01:30	1	1	15	0
   101437	2021-04-20 17:01:42	1	1	15	0
   108533	2021-04-20 17:01:51	1	1	15	0
    10458	2021-04-20 17:01:57	1	1	15	0
   108515	2021-04-20 17:02:02	1	1	15	0
    19980	2021-04-20 17:02:21	1	1	15	0
    10221	2021-04-20 17:02:29	1	1	15	0
   108669	2021-04-20 17:02:37	1	1	15	0
   108617	2021-04-20 17:02:52	1	1	15	0
   108587	2021-04-20 17:03:01	1	1	15	0
   108611	2021-04-20 17:03:20	1	1	15	0
   108579	2021-04-20 17:03:31	1	1	15	0
    10550	2021-04-20 17:03:43	1	1	15	0
   108670	2021-04-20 17:03:58	1	1	15	0
   108635	2021-04-20 17:04:11	1	1	15	0
   108667	2021-04-20 17:04:20	1	1	15	0
   108591	2021-04-20 17:04:32	1	1	15	0
   108638	2021-04-20 17:04:41	1	1	15	0
   102544	2021-04-20 17:05:26	1	1	15	0
    10033	2021-04-20 17:05:33	1	1	15	0
   108556	2021-04-20 17:05:47	1	1	15	0
   108608	2021-04-20 17:06:04	1	1	15	0
   102542	2021-04-20 17:07:41	1	1	15	0
   108636	2021-04-20 17:08:33	1	1	15	0
   108668	2021-04-20 17:09:19	1	1	15	0
   108668	2021-04-20 17:09:21	1	1	15	0
   500001	2021-04-20 17:09:40	1	1	15	0
    10065	2021-04-20 17:11:07	1	1	15	0
    10032	2021-04-20 17:28:57	1	1	15	0
   108489	2021-04-20 17:37:17	1	1	15	0
   108568	2021-04-20 17:44:38	1	1	15	0
   108505	2021-04-20 17:46:45	1	1	15	0
   108585	2021-04-20 17:47:54	1	1	15	0
   108610	2021-04-20 17:59:01	1	1	15	0
    10063	2021-04-20 17:59:27	1	1	15	0
    10149	2021-04-20 18:00:28	1	1	15	0
   108662	2021-04-20 18:01:45	1	1	15	0
   102524	2021-04-20 18:02:15	1	1	15	0
   108665	2021-04-20 18:04:01	1	1	15	0
    10076	2021-04-20 18:05:08	1	1	15	0
    10129	2021-04-20 18:16:17	1	1	15	0
   108523	2021-04-20 20:03:12	1	1	15	0
    10127	2021-04-20 20:03:26	1	1	15	0
   108658	2021-04-20 20:43:23	1	1	15	0
   108663	2021-04-20 20:44:30	1	1	15	0
   108598	2021-04-20 20:44:42	1	1	15	0
    10456	2021-04-21 05:48:32	1	0	15	0
   101437	2021-04-21 06:17:50	1	0	15	0
   102526	2021-04-21 06:30:55	1	0	15	0
   108638	2021-04-21 06:47:20	1	0	15	0
   108608	2021-04-21 06:48:11	1	0	15	0
   108533	2021-04-21 06:49:04	1	0	15	0
   108662	2021-04-21 06:49:12	1	0	15	0
   108617	2021-04-21 06:56:15	1	0	15	0
   108587	2021-04-21 07:05:05	1	0	15	0
   108630	2021-04-21 07:09:51	1	0	15	0
   101451	2021-04-21 07:11:59	1	0	15	0
   108549	2021-04-21 07:12:33	1	0	15	0
   108585	2021-04-21 07:15:54	1	0	15	0
    10065	2021-04-21 07:18:39	1	0	15	0
    10080	2021-04-21 07:19:22	1	0	15	0
   108593	2021-04-21 07:20:47	1	0	15	0
    10356	2021-04-21 07:24:10	1	0	15	0
   108472	2021-04-21 07:24:20	1	0	15	0
   108523	2021-04-21 07:26:24	1	0	15	0
   108505	2021-04-21 07:26:34	1	0	15	0
    10550	2021-04-21 07:30:33	1	0	15	0
   108654	2021-04-21 07:32:43	1	0	15	0
   108538	2021-04-21 07:33:05	1	0	15	0
    10033	2021-04-21 07:35:39	1	0	15	0
    10033	2021-04-21 07:35:41	1	0	15	0
   108667	2021-04-21 07:36:10	1	0	15	0
    10221	2021-04-21 07:40:01	1	0	15	0
   108668	2021-04-21 07:40:49	1	0	15	0
   108670	2021-04-21 07:41:40	1	0	15	0
   108556	2021-04-21 07:41:53	1	0	15	0
    10228	2021-04-21 07:42:03	1	0	15	0
    10278	2021-04-21 07:43:56	1	0	15	0
    10025	2021-04-21 07:44:41	1	0	15	0
   101432	2021-04-21 07:44:49	1	0	15	0
   108636	2021-04-21 07:45:19	1	0	15	0
   108658	2021-04-21 07:46:05	1	0	15	0
   108610	2021-04-21 07:46:14	1	0	15	0
    10138	2021-04-21 07:47:42	1	0	15	0
    10129	2021-04-21 07:48:06	1	0	15	0
   108669	2021-04-21 07:48:57	1	0	15	0
   108469	2021-04-21 07:49:08	1	0	15	0
   108568	2021-04-21 07:49:52	1	0	15	0
   102542	2021-04-21 07:50:01	1	0	15	0
   108598	2021-04-21 07:51:04	1	0	15	0
    10284	2021-04-21 07:52:52	1	0	15	0
    10032	2021-04-21 07:53:04	1	0	15	0
    10309	2021-04-21 07:53:32	1	0	15	0
   108611	2021-04-21 07:56:04	1	0	15	0
   108591	2021-04-21 07:57:22	1	0	15	0
   108579	2021-04-21 07:57:48	1	0	15	0
   108619	2021-04-21 07:58:08	1	0	15	0
   108663	2021-04-21 07:58:34	1	0	15	0
   108613	2021-04-21 07:59:07	1	0	15	0
    19980	2021-04-21 08:00:45	1	0	15	0
    10063	2021-04-21 08:01:18	1	0	15	0
    10149	2021-04-21 08:01:25	1	0	15	0
    10127	2021-04-21 08:01:37	1	0	15	0
   108489	2021-04-21 08:01:44	1	0	15	0
    10076	2021-04-21 08:01:52	1	0	15	0
   102524	2021-04-21 08:02:01	1	0	15	0
   500001	2021-04-21 08:03:27	1	0	15	0
   108635	2021-04-21 08:05:59	1	0	15	0
   108665	2021-04-21 08:13:46	1	0	15	0
    10458	2021-04-21 08:14:42	1	0	15	0
   102544	2021-04-21 08:17:13	1	0	15	0
   108666	2021-04-21 08:49:43	1	0	15	0
   102579	2021-04-21 08:59:28	1	0	15	0
   108671	2021-04-21 09:56:47	1	0	15	0
   108672	2021-04-21 09:58:03	1	0	15	0
   108672	2021-04-21 09:58:06	1	0	15	0
    10159	2021-04-21 10:02:37	1	0	15	0
    10159	2021-04-21 10:02:39	1	0	15	0
   108666	2021-04-21 10:04:44	1	0	15	0
   108666	2021-04-21 10:04:46	1	0	15	0
   108591	2021-04-21 12:03:53	1	0	15	0
   500001	2021-04-21 15:34:57	1	0	15	0
   108533	2021-04-21 16:01:37	1	0	15	0
    10456	2021-04-21 16:01:55	1	1	15	0
   102526	2021-04-21 16:02:04	1	1	15	0
   108549	2021-04-21 16:02:19	1	1	15	0
    10309	2021-04-21 16:02:28	1	1	15	0
   108619	2021-04-21 16:02:39	1	1	15	0
   108472	2021-04-21 16:02:44	1	1	15	0
    10214	2021-04-21 16:03:18	1	1	15	0
    10356	2021-04-21 16:03:31	1	1	15	0
   108538	2021-04-21 16:03:39	1	1	15	0
    10278	2021-04-21 16:04:53	1	1	15	0
    10138	2021-04-21 16:05:14	1	1	15	0
    10228	2021-04-21 16:05:48	1	1	15	0
    10228	2021-04-21 16:05:51	1	1	15	0
    10284	2021-04-21 16:08:49	1	1	15	0
   101437	2021-04-21 16:13:38	1	1	15	0
   102542	2021-04-21 16:14:30	1	1	15	0
   108469	2021-04-21 16:28:00	1	1	15	0
   108593	2021-04-21 17:00:04	1	1	15	0
   108613	2021-04-21 17:00:18	1	1	15	0
   108630	2021-04-21 17:00:32	1	1	15	0
   102544	2021-04-21 17:00:43	1	1	15	0
    10080	2021-04-21 17:00:51	1	1	15	0
   108654	2021-04-21 17:00:56	1	1	15	0
    10025	2021-04-21 17:01:09	1	1	15	0
   101432	2021-04-21 17:01:14	1	1	15	0
   101451	2021-04-21 17:01:33	1	1	15	0
    19980	2021-04-21 17:01:52	1	1	15	0
   108515	2021-04-21 17:02:10	1	1	15	0
   108670	2021-04-21 17:02:38	1	1	15	0
   108579	2021-04-21 17:02:51	1	1	15	0
    10221	2021-04-21 17:03:26	1	1	15	0
   108617	2021-04-21 17:03:34	1	1	15	0
    10550	2021-04-21 17:03:44	1	1	15	0
   108587	2021-04-21 17:03:50	1	1	15	0
   108587	2021-04-21 17:03:52	1	1	15	0
   108669	2021-04-21 17:04:15	1	1	15	0
   108611	2021-04-21 17:04:46	1	1	15	0
   108638	2021-04-21 17:05:17	1	1	15	0
    10033	2021-04-21 17:05:56	1	1	15	0
   108635	2021-04-21 17:06:05	1	1	15	0
   108662	2021-04-21 17:06:14	1	1	15	0
   108667	2021-04-21 17:06:25	1	1	15	0
   108636	2021-04-21 17:06:55	1	1	15	0
   108556	2021-04-21 17:08:34	1	1	15	0
   108672	2021-04-21 17:09:31	1	1	15	0
    10159	2021-04-21 17:10:13	1	1	15	0
    10159	2021-04-21 17:10:16	1	1	15	0
    10032	2021-04-21 17:10:25	1	1	15	0
   108608	2021-04-21 17:10:58	1	1	15	0
   108505	2021-04-21 17:11:07	1	1	15	0
    10065	2021-04-21 17:12:01	1	1	15	0
   102579	2021-04-21 17:18:39	1	1	15	0
   108489	2021-04-21 17:26:45	1	1	15	0
   108568	2021-04-21 17:27:56	1	1	15	0
   108671	2021-04-21 17:28:36	1	1	15	0
    10063	2021-04-21 17:29:07	1	1	15	0
   108523	2021-04-21 17:29:38	1	1	15	0
    10076	2021-04-21 17:32:07	1	1	15	0
   102524	2021-04-21 17:34:26	1	1	15	0
    10149	2021-04-21 17:35:10	1	1	15	0
   108585	2021-04-21 17:42:02	1	1	15	0
   108668	2021-04-21 17:49:22	1	1	15	0
    10129	2021-04-21 18:20:15	1	1	15	0
   108610	2021-04-21 19:05:39	1	1	15	0
   108666	2021-04-21 20:03:59	1	1	15	0
   108663	2021-04-21 20:38:28	1	1	15	0
   108658	2021-04-21 21:02:10	1	1	15	0
   108598	2021-04-21 21:02:26	1	1	15	0
    10127	2021-04-21 21:15:03	1	1	15	0
   108665	2021-04-21 21:15:13	1	1	15	0
    10348	2021-04-22 03:13:36	1	0	15	0
    10214	2021-04-22 03:35:38	1	0	15	0
    10356	2021-04-22 03:36:08	1	0	15	0
    10456	2021-04-22 05:47:53	1	0	15	0
   101437	2021-04-22 06:14:31	1	0	15	0
   108608	2021-04-22 06:41:35	1	0	15	0
   108662	2021-04-22 06:49:16	1	0	15	0
   108533	2021-04-22 06:52:40	1	0	15	0
   108617	2021-04-22 07:01:05	1	0	15	0
   108587	2021-04-22 07:06:13	1	0	15	0
   108538	2021-04-22 07:08:43	1	0	15	0
   108630	2021-04-22 07:10:05	1	0	15	0
   108556	2021-04-22 07:11:56	1	0	15	0
    10065	2021-04-22 07:13:18	1	0	15	0
    10065	2021-04-22 07:13:20	1	0	15	0
    10065	2021-04-22 07:13:30	1	0	15	0
   101451	2021-04-22 07:15:03	1	0	15	0
   108638	2021-04-22 07:17:02	1	0	15	0
    10080	2021-04-22 07:19:12	1	0	15	0
   108654	2021-04-22 07:20:36	1	0	15	0
   108549	2021-04-22 07:24:24	1	0	15	0
   108505	2021-04-22 07:25:51	1	0	15	0
   108505	2021-04-22 07:25:53	1	0	15	0
   108472	2021-04-22 07:27:30	1	0	15	0
   101432	2021-04-22 07:32:35	1	0	15	0
    10033	2021-04-22 07:32:54	1	0	15	0
    10159	2021-04-22 07:34:19	1	0	15	0
   108593	2021-04-22 07:36:14	1	0	15	0
   108568	2021-04-22 07:36:42	1	0	15	0
   108658	2021-04-22 07:36:55	1	0	15	0
   108667	2021-04-22 07:37:04	1	0	15	0
   108672	2021-04-22 07:38:19	1	0	15	0
    10278	2021-04-22 07:38:29	1	0	15	0
   108668	2021-04-22 07:38:40	1	0	15	0
   108670	2021-04-22 07:40:50	1	0	15	0
    10221	2021-04-22 07:41:25	1	0	15	0
    10228	2021-04-22 07:41:48	1	0	15	0
   102544	2021-04-22 07:45:48	1	0	15	0
    10025	2021-04-22 07:46:13	1	0	15	0
   108598	2021-04-22 07:48:35	1	0	15	0
   108469	2021-04-22 07:48:48	1	0	15	0
   108636	2021-04-22 07:50:50	1	0	15	0
   108669	2021-04-22 07:51:06	1	0	15	0
    10138	2021-04-22 07:52:55	1	0	15	0
    10309	2021-04-22 07:53:11	1	0	15	0
    10284	2021-04-22 07:53:40	1	0	15	0
   108663	2021-04-22 07:54:36	1	0	15	0
   108579	2021-04-22 07:54:44	1	0	15	0
   108610	2021-04-22 07:55:22	1	0	15	0
    10127	2021-04-22 07:55:33	1	0	15	0
    10032	2021-04-22 07:55:50	1	0	15	0
    10129	2021-04-22 07:56:14	1	0	15	0
    10550	2021-04-22 07:56:43	1	0	15	0
   108613	2021-04-22 07:57:28	1	0	15	0
   108619	2021-04-22 07:58:06	1	0	15	0
   500001	2021-04-22 07:59:51	1	0	15	0
   102542	2021-04-22 08:00:44	1	0	15	0
   108666	2021-04-22 08:01:49	1	0	15	0
   108591	2021-04-22 08:03:17	1	0	15	0
    10149	2021-04-22 08:04:03	1	0	15	0
   102524	2021-04-22 08:04:18	1	0	15	0
   108489	2021-04-22 08:04:26	1	0	15	0
    10076	2021-04-22 08:04:33	1	0	15	0
   108671	2021-04-22 08:04:46	1	0	15	0
   108611	2021-04-22 08:09:31	1	0	15	0
   108665	2021-04-22 08:15:09	1	0	15	0
   108515	2021-04-22 08:16:12	1	0	15	0
   108635	2021-04-22 08:18:31	1	0	15	0
    10458	2021-04-22 08:21:34	1	0	15	0
   102579	2021-04-22 08:27:32	1	0	15	0
    10063	2021-04-22 12:08:38	1	0	15	0
   102544	2021-04-22 12:16:06	1	0	15	0
   101451	2021-04-22 12:20:51	1	1	15	0
    10356	2021-04-22 12:30:14	1	1	15	0
   102526	2021-04-22 15:02:51	1	1	15	0
   101437	2021-04-22 16:01:04	1	1	15	0
   108472	2021-04-22 16:02:05	1	1	15	0
    10309	2021-04-22 16:02:44	1	1	15	0
   108533	2021-04-22 16:03:18	1	1	15	0
   108538	2021-04-22 16:03:26	1	1	15	0
   108538	2021-04-22 16:03:28	1	1	15	0
   102542	2021-04-22 16:03:51	1	1	15	0
    10138	2021-04-22 16:05:39	1	1	15	0
   108469	2021-04-22 16:05:46	1	1	15	0
    10284	2021-04-22 16:09:06	1	1	15	0
   108587	2021-04-22 16:09:13	1	1	15	0
   108587	2021-04-22 16:09:15	1	1	15	0
    10228	2021-04-22 16:10:06	1	1	15	0
    10456	2021-04-22 16:12:30	1	1	15	0
    10278	2021-04-22 16:12:48	1	1	15	0
   101432	2021-04-22 17:00:05	1	1	15	0
    10025	2021-04-22 17:00:12	1	1	15	0
   108613	2021-04-22 17:00:38	1	1	15	0
   108630	2021-04-22 17:00:43	1	1	15	0
   108654	2021-04-22 17:00:49	1	1	15	0
   108593	2021-04-22 17:01:00	1	1	15	0
    10080	2021-04-22 17:01:08	1	1	15	0
    10080	2021-04-22 17:01:10	1	1	15	0
   108619	2021-04-22 17:01:20	1	1	15	0
    10221	2021-04-22 17:01:29	1	1	15	0
   108611	2021-04-22 17:02:17	1	1	15	0
    10065	2021-04-22 17:02:27	1	1	15	0
    10065	2021-04-22 17:02:30	1	1	15	0
    10065	2021-04-22 17:02:35	1	1	15	0
    10033	2021-04-22 17:02:42	1	1	15	0
   108579	2021-04-22 17:02:49	1	1	15	0
   108670	2021-04-22 17:03:03	1	1	15	0
   108669	2021-04-22 17:03:30	1	1	15	0
    10550	2021-04-22 17:03:37	1	1	15	0
   108617	2021-04-22 17:03:45	1	1	15	0
   108635	2021-04-22 17:03:54	1	1	15	0
   108667	2021-04-22 17:04:12	1	1	15	0
   108662	2021-04-22 17:04:19	1	1	15	0
   108638	2021-04-22 17:04:30	1	1	15	0
   108556	2021-04-22 17:06:22	1	1	15	0
   108489	2021-04-22 17:07:22	1	1	15	0
   108636	2021-04-22 17:07:31	1	1	15	0
   102579	2021-04-22 17:07:42	1	1	15	0
   108591	2021-04-22 17:07:51	1	1	15	0
    10032	2021-04-22 17:08:42	1	1	15	0
   500001	2021-04-22 17:11:33	1	1	15	0
   108666	2021-04-22 17:18:52	1	1	15	0
    10458	2021-04-22 17:21:21	1	1	15	0
   108672	2021-04-22 17:40:16	1	1	15	0
   108668	2021-04-22 17:40:40	1	1	15	0
   108505	2021-04-22 17:49:35	1	1	15	0
   108608	2021-04-22 17:49:42	1	1	15	0
    10129	2021-04-22 18:17:11	1	1	15	0
    10149	2021-04-22 18:21:09	1	1	15	0
   108568	2021-04-22 18:47:13	1	1	15	0
   108515	2021-04-22 18:51:48	1	1	15	0
   108515	2021-04-22 18:51:50	1	1	15	0
   108610	2021-04-22 19:33:12	1	1	15	0
   108671	2021-04-22 19:34:50	1	1	15	0
    10063	2021-04-22 19:35:24	1	1	15	0
   102524	2021-04-22 19:35:43	1	1	15	0
    10076	2021-04-22 19:36:34	1	1	15	0
   108663	2021-04-22 20:00:32	1	1	15	0
    10127	2021-04-22 20:42:25	1	1	15	0
   108665	2021-04-22 20:42:31	1	1	15	0
   108658	2021-04-22 21:08:44	1	1	15	0
    10456	2021-04-23 05:54:34	1	0	15	0
   101437	2021-04-23 06:20:45	1	0	15	0
   101437	2021-04-23 06:20:48	1	0	15	0
   102526	2021-04-23 06:30:31	1	0	15	0
   108663	2021-04-23 06:39:32	1	0	15	0
   108608	2021-04-23 06:46:18	1	0	15	0
   108549	2021-04-23 06:46:31	1	0	15	0
    10278	2021-04-23 06:48:48	1	0	15	0
   108617	2021-04-23 06:52:45	1	0	15	0
   108662	2021-04-23 06:52:57	1	0	15	0
   108533	2021-04-23 06:56:13	1	0	15	0
   108587	2021-04-23 07:04:21	1	0	15	0
    10080	2021-04-23 07:11:57	1	0	15	0
   108585	2021-04-23 07:14:02	1	0	15	0
   108630	2021-04-23 07:14:12	1	0	15	0
   108593	2021-04-23 07:16:42	1	0	15	0
   108654	2021-04-23 07:21:08	1	0	15	0
   108657	2021-04-23 07:21:18	1	0	15	0
   108556	2021-04-23 07:22:20	1	0	15	0
   108472	2021-04-23 07:22:35	1	0	15	0
   108538	2021-04-23 07:26:12	1	0	15	0
   101436	2021-04-23 07:28:37	1	0	15	0
   108523	2021-04-23 07:28:49	1	0	15	0
   108658	2021-04-23 07:29:55	1	0	15	0
   108610	2021-04-23 07:30:25	1	0	15	0
   108505	2021-04-23 07:31:06	1	0	15	0
   108667	2021-04-23 07:31:25	1	0	15	0
   108672	2021-04-23 07:35:33	1	0	15	0
   108672	2021-04-23 07:35:36	1	0	15	0
   108638	2021-04-23 07:35:48	1	0	15	0
   108469	2021-04-23 07:37:02	1	0	15	0
   102544	2021-04-23 07:37:35	1	0	15	0
    10065	2021-04-23 07:38:21	1	0	15	0
   108670	2021-04-23 07:39:10	1	0	15	0
   102542	2021-04-23 07:41:21	1	0	15	0
    10228	2021-04-23 07:42:12	1	0	15	0
    10033	2021-04-23 07:42:24	1	0	15	0
    10138	2021-04-23 07:43:27	1	0	15	0
   108568	2021-04-23 07:43:38	1	0	15	0
   101432	2021-04-23 07:44:25	1	0	15	0
   108669	2021-04-23 07:45:39	1	0	15	0
    10063	2021-04-23 07:45:59	1	0	15	0
    10149	2021-04-23 07:46:06	1	0	15	0
    10149	2021-04-23 07:46:08	1	0	15	0
   108489	2021-04-23 07:46:20	1	0	15	0
    10076	2021-04-23 07:46:38	1	0	15	0
   108671	2021-04-23 07:46:43	1	0	15	0
   108579	2021-04-23 07:46:50	1	0	15	0
   108579	2021-04-23 07:46:52	1	0	15	0
   108636	2021-04-23 07:47:55	1	0	15	0
   102524	2021-04-23 07:48:04	1	0	15	0
    10025	2021-04-23 07:48:46	1	0	15	0
    10309	2021-04-23 07:50:16	1	0	15	0
    10032	2021-04-23 07:52:08	1	0	15	0
    10129	2021-04-23 07:53:13	1	0	15	0
   108668	2021-04-23 07:53:38	1	0	15	0
   108598	2021-04-23 07:54:19	1	0	15	0
    10159	2021-04-23 07:54:33	1	0	15	0
    10550	2021-04-23 07:57:24	1	0	15	0
    19980	2021-04-23 07:58:44	1	0	15	0
    10284	2021-04-23 07:58:58	1	0	15	0
    10127	2021-04-23 07:59:05	1	0	15	0
   108619	2021-04-23 07:59:51	1	0	15	0
   108666	2021-04-23 08:02:03	1	0	15	0
    10221	2021-04-23 08:02:54	1	0	15	0
    10458	2021-04-23 08:05:26	1	0	15	0
   108611	2021-04-23 08:06:39	1	0	15	0
   108665	2021-04-23 08:10:13	1	0	15	0
   108635	2021-04-23 08:13:21	1	0	15	0
   500001	2021-04-23 08:14:08	1	0	15	0
   500001	2021-04-23 08:14:10	1	0	15	0
   108591	2021-04-23 08:23:01	1	0	15	0
   108515	2021-04-23 08:34:27	1	0	15	0
   102579	2021-04-23 08:39:24	1	0	15	0
   108610	2021-04-23 12:04:46	1	0	15	0
   108610	2021-04-23 12:04:48	1	0	15	0
    10278	2021-04-23 15:12:05	1	0	15	0
   108549	2021-04-23 15:33:26	1	0	15	0
   101437	2021-04-23 16:01:15	1	1	15	0
   108472	2021-04-23 16:01:32	1	1	15	0
    10138	2021-04-23 16:01:44	1	1	15	0
   108538	2021-04-23 16:02:54	1	1	15	0
    10456	2021-04-23 16:03:50	1	1	15	0
    10228	2021-04-23 16:06:10	1	1	15	0
    10309	2021-04-23 16:06:56	1	1	15	0
   102526	2021-04-23 16:07:25	1	1	15	0
   108469	2021-04-23 16:07:38	1	1	15	0
   108587	2021-04-23 16:07:56	1	1	15	0
   108587	2021-04-23 16:07:59	1	1	15	0
   108657	2021-04-23 16:08:45	1	1	15	0
   108654	2021-04-23 16:09:38	1	1	15	0
   108593	2021-04-23 17:00:30	1	1	15	0
   108619	2021-04-23 17:00:50	1	1	15	0
   108630	2021-04-23 17:00:58	1	1	15	0
   108533	2021-04-23 17:01:07	1	1	15	0
   102544	2021-04-23 17:01:22	1	1	15	0
    10025	2021-04-23 17:01:48	1	1	15	0
    10080	2021-04-23 17:02:24	1	1	15	0
    19980	2021-04-23 17:03:13	1	1	15	0
   108669	2021-04-23 17:03:24	1	1	15	0
   101432	2021-04-23 17:04:01	1	1	15	0
    10033	2021-04-23 17:04:21	1	1	15	0
   108579	2021-04-23 17:04:29	1	1	15	0
   108670	2021-04-23 17:04:38	1	1	15	0
   108670	2021-04-23 17:04:40	1	1	15	0
   108617	2021-04-23 17:04:47	1	1	15	0
    10221	2021-04-23 17:04:56	1	1	15	0
   108638	2021-04-23 17:05:07	1	1	15	0
   108611	2021-04-23 17:05:22	1	1	15	0
   500001	2021-04-23 17:05:34	1	1	15	0
   500001	2021-04-23 17:05:36	1	1	15	0
   102542	2021-04-23 17:06:28	1	1	15	0
   108636	2021-04-23 17:07:17	1	1	15	0
   108667	2021-04-23 17:07:27	1	1	15	0
   108662	2021-04-23 17:07:37	1	1	15	0
    10065	2021-04-23 17:08:31	1	1	15	0
    10065	2021-04-23 17:08:34	1	1	15	0
    10065	2021-04-23 17:08:43	1	1	15	0
   108556	2021-04-23 17:09:54	1	1	15	0
   108672	2021-04-23 17:10:33	1	1	15	0
   108591	2021-04-23 17:10:44	1	1	15	0
   108635	2021-04-23 17:10:53	1	1	15	0
    10032	2021-04-23 17:17:05	1	1	15	0
    10159	2021-04-23 17:20:01	1	1	15	0
    10550	2021-04-23 17:24:31	1	1	15	0
   108608	2021-04-23 17:26:37	1	1	15	0
    10458	2021-04-23 17:28:14	1	1	15	0
   108505	2021-04-23 17:31:15	1	1	15	0
   108568	2021-04-23 17:51:29	1	1	15	0
   108489	2021-04-23 18:03:41	1	1	15	0
   102579	2021-04-23 18:05:51	1	1	15	0
    10149	2021-04-23 18:07:09	1	1	15	0
    10063	2021-04-23 18:07:24	1	1	15	0
   108585	2021-04-23 18:07:42	1	1	15	0
   108671	2021-04-23 18:07:53	1	1	15	0
   108523	2021-04-23 18:08:02	1	1	15	0
   102524	2021-04-23 18:08:13	1	1	15	0
    10076	2021-04-23 18:09:30	1	1	15	0
    10127	2021-04-23 18:09:59	1	1	15	0
   108668	2021-04-23 18:13:28	1	1	15	0
   108665	2021-04-23 18:13:38	1	1	15	0
   108515	2021-04-23 18:15:48	1	1	15	0
    10129	2021-04-23 18:31:13	1	1	15	0
   108666	2021-04-23 18:59:54	1	1	15	0
   108658	2021-04-23 20:02:32	1	1	15	0
   108663	2021-04-23 20:02:38	1	1	15	0
   102526	2021-04-24 06:25:29	1	1	15	0
   108587	2021-04-24 07:10:26	1	1	15	0
    10309	2021-04-24 07:49:22	1	1	15	0
    10309	2021-04-24 16:01:32	1	1	15	0
   108587	2021-04-24 16:01:52	1	1	15	0
   108587	2021-04-24 16:01:54	1	1	15	0
   102526	2021-04-24 16:02:09	1	1	15	0
