    10456	2021-11-11 05:54:38	1	0	15	0
   101437	2021-11-11 06:08:18	1	0	15	0
   101437	2021-11-11 06:08:21	1	0	15	0
   102526	2021-11-11 06:20:17	1	0	15	0
   108617	2021-11-11 06:35:10	1	0	15	0
    10159	2021-11-11 06:45:39	1	0	15	0
   108662	2021-11-11 06:50:30	1	0	15	0
   108587	2021-11-11 07:01:20	1	0	15	0
   108587	2021-11-11 07:01:23	1	0	15	0
    10372	2021-11-11 07:05:28	1	0	15	0
    10372	2021-11-11 07:05:31	1	0	15	0
   108556	2021-11-11 07:09:16	1	0	15	0
   101451	2021-11-11 07:10:30	1	0	15	0
   108630	2021-11-11 07:18:20	1	0	15	0
    10033	2021-11-11 07:19:48	1	0	15	0
    10214	2021-11-11 07:20:24	1	0	15	0
   108610	2021-11-11 07:20:40	1	0	15	0
   108658	2021-11-11 07:20:55	1	0	15	0
    10356	2021-11-11 07:21:08	1	0	15	0
   108533	2021-11-11 07:21:41	1	0	15	0
   108593	2021-11-11 07:24:52	1	0	15	0
   108549	2021-11-11 07:26:08	1	0	15	0
   108585	2021-11-11 07:27:29	1	0	15	0
   108638	2021-11-11 07:30:16	1	0	15	0
   108654	2021-11-11 07:32:16	1	0	15	0
    10278	2021-11-11 07:33:23	1	0	15	0
   108568	2021-11-11 07:34:10	1	0	15	0
   108472	2021-11-11 07:34:42	1	0	15	0
   101432	2021-11-11 07:37:41	1	0	15	0
    10080	2021-11-11 07:37:51	1	0	15	0
   108663	2021-11-11 07:39:05	1	0	15	0
   108538	2021-11-11 07:39:45	1	0	15	0
   108591	2021-11-11 07:40:58	1	0	15	0
   108613	2021-11-11 07:42:30	1	0	15	0
    10284	2021-11-11 07:43:58	1	0	15	0
   108523	2021-11-11 07:44:25	1	0	15	0
   108672	2021-11-11 07:45:27	1	0	15	0
   108673	2021-11-11 07:46:19	1	0	15	0
   108489	2021-11-11 07:46:26	1	0	15	0
   102524	2021-11-11 07:46:47	1	0	15	0
   108619	2021-11-11 07:48:42	1	0	15	0
   108677	2021-11-11 07:48:53	1	0	15	0
   108667	2021-11-11 07:49:30	1	0	15	0
   102542	2021-11-11 07:49:48	1	0	15	0
    10065	2021-11-11 07:50:51	1	0	15	0
    10228	2021-11-11 07:51:00	1	0	15	0
    10221	2021-11-11 07:51:18	1	0	15	0
   108598	2021-11-11 07:52:17	1	0	15	0
   108669	2021-11-11 07:54:27	1	0	15	0
    19980	2021-11-11 07:55:01	1	0	15	0
    10032	2021-11-11 07:55:46	1	0	15	0
    10129	2021-11-11 07:55:59	1	0	15	0
    10309	2021-11-11 07:58:47	1	0	15	0
   108469	2021-11-11 07:59:30	1	0	15	0
   108579	2021-11-11 08:02:02	1	0	15	0
   108678	2021-11-11 08:06:16	1	0	15	0
    10348	2021-11-11 08:08:07	1	0	15	0
   108635	2021-11-11 08:09:55	1	0	15	0
    10550	2021-11-11 08:10:04	1	0	15	0
    10138	2021-11-11 08:10:12	1	0	15	0
   108666	2021-11-11 08:10:50	1	0	15	0
    10458	2021-11-11 08:12:51	1	0	15	0
   108611	2021-11-11 08:17:40	1	0	15	0
    10063	2021-11-11 08:17:54	1	0	15	0
    10149	2021-11-11 08:18:00	1	0	15	0
   108671	2021-11-11 08:18:06	1	0	15	0
    10076	2021-11-11 08:18:14	1	0	15	0
    10073	2021-11-11 08:34:13	1	0	15	0
   102544	2021-11-11 08:41:27	1	0	15	0
   102579	2021-11-11 08:45:40	1	0	15	0
   500001	2021-11-11 08:56:34	1	0	15	0
   108680	2021-11-11 15:34:55	1	0	15	0
   108680	2021-11-11 15:34:58	1	0	15	0
   102526	2021-11-11 16:01:42	1	0	15	0
    10309	2021-11-11 16:01:49	1	0	15	0
   108538	2021-11-11 16:02:04	1	0	15	0
   108472	2021-11-11 16:02:36	1	1	15	0
   101437	2021-11-11 16:02:42	1	1	15	0
    10456	2021-11-11 16:03:04	1	1	15	0
   108619	2021-11-11 16:03:13	1	1	15	0
    10356	2021-11-11 16:03:41	1	1	15	0
    10214	2021-11-11 16:03:48	1	1	15	0
    10065	2021-11-11 16:04:21	1	1	15	0
    10284	2021-11-11 16:05:35	1	1	15	0
    10278	2021-11-11 16:05:55	1	1	15	0
    10228	2021-11-11 16:06:26	1	1	15	0
    10073	2021-11-11 16:09:38	1	1	15	0
    10348	2021-11-11 17:00:24	1	1	15	0
   108593	2021-11-11 17:00:38	1	1	15	0
   108613	2021-11-11 17:00:47	1	1	15	0
   108630	2021-11-11 17:01:02	1	1	15	0
   102544	2021-11-11 17:01:07	1	1	15	0
    10372	2021-11-11 17:01:15	1	1	15	0
   102524	2021-11-11 17:01:21	1	1	15	0
    10080	2021-11-11 17:01:28	1	1	15	0
   101451	2021-11-11 17:01:39	1	1	15	0
   108533	2021-11-11 17:01:46	1	1	15	0
   108611	2021-11-11 17:02:46	1	1	15	0
   108579	2021-11-11 17:02:53	1	1	15	0
   108579	2021-11-11 17:02:55	1	1	15	0
   108680	2021-11-11 17:03:05	1	1	15	0
   108680	2021-11-11 17:03:07	1	1	15	0
   108680	2021-11-11 17:03:23	1	1	15	0
    10221	2021-11-11 17:03:33	1	1	15	0
   108489	2021-11-11 17:03:42	1	1	15	0
   108617	2021-11-11 17:03:54	1	1	15	0
   108635	2021-11-11 17:04:03	1	1	15	0
    19980	2021-11-11 17:04:17	1	1	15	0
   108638	2021-11-11 17:04:25	1	1	15	0
   108669	2021-11-11 17:04:31	1	1	15	0
   108556	2021-11-11 17:04:41	1	1	15	0
   108673	2021-11-11 17:05:06	1	1	15	0
   108677	2021-11-11 17:05:14	1	1	15	0
    10033	2021-11-11 17:05:21	1	1	15	0
   108568	2021-11-11 17:05:30	1	1	15	0
    10550	2021-11-11 17:05:37	1	1	15	0
   102542	2021-11-11 17:06:04	1	1	15	0
   108587	2021-11-11 17:06:29	1	1	15	0
   108674	2021-11-11 17:08:06	1	1	15	0
   108591	2021-11-11 17:08:16	1	1	15	0
   108591	2021-11-11 17:08:19	1	1	15	0
    10032	2021-11-11 17:10:51	1	1	15	0
    10458	2021-11-11 17:12:15	1	1	15	0
   101432	2021-11-11 17:17:49	1	1	15	0
   500001	2021-11-11 17:20:09	1	1	15	0
   108671	2021-11-11 17:27:13	1	1	15	0
    10076	2021-11-11 17:28:32	1	1	15	0
    10063	2021-11-11 17:29:36	1	1	15	0
   108585	2021-11-11 17:30:14	1	1	15	0
    10149	2021-11-11 17:32:22	1	1	15	0
   108678	2021-11-11 17:33:37	1	1	15	0
   102579	2021-11-11 17:35:32	1	1	15	0
    10159	2021-11-11 17:37:43	1	1	15	0
   108667	2021-11-11 17:53:08	1	1	15	0
    10129	2021-11-11 18:49:02	1	1	15	0
   108672	2021-11-11 18:54:49	1	1	15	0
   108523	2021-11-11 19:03:15	1	1	15	0
   108658	2021-11-11 19:24:13	1	1	15	0
   108662	2021-11-11 19:28:42	1	1	15	0
   108610	2021-11-11 20:06:38	1	1	15	0
   108663	2021-11-11 20:06:45	1	1	15	0
   108598	2021-11-11 20:06:53	1	1	15	0
   108666	2021-11-11 20:33:14	1	1	15	0
   108469	2021-11-11 21:21:42	1	1	15	0
   101437	2021-11-12 06:18:13	1	0	15	0
    10456	2021-11-12 06:22:12	1	0	15	0
   108617	2021-11-12 06:29:14	1	0	15	0
   108662	2021-11-12 06:31:59	1	0	15	0
    10159	2021-11-12 06:34:08	1	0	15	0
    10214	2021-11-12 06:38:49	1	0	15	0
    10214	2021-11-12 06:38:51	1	0	15	0
    10356	2021-11-12 06:39:20	1	0	15	0
   108619	2021-11-12 06:43:14	1	0	15	0
   102526	2021-11-12 07:00:12	1	0	15	0
    10372	2021-11-12 07:01:43	1	0	15	0
   108593	2021-11-12 07:09:21	1	0	15	0
   108630	2021-11-12 07:13:41	1	0	15	0
   108587	2021-11-12 07:13:49	1	0	15	0
   108587	2021-11-12 07:13:51	1	0	15	0
   108533	2021-11-12 07:16:31	1	0	15	0
   108585	2021-11-12 07:21:25	1	0	15	0
   101451	2021-11-12 07:22:32	1	0	15	0
   108610	2021-11-12 07:23:49	1	0	15	0
    10080	2021-11-12 07:24:45	1	0	15	0
   108472	2021-11-12 07:25:09	1	0	15	0
    10278	2021-11-12 07:27:23	1	0	15	0
   108538	2021-11-12 07:27:46	1	0	15	0
    10033	2021-11-12 07:30:34	1	0	15	0
   108680	2021-11-12 07:36:07	1	0	15	0
   108568	2021-11-12 07:36:36	1	0	15	0
   102542	2021-11-12 07:36:49	1	0	15	0
   108489	2021-11-12 07:41:57	1	0	15	0
    10221	2021-11-12 07:43:43	1	0	15	0
   108669	2021-11-12 07:43:52	1	0	15	0
   108672	2021-11-12 07:44:06	1	0	15	0
   108674	2021-11-12 07:44:40	1	0	15	0
    10228	2021-11-12 07:45:13	1	0	15	0
   108677	2021-11-12 07:45:20	1	0	15	0
   108658	2021-11-12 07:45:30	1	0	15	0
   108667	2021-11-12 07:46:40	1	0	15	0
   108556	2021-11-12 07:48:06	1	0	15	0
   108556	2021-11-12 07:48:08	1	0	15	0
    10309	2021-11-12 07:49:19	1	0	15	0
   108673	2021-11-12 07:50:01	1	0	15	0
   108523	2021-11-12 07:50:31	1	0	15	0
    10065	2021-11-12 07:51:41	1	0	15	0
   108663	2021-11-12 07:51:51	1	0	15	0
    10284	2021-11-12 07:54:05	1	0	15	0
    19980	2021-11-12 07:54:34	1	0	15	0
   108638	2021-11-12 07:55:05	1	0	15	0
   108635	2021-11-12 07:57:32	1	0	15	0
    10032	2021-11-12 07:58:12	1	0	15	0
   108598	2021-11-12 07:58:51	1	0	15	0
   108579	2021-11-12 07:59:02	1	0	15	0
   108678	2021-11-12 08:01:10	1	0	15	0
    10129	2021-11-12 08:01:19	1	0	15	0
   108591	2021-11-12 08:06:02	1	0	15	0
   108613	2021-11-12 08:14:06	1	0	15	0
   108611	2021-11-12 08:14:53	1	0	15	0
    10550	2021-11-12 08:20:53	1	0	15	0
   108666	2021-11-12 08:21:44	1	0	15	0
   500001	2021-11-12 08:25:55	1	0	15	0
    10063	2021-11-12 08:31:07	1	0	15	0
    10149	2021-11-12 08:31:14	1	0	15	0
   108671	2021-11-12 08:31:23	1	0	15	0
    10076	2021-11-12 08:31:34	1	0	15	0
   102579	2021-11-12 08:35:23	1	0	15	0
    10073	2021-11-12 08:41:04	1	0	15	0
   108515	2021-11-12 09:50:25	1	0	15	0
    10356	2021-11-12 16:03:37	1	1	15	0
    10214	2021-11-12 16:03:43	1	1	15	0
   108613	2021-11-12 16:03:53	1	1	15	0
    10348	2021-11-12 16:03:59	1	1	15	0
    10228	2021-11-12 16:04:07	1	1	15	0
    10284	2021-11-12 16:04:18	1	1	15	0
   108472	2021-11-12 16:04:27	1	1	15	0
   101437	2021-11-12 16:04:36	1	1	15	0
    10456	2021-11-12 16:04:45	1	1	15	0
    10278	2021-11-12 16:05:00	1	1	15	0
   101451	2021-11-12 16:05:25	1	1	15	0
    10372	2021-11-12 16:06:05	1	1	15	0
   108619	2021-11-12 16:10:34	1	1	15	0
   108538	2021-11-12 16:10:40	1	1	15	0
    10138	2021-11-12 16:11:03	1	1	15	0
    19980	2021-11-12 16:16:20	1	1	15	0
    10309	2021-11-12 16:19:37	1	1	15	0
   108549	2021-11-12 16:22:58	1	1	15	0
   102526	2021-11-12 16:24:27	1	1	15	0
   108587	2021-11-12 16:29:06	1	1	15	0
   108630	2021-11-12 17:01:36	1	1	15	0
   108593	2021-11-12 17:01:50	1	1	15	0
    10080	2021-11-12 17:01:59	1	1	15	0
   108617	2021-11-12 17:03:03	1	1	15	0
    10033	2021-11-12 17:03:49	1	1	15	0
    10221	2021-11-12 17:04:38	1	1	15	0
   108579	2021-11-12 17:05:18	1	1	15	0
    10458	2021-11-12 17:05:34	1	1	15	0
   108669	2021-11-12 17:05:59	1	1	15	0
   108638	2021-11-12 17:06:11	1	1	15	0
   108591	2021-11-12 17:06:24	1	1	15	0
   108680	2021-11-12 17:06:33	1	1	15	0
   108680	2021-11-12 17:06:35	1	1	15	0
   108680	2021-11-12 17:06:45	1	1	15	0
   108673	2021-11-12 17:06:58	1	1	15	0
    10073	2021-11-12 17:07:20	1	1	15	0
    10550	2021-11-12 17:07:27	1	1	15	0
   108677	2021-11-12 17:07:41	1	1	15	0
   108611	2021-11-12 17:08:02	1	1	15	0
   108662	2021-11-12 17:08:13	1	1	15	0
   108662	2021-11-12 17:08:15	1	1	15	0
    10065	2021-11-12 17:08:22	1	1	15	0
   108658	2021-11-12 17:08:32	1	1	15	0
    10032	2021-11-12 17:16:30	1	1	15	0
   108635	2021-11-12 17:19:55	1	1	15	0
    10159	2021-11-12 17:20:53	1	1	15	0
   108556	2021-11-12 17:31:41	1	1	15	0
   108585	2021-11-12 17:33:34	1	1	15	0
   102579	2021-11-12 17:33:50	1	1	15	0
   108674	2021-11-12 17:35:15	1	1	15	0
   108515	2021-11-12 17:35:23	1	1	15	0
    10076	2021-11-12 17:37:04	1	1	15	0
   108489	2021-11-12 17:38:45	1	1	15	0
   108568	2021-11-12 17:39:33	1	1	15	0
   500001	2021-11-12 17:40:00	1	1	15	0
    10063	2021-11-12 17:40:26	1	1	15	0
    10149	2021-11-12 17:41:20	1	1	15	0
    10129	2021-11-12 18:11:19	1	1	15	0
   108672	2021-11-12 18:43:49	1	1	15	0
    10127	2021-11-12 19:27:30	1	1	15	0
   108610	2021-11-12 19:47:21	1	1	15	0
   108663	2021-11-12 19:47:28	1	1	15	0
   108598	2021-11-12 19:47:49	1	1	15	0
   108533	2021-11-12 20:00:09	1	1	15	0
   102542	2021-11-12 20:00:38	1	1	15	0
   108667	2021-11-12 20:19:45	1	1	15	0
   108671	2021-11-12 20:19:54	1	1	15	0
   108523	2021-11-12 20:20:01	1	1	15	0
   108666	2021-11-12 22:23:44	1	1	15	0
    10456	2021-11-13 06:11:56	1	0	15	0
   102526	2021-11-13 06:33:02	1	0	15	0
    10159	2021-11-13 06:45:33	1	0	15	0
    10159	2021-11-13 06:45:36	1	0	15	0
   108630	2021-11-13 07:03:08	1	0	15	0
   108587	2021-11-13 07:10:34	1	0	15	0
    10214	2021-11-13 07:14:31	1	0	15	0
    10356	2021-11-13 07:15:09	1	0	15	0
   108472	2021-11-13 07:17:45	1	0	15	0
    10278	2021-11-13 07:28:25	1	0	15	0
   108593	2021-11-13 07:29:46	1	0	15	0
   102542	2021-11-13 07:32:23	1	0	15	0
   108671	2021-11-13 07:35:00	1	0	15	0
   108667	2021-11-13 07:35:19	1	0	15	0
   108538	2021-11-13 07:41:40	1	0	15	0
    10032	2021-11-13 07:46:25	1	0	15	0
    10228	2021-11-13 07:46:47	1	0	15	0
    10033	2021-11-13 07:49:11	1	0	15	0
    19980	2021-11-13 07:50:16	1	0	15	0
   108523	2021-11-13 07:55:23	1	0	15	0
    10129	2021-11-13 07:58:23	1	0	15	0
    10309	2021-11-13 07:58:38	1	0	15	0
    10348	2021-11-13 08:03:25	1	0	15	0
   108672	2021-11-13 08:06:41	1	0	15	0
   108673	2021-11-13 08:08:56	1	0	15	0
   108678	2021-11-13 08:09:25	1	0	15	0
    10138	2021-11-13 08:18:03	1	0	15	0
    10076	2021-11-13 08:42:29	1	0	15	0
    10076	2021-11-13 08:42:31	1	0	15	0
   102579	2021-11-13 08:48:20	1	0	15	0
    10127	2021-11-13 08:54:17	1	0	15	0
    10033	2021-11-13 12:02:08	1	0	15	0
    10228	2021-11-13 13:43:18	1	0	15	0
    10159	2021-11-13 14:38:13	1	0	15	0
   108472	2021-11-13 15:15:33	1	1	15	0
   108630	2021-11-13 16:00:28	1	1	15	0
    10348	2021-11-13 16:00:55	1	1	15	0
    10456	2021-11-13 16:01:04	1	1	15	0
   108538	2021-11-13 16:01:13	1	1	15	0
    10356	2021-11-13 16:01:24	1	1	15	0
    10214	2021-11-13 16:01:36	1	1	15	0
   108593	2021-11-13 16:01:46	1	1	15	0
    10278	2021-11-13 16:02:17	1	1	15	0
    10138	2021-11-13 16:03:12	1	1	15	0
    10138	2021-11-13 16:03:15	1	1	15	0
   102526	2021-11-13 16:03:44	1	1	15	0
   108587	2021-11-13 16:04:31	1	1	15	0
   108587	2021-11-13 16:04:33	1	1	15	0
    10309	2021-11-13 16:05:15	1	1	15	0
    10032	2021-11-13 16:42:16	1	1	15	0
    10076	2021-11-13 17:01:31	1	1	15	0
   108667	2021-11-13 17:01:44	1	1	15	0
   108523	2021-11-13 17:01:52	1	1	15	0
   108673	2021-11-13 17:02:36	1	1	15	0
   108671	2021-11-13 17:02:49	1	1	15	0
    10127	2021-11-13 17:03:05	1	1	15	0
   108678	2021-11-13 17:03:45	1	1	15	0
    19980	2021-11-13 17:04:04	1	1	15	0
    10129	2021-11-13 17:36:00	1	1	15	0
   102579	2021-11-13 17:40:24	1	1	15	0
   102542	2021-11-13 17:42:29	1	1	15	0
   108672	2021-11-13 18:15:40	1	1	15	0
    10456	2021-11-15 06:07:13	1	0	15	0
   101437	2021-11-15 06:08:45	1	0	15	0
   102526	2021-11-15 06:20:53	1	0	15	0
   108556	2021-11-15 06:51:19	1	0	15	0
   108617	2021-11-15 06:52:58	1	0	15	0
    10372	2021-11-15 06:59:22	1	0	15	0
    10372	2021-11-15 06:59:25	1	0	15	0
    10159	2021-11-15 07:00:00	1	0	15	0
   108630	2021-11-15 07:03:21	1	0	15	0
   108533	2021-11-15 07:05:45	1	0	15	0
   108585	2021-11-15 07:08:10	1	0	15	0
   108585	2021-11-15 07:08:12	1	0	15	0
   108654	2021-11-15 07:16:50	1	0	15	0
   108587	2021-11-15 07:19:54	1	0	15	0
   108587	2021-11-15 07:19:56	1	0	15	0
    10214	2021-11-15 07:20:29	1	0	15	0
    10080	2021-11-15 07:21:02	1	0	15	0
   108549	2021-11-15 07:21:19	1	0	15	0
    10356	2021-11-15 07:22:59	1	0	15	0
   108472	2021-11-15 07:23:46	1	0	15	0
   108610	2021-11-15 07:25:14	1	0	15	0
   108568	2021-11-15 07:26:42	1	0	15	0
    10278	2021-11-15 07:27:12	1	0	15	0
   102542	2021-11-15 07:31:17	1	0	15	0
    10033	2021-11-15 07:35:50	1	0	15	0
   108538	2021-11-15 07:36:21	1	0	15	0
   108677	2021-11-15 07:39:59	1	0	15	0
   108638	2021-11-15 07:40:58	1	0	15	0
   108638	2021-11-15 07:41:00	1	0	15	0
   108638	2021-11-15 07:41:05	1	0	15	0
   108680	2021-11-15 07:41:21	1	0	15	0
   108680	2021-11-15 07:41:23	1	0	15	0
   108667	2021-11-15 07:43:26	1	0	15	0
    10284	2021-11-15 07:44:31	1	0	15	0
   108489	2021-11-15 07:46:01	1	0	15	0
   102524	2021-11-15 07:46:15	1	0	15	0
   108666	2021-11-15 07:46:32	1	0	15	0
   108666	2021-11-15 07:46:35	1	0	15	0
    10138	2021-11-15 07:47:10	1	0	15	0
   108619	2021-11-15 07:47:19	1	0	15	0
   108469	2021-11-15 07:48:12	1	0	15	0
   101432	2021-11-15 07:48:29	1	0	15	0
    10065	2021-11-15 07:48:38	1	0	15	0
    10065	2021-11-15 07:48:40	1	0	15	0
    10065	2021-11-15 07:48:46	1	0	15	0
    10221	2021-11-15 07:51:16	1	0	15	0
   108669	2021-11-15 07:51:28	1	0	15	0
   500001	2021-11-15 07:52:30	1	0	15	0
   108663	2021-11-15 07:52:38	1	0	15	0
   108674	2021-11-15 07:53:02	1	0	15	0
   108611	2021-11-15 07:54:49	1	0	15	0
   102544	2021-11-15 07:54:56	1	0	15	0
   102544	2021-11-15 07:54:58	1	0	15	0
   108598	2021-11-15 07:55:41	1	0	15	0
   108658	2021-11-15 07:55:47	1	0	15	0
   108635	2021-11-15 07:58:01	1	0	15	0
   108678	2021-11-15 07:58:41	1	0	15	0
   108672	2021-11-15 07:59:00	1	0	15	0
    19980	2021-11-15 07:59:51	1	0	15	0
   108579	2021-11-15 08:00:50	1	0	15	0
    10309	2021-11-15 08:02:02	1	0	15	0
    10129	2021-11-15 08:04:37	1	0	15	0
    10032	2021-11-15 08:09:28	1	0	15	0
    10550	2021-11-15 08:11:02	1	0	15	0
   108515	2021-11-15 08:12:52	1	0	15	0
    10458	2021-11-15 08:15:27	1	0	15	0
    10063	2021-11-15 08:16:52	1	0	15	0
    10149	2021-11-15 08:16:59	1	0	15	0
    10149	2021-11-15 08:17:02	1	0	15	0
   108671	2021-11-15 08:17:07	1	0	15	0
   108523	2021-11-15 08:17:15	1	0	15	0
    10076	2021-11-15 08:17:35	1	0	15	0
   108591	2021-11-15 08:17:42	1	0	15	0
    10127	2021-11-15 08:25:28	1	0	15	0
    10073	2021-11-15 08:35:20	1	0	15	0
   102579	2021-11-15 08:44:18	1	0	15	0
   108654	2021-11-15 16:01:21	1	1	15	0
   108549	2021-11-15 16:01:53	1	1	15	0
   108630	2021-11-15 16:02:14	1	1	15	0
    10456	2021-11-15 16:02:33	1	1	15	0
    10138	2021-11-15 16:02:42	1	1	15	0
   101437	2021-11-15 16:02:50	1	1	15	0
    10214	2021-11-15 16:03:02	1	1	15	0
   108538	2021-11-15 16:03:28	1	1	15	0
    10278	2021-11-15 16:03:37	1	1	15	0
   102544	2021-11-15 16:04:39	1	1	15	0
    10372	2021-11-15 16:04:50	1	1	15	0
    10372	2021-11-15 16:04:52	1	1	15	0
   102526	2021-11-15 16:05:10	1	1	15	0
    10356	2021-11-15 16:06:32	1	1	15	0
   108619	2021-11-15 16:08:24	1	1	15	0
    10309	2021-11-15 16:09:14	1	1	15	0
   108472	2021-11-15 16:09:40	1	1	15	0
   108469	2021-11-15 16:13:02	1	1	15	0
    10284	2021-11-15 16:15:28	1	1	15	0
    10080	2021-11-15 17:02:15	1	1	15	0
   108617	2021-11-15 17:02:38	1	1	15	0
    10550	2021-11-15 17:02:59	1	1	15	0
   108677	2021-11-15 17:03:15	1	1	15	0
   102524	2021-11-15 17:03:33	1	1	15	0
   108579	2021-11-15 17:03:42	1	1	15	0
   108587	2021-11-15 17:04:18	1	1	15	0
   108587	2021-11-15 17:04:20	1	1	15	0
    10033	2021-11-15 17:04:27	1	1	15	0
   108489	2021-11-15 17:04:46	1	1	15	0
    10221	2021-11-15 17:04:58	1	1	15	0
   108669	2021-11-15 17:05:09	1	1	15	0
   108635	2021-11-15 17:05:40	1	1	15	0
   101432	2021-11-15 17:05:50	1	1	15	0
    19980	2021-11-15 17:06:06	1	1	15	0
   108667	2021-11-15 17:06:14	1	1	15	0
   108638	2021-11-15 17:06:19	1	1	15	0
   108610	2021-11-15 17:06:25	1	1	15	0
   108598	2021-11-15 17:06:38	1	1	15	0
   108663	2021-11-15 17:06:45	1	1	15	0
   108611	2021-11-15 17:07:01	1	1	15	0
   108680	2021-11-15 17:07:08	1	1	15	0
   108591	2021-11-15 17:10:20	1	1	15	0
   108556	2021-11-15 17:11:38	1	1	15	0
   108658	2021-11-15 17:13:49	1	1	15	0
    10458	2021-11-15 17:16:14	1	1	15	0
   108671	2021-11-15 17:16:56	1	1	15	0
   500001	2021-11-15 17:17:51	1	1	15	0
    10076	2021-11-15 17:18:48	1	1	15	0
   108568	2021-11-15 17:18:59	1	1	15	0
    10065	2021-11-15 17:20:59	1	1	15	0
   108674	2021-11-15 17:21:18	1	1	15	0
    10063	2021-11-15 17:21:30	1	1	15	0
    10149	2021-11-15 17:24:38	1	1	15	0
   108585	2021-11-15 17:26:16	1	1	15	0
    10159	2021-11-15 17:26:25	1	1	15	0
   108523	2021-11-15 17:27:40	1	1	15	0
   102579	2021-11-15 17:38:57	1	1	15	0
   108678	2021-11-15 17:49:19	1	1	15	0
   108672	2021-11-15 18:52:15	1	1	15	0
    10127	2021-11-15 18:52:24	1	1	15	0
    10129	2021-11-15 19:18:19	1	1	15	0
   108666	2021-11-15 19:50:06	1	1	15	0
   108533	2021-11-15 20:00:11	1	1	15	0
   102542	2021-11-15 20:01:12	1	1	15	0
    10032	2021-11-15 20:45:59	1	1	15	0
   108515	2021-11-15 21:54:04	1	1	15	0
    10456	2021-11-16 06:43:02	1	0	15	0
   102526	2021-11-16 06:43:59	1	0	15	0
   108630	2021-11-16 06:50:23	1	0	15	0
   108630	2021-11-16 06:50:25	1	0	15	0
   108617	2021-11-16 06:54:26	1	0	15	0
    10372	2021-11-16 07:04:51	1	0	15	0
    10372	2021-11-16 07:04:54	1	0	15	0
   108556	2021-11-16 07:06:50	1	0	15	0
   108587	2021-11-16 07:15:10	1	0	15	0
    10159	2021-11-16 07:30:26	1	0	15	0
    10080	2021-11-16 07:30:39	1	0	15	0
   108533	2021-11-16 07:31:12	1	0	15	0
    10214	2021-11-16 07:33:05	1	0	15	0
    10214	2021-11-16 07:33:07	1	0	15	0
    10356	2021-11-16 07:33:52	1	0	15	0
    10278	2021-11-16 07:34:14	1	0	15	0
   108654	2021-11-16 07:34:29	1	0	15	0
   108585	2021-11-16 07:37:36	1	0	15	0
   108538	2021-11-16 07:38:23	1	0	15	0
   108472	2021-11-16 07:39:16	1	0	15	0
    10033	2021-11-16 07:40:14	1	0	15	0
    10065	2021-11-16 07:40:59	1	0	15	0
   108549	2021-11-16 07:41:09	1	0	15	0
   108638	2021-11-16 07:41:34	1	0	15	0
   108674	2021-11-16 07:41:49	1	0	15	0
   108680	2021-11-16 07:42:06	1	0	15	0
   108677	2021-11-16 07:42:55	1	0	15	0
   108489	2021-11-16 07:43:19	1	0	15	0
   102524	2021-11-16 07:43:38	1	0	15	0
   108469	2021-11-16 07:45:47	1	0	15	0
   102544	2021-11-16 07:47:29	1	0	15	0
   108523	2021-11-16 07:47:38	1	0	15	0
   108667	2021-11-16 07:48:36	1	0	15	0
   108568	2021-11-16 07:50:21	1	0	15	0
   108619	2021-11-16 07:51:37	1	0	15	0
   108598	2021-11-16 07:52:54	1	0	15	0
   108669	2021-11-16 07:53:09	1	0	15	0
   108663	2021-11-16 07:55:10	1	0	15	0
   102542	2021-11-16 07:55:30	1	0	15	0
    10284	2021-11-16 07:55:39	1	0	15	0
    10284	2021-11-16 07:55:41	1	0	15	0
    10550	2021-11-16 07:57:23	1	0	15	0
    10221	2021-11-16 07:57:49	1	0	15	0
    10309	2021-11-16 07:58:40	1	0	15	0
   108678	2021-11-16 07:59:49	1	0	15	0
    19980	2021-11-16 08:00:01	1	0	15	0
    10032	2021-11-16 08:01:42	1	0	15	0
   108579	2021-11-16 08:02:40	1	0	15	0
   108662	2021-11-16 08:04:37	1	0	15	0
   108658	2021-11-16 08:04:46	1	0	15	0
   108613	2021-11-16 08:05:09	1	0	15	0
    10138	2021-11-16 08:05:22	1	0	15	0
   101432	2021-11-16 08:05:41	1	0	15	0
    10348	2021-11-16 08:06:22	1	0	15	0
   108672	2021-11-16 08:07:50	1	0	15	0
   108672	2021-11-16 08:07:52	1	0	15	0
   101436	2021-11-16 08:09:06	1	0	15	0
   108635	2021-11-16 08:10:48	1	0	15	0
   108611	2021-11-16 08:13:08	1	0	15	0
    10458	2021-11-16 08:13:23	1	0	15	0
    10063	2021-11-16 08:14:40	1	0	15	0
    10149	2021-11-16 08:14:52	1	0	15	0
   108671	2021-11-16 08:15:01	1	0	15	0
    10076	2021-11-16 08:15:10	1	0	15	0
   500001	2021-11-16 08:19:52	1	0	15	0
   108591	2021-11-16 08:25:12	1	0	15	0
   108666	2021-11-16 08:25:22	1	0	15	0
    10127	2021-11-16 08:26:43	1	0	15	0
   102579	2021-11-16 08:57:52	1	0	15	0
   108515	2021-11-16 10:00:41	1	0	15	0
   108610	2021-11-16 12:15:52	1	0	15	0
    10129	2021-11-16 12:49:15	1	0	15	0
    10129	2021-11-16 12:49:17	1	0	15	0
   108472	2021-11-16 16:01:57	1	1	15	0
   108538	2021-11-16 16:02:18	1	1	15	0
    10138	2021-11-16 16:02:48	1	1	15	0
    10356	2021-11-16 16:03:16	1	1	15	0
    10214	2021-11-16 16:03:24	1	1	15	0
   108619	2021-11-16 16:03:46	1	1	15	0
   108549	2021-11-16 16:04:05	1	1	15	0
    10278	2021-11-16 16:04:24	1	1	15	0
    10456	2021-11-16 16:04:29	1	1	15	0
    10284	2021-11-16 16:04:38	1	1	15	0
   108469	2021-11-16 16:04:48	1	1	15	0
    10309	2021-11-16 16:04:55	1	1	15	0
   102526	2021-11-16 16:09:14	1	1	15	0
   108654	2021-11-16 17:00:53	1	1	15	0
   108613	2021-11-16 17:01:13	1	1	15	0
   108630	2021-11-16 17:01:26	1	1	15	0
    10080	2021-11-16 17:01:54	1	1	15	0
   101432	2021-11-16 17:02:06	1	1	15	0
    10372	2021-11-16 17:02:18	1	1	15	0
   108617	2021-11-16 17:02:28	1	1	15	0
   108489	2021-11-16 17:02:47	1	1	15	0
   102544	2021-11-16 17:02:58	1	1	15	0
   108533	2021-11-16 17:03:29	1	1	15	0
    10550	2021-11-16 17:03:36	1	1	15	0
   102524	2021-11-16 17:03:43	1	1	15	0
   108669	2021-11-16 17:03:54	1	1	15	0
   108680	2021-11-16 17:04:03	1	1	15	0
   108672	2021-11-16 17:04:22	1	1	15	0
    10065	2021-11-16 17:04:43	1	1	15	0
    10033	2021-11-16 17:05:01	1	1	15	0
   108674	2021-11-16 17:05:14	1	1	15	0
   108677	2021-11-16 17:05:33	1	1	15	0
   108611	2021-11-16 17:05:44	1	1	15	0
   108662	2021-11-16 17:05:55	1	1	15	0
   108579	2021-11-16 17:06:10	1	1	15	0
   108635	2021-11-16 17:06:39	1	1	15	0
   108658	2021-11-16 17:07:01	1	1	15	0
    19980	2021-11-16 17:07:14	1	1	15	0
    10221	2021-11-16 17:07:30	1	1	15	0
   108587	2021-11-16 17:07:40	1	1	15	0
   108587	2021-11-16 17:07:43	1	1	15	0
   108678	2021-11-16 17:08:02	1	1	15	0
   108556	2021-11-16 17:08:50	1	1	15	0
   108591	2021-11-16 17:15:48	1	1	15	0
   108585	2021-11-16 17:17:45	1	1	15	0
   108585	2021-11-16 17:17:48	1	1	15	0
   102542	2021-11-16 17:20:04	1	1	15	0
   108515	2021-11-16 17:20:24	1	1	15	0
    10458	2021-11-16 17:22:12	1	1	15	0
   108638	2021-11-16 17:24:43	1	1	15	0
   500001	2021-11-16 17:25:52	1	1	15	0
    10159	2021-11-16 17:45:32	1	1	15	0
   108568	2021-11-16 17:55:53	1	1	15	0
   108671	2021-11-16 17:56:23	1	1	15	0
    10063	2021-11-16 17:56:42	1	1	15	0
   102579	2021-11-16 17:57:57	1	1	15	0
    10149	2021-11-16 17:58:32	1	1	15	0
    10076	2021-11-16 17:58:53	1	1	15	0
    10127	2021-11-16 17:59:06	1	1	15	0
    10348	2021-11-16 18:11:40	1	1	15	0
   108667	2021-11-16 18:18:34	1	1	15	0
   108523	2021-11-16 18:18:43	1	1	15	0
    10032	2021-11-16 18:26:29	1	1	15	0
    10129	2021-11-16 18:48:12	1	1	15	0
   108610	2021-11-16 19:03:48	1	1	15	0
   108663	2021-11-16 19:03:54	1	1	15	0
   108598	2021-11-16 19:04:38	1	1	15	0
   108666	2021-11-16 22:27:45	1	1	15	0
    10456	2021-11-17 05:58:09	1	0	15	0
   102526	2021-11-17 06:17:57	1	0	15	0
   101437	2021-11-17 06:18:22	1	0	15	0
   101437	2021-11-17 06:18:24	1	0	15	0
    10214	2021-11-17 06:24:55	1	0	15	0
   108617	2021-11-17 06:43:20	1	0	15	0
   108662	2021-11-17 07:02:54	1	0	15	0
   108630	2021-11-17 07:03:23	1	0	15	0
   108587	2021-11-17 07:03:44	1	0	15	0
   108556	2021-11-17 07:09:26	1	0	15	0
    10372	2021-11-17 07:13:26	1	0	15	0
   108472	2021-11-17 07:15:20	1	0	15	0
    10080	2021-11-17 07:28:30	1	0	15	0
    10159	2021-11-17 07:29:33	1	0	15	0
   108610	2021-11-17 07:29:47	1	0	15	0
   108523	2021-11-17 07:30:07	1	0	15	0
   108585	2021-11-17 07:32:19	1	0	15	0
   108568	2021-11-17 07:32:34	1	0	15	0
    10278	2021-11-17 07:34:29	1	0	15	0
    10033	2021-11-17 07:37:55	1	0	15	0
   108677	2021-11-17 07:40:28	1	0	15	0
   108638	2021-11-17 07:41:16	1	0	15	0
   108489	2021-11-17 07:41:25	1	0	15	0
   102524	2021-11-17 07:41:37	1	0	15	0
   108667	2021-11-17 07:42:34	1	0	15	0
   108680	2021-11-17 07:43:07	1	0	15	0
   108469	2021-11-17 07:45:35	1	0	15	0
   108598	2021-11-17 07:46:12	1	0	15	0
   108549	2021-11-17 07:47:19	1	0	15	0
   108538	2021-11-17 07:50:18	1	0	15	0
   108619	2021-11-17 07:52:05	1	0	15	0
   108669	2021-11-17 07:52:20	1	0	15	0
    10032	2021-11-17 07:55:03	1	0	15	0
    19980	2021-11-17 07:55:46	1	0	15	0
    10129	2021-11-17 07:55:58	1	0	15	0
   108674	2021-11-17 07:57:36	1	0	15	0
    10309	2021-11-17 07:57:48	1	0	15	0
   102544	2021-11-17 07:57:58	1	0	15	0
   108672	2021-11-17 07:58:31	1	0	15	0
    10348	2021-11-17 07:58:43	1	0	15	0
    10284	2021-11-17 07:59:15	1	0	15	0
    10138	2021-11-17 08:00:13	1	0	15	0
   108611	2021-11-17 08:03:04	1	0	15	0
   101432	2021-11-17 08:03:12	1	0	15	0
    10127	2021-11-17 08:03:20	1	0	15	0
    10063	2021-11-17 08:04:51	1	0	15	0
    10149	2021-11-17 08:05:01	1	0	15	0
   108671	2021-11-17 08:05:24	1	0	15	0
   108678	2021-11-17 08:05:29	1	0	15	0
    10076	2021-11-17 08:05:38	1	0	15	0
   108579	2021-11-17 08:05:45	1	0	15	0
    10221	2021-11-17 08:05:53	1	0	15	0
   500001	2021-11-17 08:06:05	1	0	15	0
   108658	2021-11-17 08:06:12	1	0	15	0
   108663	2021-11-17 08:07:48	1	0	15	0
   108591	2021-11-17 08:10:32	1	0	15	0
   108666	2021-11-17 08:11:49	1	0	15	0
    10550	2021-11-17 08:21:42	1	0	15	0
    10073	2021-11-17 08:32:27	1	0	15	0
   108613	2021-11-17 08:34:46	1	0	15	0
    10065	2021-11-17 08:49:16	1	0	15	0
   102579	2021-11-17 08:51:52	1	0	15	0
   108673	2021-11-17 10:38:43	1	0	15	0
   108515	2021-11-17 12:46:07	1	0	15	0
   108538	2021-11-17 16:01:44	1	1	15	0
   108549	2021-11-17 16:02:02	1	1	15	0
    10456	2021-11-17 16:02:16	1	1	15	0
   101437	2021-11-17 16:02:25	1	1	15	0
    10348	2021-11-17 16:02:31	1	1	15	0
   108472	2021-11-17 16:02:38	1	1	15	0
    10214	2021-11-17 16:02:46	1	1	15	0
    10278	2021-11-17 16:03:06	1	1	15	0
   108587	2021-11-17 16:03:33	1	1	15	0
   108587	2021-11-17 16:03:35	1	1	15	0
   102526	2021-11-17 16:03:44	1	1	15	0
    10284	2021-11-17 16:03:58	1	1	15	0
   108469	2021-11-17 16:04:06	1	1	15	0
   108619	2021-11-17 16:05:22	1	1	15	0
    10138	2021-11-17 16:05:58	1	1	15	0
   108674	2021-11-17 16:07:14	1	1	15	0
   108674	2021-11-17 16:07:17	1	1	15	0
   108674	2021-11-17 16:07:23	1	1	15	0
    10309	2021-11-17 16:10:37	1	1	15	0
   108613	2021-11-17 17:02:24	1	1	15	0
    10080	2021-11-17 17:02:32	1	1	15	0
    10372	2021-11-17 17:02:46	1	1	15	0
   108515	2021-11-17 17:02:51	1	1	15	0
    10324	2021-11-17 17:02:57	1	1	15	0
    10324	2021-11-17 17:03:00	1	1	15	0
   108677	2021-11-17 17:03:18	1	1	15	0
   108617	2021-11-17 17:03:29	1	1	15	0
   101432	2021-11-17 17:03:47	1	1	15	0
    10221	2021-11-17 17:03:59	1	1	15	0
    10033	2021-11-17 17:04:06	1	1	15	0
    19980	2021-11-17 17:04:20	1	1	15	0
   108611	2021-11-17 17:04:48	1	1	15	0
    10458	2021-11-17 17:05:13	1	1	15	0
   102524	2021-11-17 17:05:22	1	1	15	0
   500001	2021-11-17 17:05:38	1	1	15	0
    10550	2021-11-17 17:05:50	1	1	15	0
   108638	2021-11-17 17:06:25	1	1	15	0
   108669	2021-11-17 17:07:48	1	1	15	0
   108673	2021-11-17 17:07:56	1	1	15	0
   108673	2021-11-17 17:07:58	1	1	15	0
   108579	2021-11-17 17:08:04	1	1	15	0
   108680	2021-11-17 17:08:09	1	1	15	0
    10065	2021-11-17 17:08:18	1	1	15	0
   108556	2021-11-17 17:11:36	1	1	15	0
   108591	2021-11-17 17:14:04	1	1	15	0
   108489	2021-11-17 17:20:07	1	1	15	0
   102579	2021-11-17 17:27:30	1	1	15	0
   108585	2021-11-17 17:28:15	1	1	15	0
    10159	2021-11-17 17:28:59	1	1	15	0
   108678	2021-11-17 17:31:13	1	1	15	0
   108610	2021-11-17 17:32:47	1	1	15	0
   108671	2021-11-17 17:34:13	1	1	15	0
   108568	2021-11-17 17:35:08	1	1	15	0
   108674	2021-11-17 17:35:35	1	1	15	0
    10076	2021-11-17 17:36:11	1	1	15	0
    10063	2021-11-17 17:38:07	1	1	15	0
    10149	2021-11-17 17:38:29	1	1	15	0
   108672	2021-11-17 17:52:37	1	1	15	0
   108658	2021-11-17 18:13:52	1	1	15	0
   108666	2021-11-17 18:17:56	1	1	15	0
    10032	2021-11-17 18:21:22	1	1	15	0
   108667	2021-11-17 18:24:37	1	1	15	0
   108667	2021-11-17 18:24:39	1	1	15	0
   108662	2021-11-17 18:24:46	1	1	15	0
   108523	2021-11-17 18:26:01	1	1	15	0
    10129	2021-11-17 18:38:08	1	1	15	0
   108630	2021-11-17 19:09:26	1	1	15	0
   102544	2021-11-17 19:09:36	1	1	15	0
   108598	2021-11-17 20:48:17	1	1	15	0
    10127	2021-11-17 20:48:27	1	1	15	0
   108663	2021-11-17 20:48:51	1	1	15	0
   101437	2021-11-18 06:14:27	1	0	15	0
    10456	2021-11-18 06:14:41	1	0	15	0
   102526	2021-11-18 06:15:09	1	0	15	0
   108617	2021-11-18 06:42:06	1	0	15	0
   108556	2021-11-18 06:57:44	1	0	15	0
    10214	2021-11-18 07:02:08	1	0	15	0
    10356	2021-11-18 07:03:21	1	0	15	0
    10324	2021-11-18 07:03:52	1	0	15	0
   108587	2021-11-18 07:04:06	1	0	15	0
   108587	2021-11-18 07:04:09	1	0	15	0
   108533	2021-11-18 07:21:59	1	0	15	0
    10080	2021-11-18 07:22:40	1	0	15	0
   108585	2021-11-18 07:25:23	1	0	15	0
    10278	2021-11-18 07:27:35	1	0	15	0
    10372	2021-11-18 07:29:18	1	0	15	0
   108472	2021-11-18 07:32:47	1	0	15	0
   108654	2021-11-18 07:34:17	1	0	15	0
    10159	2021-11-18 07:34:25	1	0	15	0
    10033	2021-11-18 07:35:30	1	0	15	0
   108568	2021-11-18 07:36:26	1	0	15	0
   108523	2021-11-18 07:39:37	1	0	15	0
   108662	2021-11-18 07:39:58	1	0	15	0
    10073	2021-11-18 07:41:56	1	0	15	0
   108638	2021-11-18 07:42:16	1	0	15	0
    10221	2021-11-18 07:44:21	1	0	15	0
   108619	2021-11-18 07:45:40	1	0	15	0
   108677	2021-11-18 07:46:10	1	0	15	0
   108598	2021-11-18 07:46:23	1	0	15	0
   108672	2021-11-18 07:47:18	1	0	15	0
   108674	2021-11-18 07:47:48	1	0	15	0
    10129	2021-11-18 07:48:16	1	0	15	0
   102542	2021-11-18 07:48:41	1	0	15	0
   108667	2021-11-18 07:49:57	1	0	15	0
    19980	2021-11-18 07:50:11	1	0	15	0
    19980	2021-11-18 07:50:14	1	0	15	0
   108469	2021-11-18 07:50:26	1	0	15	0
   108673	2021-11-18 07:52:18	1	0	15	0
    10309	2021-11-18 07:52:41	1	0	15	0
   108610	2021-11-18 07:53:14	1	0	15	0
   108680	2021-11-18 07:53:24	1	0	15	0
    10065	2021-11-18 07:54:18	1	0	15	0
    10065	2021-11-18 07:54:21	1	0	15	0
    10065	2021-11-18 07:54:34	1	0	15	0
   108669	2021-11-18 07:55:01	1	0	15	0
    10228	2021-11-18 07:55:16	1	0	15	0
    10032	2021-11-18 07:55:42	1	0	15	0
   101432	2021-11-18 07:56:08	1	0	15	0
    10458	2021-11-18 07:56:30	1	0	15	0
   102544	2021-11-18 07:57:11	1	0	15	0
   500001	2021-11-18 07:58:05	1	0	15	0
   108663	2021-11-18 07:58:11	1	0	15	0
   108635	2021-11-18 07:58:41	1	0	15	0
    10138	2021-11-18 07:58:51	1	0	15	0
   108613	2021-11-18 08:00:35	1	0	15	0
   108658	2021-11-18 08:01:24	1	0	15	0
   108579	2021-11-18 08:01:41	1	0	15	0
   108549	2021-11-18 08:02:14	1	0	15	0
   108666	2021-11-18 08:05:45	1	0	15	0
    10348	2021-11-18 08:07:32	1	0	15	0
   108678	2021-11-18 08:12:31	1	0	15	0
    10284	2021-11-18 08:13:12	1	0	15	0
    10063	2021-11-18 08:15:53	1	0	15	0
    10149	2021-11-18 08:16:10	1	0	15	0
    10076	2021-11-18 08:16:16	1	0	15	0
   108671	2021-11-18 08:16:38	1	0	15	0
   108591	2021-11-18 08:16:44	1	0	15	0
   108611	2021-11-18 08:21:23	1	0	15	0
   102579	2021-11-18 08:27:38	1	0	15	0
    10550	2021-11-18 08:30:42	1	0	15	0
   108515	2021-11-18 09:23:48	1	0	15	0
   102526	2021-11-18 15:12:06	1	0	15	0
   101437	2021-11-18 16:02:29	1	0	15	0
   101437	2021-11-18 16:02:47	1	1	15	0
   108472	2021-11-18 16:03:27	1	1	15	0
   108672	2021-11-18 16:04:01	1	1	15	0
   108523	2021-11-18 16:04:09	1	1	15	0
    10309	2021-11-18 16:05:05	1	1	15	0
    10228	2021-11-18 16:05:26	1	1	15	0
    10214	2021-11-18 16:06:09	1	1	15	0
    10356	2021-11-18 16:06:23	1	1	15	0
    10278	2021-11-18 16:06:32	1	1	15	0
   108587	2021-11-18 16:07:46	1	1	15	0
   108587	2021-11-18 16:07:48	1	1	15	0
   108619	2021-11-18 16:07:59	1	1	15	0
    10284	2021-11-18 16:12:08	1	1	15	0
    10456	2021-11-18 16:13:51	1	1	15	0
   108549	2021-11-18 16:34:36	1	1	15	0
    10138	2021-11-18 16:37:19	1	1	15	0
    10138	2021-11-18 16:37:22	1	1	15	0
   108469	2021-11-18 16:38:10	1	1	15	0
   108613	2021-11-18 17:01:58	1	1	15	0
    10080	2021-11-18 17:02:08	1	1	15	0
    10372	2021-11-18 17:02:17	1	1	15	0
    10458	2021-11-18 17:02:55	1	1	15	0
    10550	2021-11-18 17:03:01	1	1	15	0
    10221	2021-11-18 17:03:40	1	1	15	0
   108610	2021-11-18 17:03:48	1	1	15	0
   101432	2021-11-18 17:04:25	1	1	15	0
   108674	2021-11-18 17:04:34	1	1	15	0
   108611	2021-11-18 17:05:07	1	1	15	0
   108677	2021-11-18 17:05:21	1	1	15	0
   108568	2021-11-18 17:05:28	1	1	15	0
    10033	2021-11-18 17:05:36	1	1	15	0
   108678	2021-11-18 17:05:51	1	1	15	0
   108671	2021-11-18 17:06:03	1	1	15	0
   108579	2021-11-18 17:06:10	1	1	15	0
   108673	2021-11-18 17:06:18	1	1	15	0
   108680	2021-11-18 17:06:25	1	1	15	0
   108635	2021-11-18 17:06:34	1	1	15	0
    19980	2021-11-18 17:06:43	1	1	15	0
   108667	2021-11-18 17:06:52	1	1	15	0
   108591	2021-11-18 17:07:02	1	1	15	0
   108638	2021-11-18 17:07:10	1	1	15	0
   108669	2021-11-18 17:07:24	1	1	15	0
   108556	2021-11-18 17:08:34	1	1	15	0
    10076	2021-11-18 17:08:49	1	1	15	0
   108662	2021-11-18 17:09:46	1	1	15	0
    10065	2021-11-18 17:10:31	1	1	15	0
    10063	2021-11-18 17:10:56	1	1	15	0
   500001	2021-11-18 17:11:23	1	1	15	0
    10149	2021-11-18 17:14:22	1	1	15	0
    10032	2021-11-18 17:14:58	1	1	15	0
    10159	2021-11-18 17:15:15	1	1	15	0
   108585	2021-11-18 17:34:49	1	1	15	0
   108585	2021-11-18 17:34:52	1	1	15	0
    10348	2021-11-18 17:36:05	1	1	15	0
   108515	2021-11-18 17:39:25	1	1	15	0
   102579	2021-11-18 17:45:32	1	1	15	0
   108658	2021-11-18 17:48:14	1	1	15	0
   108663	2021-11-18 18:17:30	1	1	15	0
   108598	2021-11-18 18:17:56	1	1	15	0
    10129	2021-11-18 19:02:10	1	1	15	0
   108666	2021-11-18 20:09:43	1	1	15	0
   108533	2021-11-18 21:00:35	1	1	15	0
   102542	2021-11-18 21:01:09	1	1	15	0
    10456	2021-11-19 06:11:54	1	0	15	0
   101437	2021-11-19 06:13:59	1	0	15	0
   101437	2021-11-19 06:14:01	1	0	15	0
   102526	2021-11-19 06:35:14	1	0	15	0
   108533	2021-11-19 06:36:23	1	0	15	0
   108617	2021-11-19 06:40:16	1	0	15	0
    10372	2021-11-19 06:48:52	1	0	15	0
   102542	2021-11-19 06:58:32	1	0	15	0
   108630	2021-11-19 07:13:24	1	0	15	0
   108630	2021-11-19 07:13:26	1	0	15	0
   108587	2021-11-19 07:14:32	1	0	15	0
   108587	2021-11-19 07:14:34	1	0	15	0
   108472	2021-11-19 07:16:52	1	0	15	0
    10278	2021-11-19 07:19:50	1	0	15	0
   108593	2021-11-19 07:22:26	1	0	15	0
   108556	2021-11-19 07:24:36	1	0	15	0
    10033	2021-11-19 07:25:52	1	0	15	0
   108654	2021-11-19 07:26:11	1	0	15	0
   108568	2021-11-19 07:26:55	1	0	15	0
    10080	2021-11-19 07:28:32	1	0	15	0
    10080	2021-11-19 07:28:34	1	0	15	0
   108662	2021-11-19 07:30:04	1	0	15	0
   108591	2021-11-19 07:33:07	1	0	15	0
   108591	2021-11-19 07:33:09	1	0	15	0
    10065	2021-11-19 07:33:31	1	0	15	0
   108549	2021-11-19 07:35:01	1	0	15	0
    10356	2021-11-19 07:35:20	1	0	15	0
   108638	2021-11-19 07:36:53	1	0	15	0
   108673	2021-11-19 07:40:02	1	0	15	0
   108619	2021-11-19 07:41:15	1	0	15	0
   108674	2021-11-19 07:42:42	1	0	15	0
   108680	2021-11-19 07:43:55	1	0	15	0
   108610	2021-11-19 07:44:13	1	0	15	0
   108538	2021-11-19 07:44:49	1	0	15	0
    10309	2021-11-19 07:45:52	1	0	15	0
   108489	2021-11-19 07:47:04	1	0	15	0
    10159	2021-11-19 07:47:56	1	0	15	0
    10159	2021-11-19 07:47:58	1	0	15	0
   108669	2021-11-19 07:48:12	1	0	15	0
   108667	2021-11-19 07:48:24	1	0	15	0
   108677	2021-11-19 07:48:42	1	0	15	0
   108663	2021-11-19 07:49:50	1	0	15	0
    10129	2021-11-19 07:50:13	1	0	15	0
    10284	2021-11-19 07:53:21	1	0	15	0
    10228	2021-11-19 07:55:07	1	0	15	0
    19980	2021-11-19 07:55:37	1	0	15	0
   108658	2021-11-19 07:59:59	1	0	15	0
   108635	2021-11-19 08:00:10	1	0	15	0
   108666	2021-11-19 08:00:44	1	0	15	0
    10032	2021-11-19 08:01:34	1	0	15	0
   101432	2021-11-19 08:01:59	1	0	15	0
   108585	2021-11-19 08:02:12	1	0	15	0
   108672	2021-11-19 08:03:56	1	0	15	0
   108678	2021-11-19 08:04:26	1	0	15	0
   108579	2021-11-19 08:04:35	1	0	15	0
    10550	2021-11-19 08:06:07	1	0	15	0
    10138	2021-11-19 08:06:32	1	0	15	0
   108613	2021-11-19 08:06:46	1	0	15	0
    10221	2021-11-19 08:07:08	1	0	15	0
    10458	2021-11-19 08:07:17	1	0	15	0
    10063	2021-11-19 08:11:32	1	0	15	0
   108671	2021-11-19 08:11:59	1	0	15	0
   108523	2021-11-19 08:12:05	1	0	15	0
   108611	2021-11-19 08:12:14	1	0	15	0
    10076	2021-11-19 08:12:19	1	0	15	0
    10073	2021-11-19 08:20:41	1	0	15	0
   500001	2021-11-19 08:45:58	1	0	15	0
    10080	2021-11-19 12:02:34	1	0	15	0
    10550	2021-11-19 12:07:54	1	0	15	0
   108538	2021-11-19 12:49:58	1	1	15	0
    10228	2021-11-19 13:30:23	1	1	15	0
    10080	2021-11-19 14:23:26	1	1	15	0
   102526	2021-11-19 16:02:06	1	1	15	0
   101437	2021-11-19 16:02:26	1	1	15	0
    10284	2021-11-19 16:02:35	1	1	15	0
    10284	2021-11-19 16:02:37	1	1	15	0
   108587	2021-11-19 16:02:44	1	1	15	0
   108587	2021-11-19 16:02:46	1	1	15	0
   108472	2021-11-19 16:03:09	1	1	15	0
   108549	2021-11-19 16:03:49	1	1	15	0
    10456	2021-11-19 16:04:12	1	1	15	0
    10278	2021-11-19 16:05:26	1	1	15	0
    10309	2021-11-19 16:05:47	1	1	15	0
   108593	2021-11-19 17:00:57	1	1	15	0
   108613	2021-11-19 17:01:28	1	1	15	0
    10080	2021-11-19 17:01:35	1	1	15	0
   108630	2021-11-19 17:01:42	1	1	15	0
    10324	2021-11-19 17:01:55	1	1	15	0
    10324	2021-11-19 17:01:57	1	1	15	0
   108489	2021-11-19 17:02:05	1	1	15	0
    10372	2021-11-19 17:02:19	1	1	15	0
   108677	2021-11-19 17:02:28	1	1	15	0
    19980	2021-11-19 17:02:36	1	1	15	0
   101432	2021-11-19 17:03:24	1	1	15	0
    10033	2021-11-19 17:03:38	1	1	15	0
   108515	2021-11-19 17:03:46	1	1	15	0
   108669	2021-11-19 17:04:02	1	1	15	0
    10458	2021-11-19 17:04:53	1	1	15	0
   108579	2021-11-19 17:05:25	1	1	15	0
   108680	2021-11-19 17:05:32	1	1	15	0
   108673	2021-11-19 17:05:40	1	1	15	0
   108611	2021-11-19 17:06:27	1	1	15	0
    10221	2021-11-19 17:07:10	1	1	15	0
   108585	2021-11-19 17:11:14	1	1	15	0
   108635	2021-11-19 17:13:18	1	1	15	0
    10065	2021-11-19 17:13:48	1	1	15	0
    10065	2021-11-19 17:13:51	1	1	15	0
    10065	2021-11-19 17:13:59	1	1	15	0
   108556	2021-11-19 17:14:45	1	1	15	0
   500001	2021-11-19 17:15:20	1	1	15	0
   108638	2021-11-19 17:15:35	1	1	15	0
   108662	2021-11-19 17:18:10	1	1	15	0
    10159	2021-11-19 17:20:31	1	1	15	0
   108591	2021-11-19 17:36:48	1	1	15	0
    10032	2021-11-19 17:38:25	1	1	15	0
   108610	2021-11-19 17:45:49	1	1	15	0
   108671	2021-11-19 17:47:34	1	1	15	0
   108667	2021-11-19 17:48:38	1	1	15	0
   108674	2021-11-19 17:48:50	1	1	15	0
   108568	2021-11-19 17:48:58	1	1	15	0
   108678	2021-11-19 17:49:17	1	1	15	0
    10063	2021-11-19 17:49:41	1	1	15	0
    10076	2021-11-19 17:50:15	1	1	15	0
   108672	2021-11-19 17:55:32	1	1	15	0
   108523	2021-11-19 17:55:46	1	1	15	0
   108658	2021-11-19 18:41:33	1	1	15	0
    10129	2021-11-19 18:45:04	1	1	15	0
   108617	2021-11-19 18:47:03	1	1	15	0
   108598	2021-11-19 18:52:55	1	1	15	0
   108663	2021-11-19 18:53:03	1	1	15	0
   108533	2021-11-19 20:00:36	1	1	15	0
   102542	2021-11-19 20:00:58	1	1	15	0
    10356	2021-11-19 22:09:09	1	1	15	0
   108619	2021-11-19 22:10:29	1	1	15	0
    10138	2021-11-19 22:10:59	1	1	15	0
   108666	2021-11-19 22:31:58	1	1	15	0
    10456	2021-11-20 06:07:06	1	0	15	0
   102526	2021-11-20 06:27:35	1	0	15	0
    10159	2021-11-20 06:27:42	1	0	15	0
   108533	2021-11-20 07:05:42	1	0	15	0
    10278	2021-11-20 07:08:49	1	0	15	0
    10356	2021-11-20 07:13:10	1	0	15	0
   108593	2021-11-20 07:23:27	1	0	15	0
   108472	2021-11-20 07:31:27	1	0	15	0
   108619	2021-11-20 07:42:03	1	0	15	0
    19980	2021-11-20 07:44:05	1	0	15	0
   102542	2021-11-20 07:44:20	1	0	15	0
   108523	2021-11-20 07:44:58	1	0	15	0
   108469	2021-11-20 07:45:32	1	0	15	0
   108667	2021-11-20 07:50:40	1	0	15	0
    10228	2021-11-20 07:52:40	1	0	15	0
    10309	2021-11-20 07:59:17	1	0	15	0
    10348	2021-11-20 07:59:39	1	0	15	0
    10032	2021-11-20 08:02:44	1	0	15	0
    10033	2021-11-20 08:03:40	1	0	15	0
   108672	2021-11-20 08:04:44	1	0	15	0
   108678	2021-11-20 08:07:35	1	0	15	0
    10076	2021-11-20 08:14:41	1	0	15	0
    10138	2021-11-20 08:16:40	1	0	15	0
   102579	2021-11-20 08:32:16	1	0	15	0
   108662	2021-11-20 08:39:44	1	0	15	0
    10033	2021-11-20 12:00:20	1	0	15	0
   101437	2021-11-20 12:23:37	1	0	15	0
    10032	2021-11-20 14:28:12	1	0	15	0
   108472	2021-11-20 16:01:11	1	0	15	0
    10278	2021-11-20 16:02:10	1	0	15	0
   108619	2021-11-20 16:02:17	1	0	15	0
    10456	2021-11-20 16:02:26	1	0	15	0
    10356	2021-11-20 16:02:43	1	0	15	0
   108469	2021-11-20 16:02:48	1	0	15	0
   102526	2021-11-20 16:02:54	1	0	15	0
    10228	2021-11-20 16:03:59	1	0	15	0
    10076	2021-11-20 16:47:36	1	0	15	0
   108593	2021-11-20 17:00:31	1	0	15	0
   101437	2021-11-20 17:02:00	1	0	15	0
   101437	2021-11-20 17:02:02	1	0	15	0
   108533	2021-11-20 17:02:16	1	0	15	0
   101437	2021-11-20 17:02:39	1	1	15	0
    19980	2021-11-20 17:03:04	1	1	15	0
   102542	2021-11-20 17:19:53	1	1	15	0
   108678	2021-11-20 17:23:55	1	1	15	0
   108662	2021-11-20 17:25:15	1	1	15	0
   102579	2021-11-20 17:25:28	1	1	15	0
   108667	2021-11-20 17:25:47	1	1	15	0
   108523	2021-11-20 17:29:31	1	1	15	0
   108672	2021-11-20 17:29:43	1	1	15	0
    10309	2021-11-20 20:30:08	1	1	15	0
    10309	2021-11-21 12:50:36	1	1	15	0
    10309	2021-11-21 17:11:22	1	1	15	0
    10456	2021-11-22 05:53:16	1	0	15	0
   102526	2021-11-22 06:19:55	1	0	15	0
   101437	2021-11-22 06:25:07	1	0	15	0
   102542	2021-11-22 06:40:27	1	0	15	0
   108533	2021-11-22 06:41:43	1	0	15	0
   108617	2021-11-22 06:49:44	1	0	15	0
   108630	2021-11-22 06:53:55	1	0	15	0
    10159	2021-11-22 07:01:58	1	0	15	0
   108587	2021-11-22 07:10:03	1	0	15	0
   108587	2021-11-22 07:10:05	1	0	15	0
   108556	2021-11-22 07:12:51	1	0	15	0
    10214	2021-11-22 07:16:46	1	0	15	0
    10324	2021-11-22 07:17:04	1	0	15	0
    10356	2021-11-22 07:17:18	1	0	15	0
    10033	2021-11-22 07:19:49	1	0	15	0
   108662	2021-11-22 07:20:42	1	0	15	0
    10278	2021-11-22 07:21:09	1	0	15	0
   108593	2021-11-22 07:29:31	1	0	15	0
   108523	2021-11-22 07:29:50	1	0	15	0
    10065	2021-11-22 07:31:59	1	0	15	0
    10080	2021-11-22 07:35:20	1	0	15	0
   108585	2021-11-22 07:36:39	1	0	15	0
   108568	2021-11-22 07:37:28	1	0	15	0
   108472	2021-11-22 07:37:50	1	0	15	0
   108673	2021-11-22 07:39:50	1	0	15	0
   108638	2021-11-22 07:40:16	1	0	15	0
    10073	2021-11-22 07:41:20	1	0	15	0
   108663	2021-11-22 07:42:15	1	0	15	0
   108674	2021-11-22 07:43:01	1	0	15	0
   108591	2021-11-22 07:43:10	1	0	15	0
   108667	2021-11-22 07:43:58	1	0	15	0
   108619	2021-11-22 07:45:09	1	0	15	0
   108489	2021-11-22 07:45:55	1	0	15	0
   102524	2021-11-22 07:46:06	1	0	15	0
   108598	2021-11-22 07:46:14	1	0	15	0
   108610	2021-11-22 07:46:23	1	0	15	0
   108469	2021-11-22 07:46:28	1	0	15	0
   108680	2021-11-22 07:46:56	1	0	15	0
   108613	2021-11-22 07:47:49	1	0	15	0
   108677	2021-11-22 07:48:15	1	0	15	0
    10372	2021-11-22 07:49:23	1	0	15	0
   108669	2021-11-22 07:50:25	1	0	15	0
   101432	2021-11-22 07:50:34	1	0	15	0
   108658	2021-11-22 07:51:01	1	0	15	0
   108549	2021-11-22 07:55:16	1	0	15	0
   108538	2021-11-22 07:55:37	1	0	15	0
    10309	2021-11-22 07:55:43	1	0	15	0
    10129	2021-11-22 07:59:26	1	0	15	0
    10138	2021-11-22 08:00:25	1	0	15	0
   108579	2021-11-22 08:01:22	1	0	15	0
    10228	2021-11-22 08:01:45	1	0	15	0
   108678	2021-11-22 08:03:02	1	0	15	0
   108672	2021-11-22 08:04:10	1	0	15	0
    10221	2021-11-22 08:04:48	1	0	15	0
   108666	2021-11-22 08:04:59	1	0	15	0
    10063	2021-11-22 08:06:46	1	0	15	0
   108671	2021-11-22 08:06:58	1	0	15	0
    10076	2021-11-22 08:07:11	1	0	15	0
    10032	2021-11-22 08:07:20	1	0	15	0
    10284	2021-11-22 08:07:29	1	0	15	0
   108611	2021-11-22 08:08:46	1	0	15	0
    19980	2021-11-22 08:10:21	1	0	15	0
    10348	2021-11-22 08:10:28	1	0	15	0
   500001	2021-11-22 08:14:38	1	0	15	0
    10458	2021-11-22 08:15:19	1	0	15	0
   108635	2021-11-22 08:20:15	1	0	15	0
   102579	2021-11-22 08:45:33	1	0	15	0
   102526	2021-11-22 15:04:29	1	0	15	0
   101437	2021-11-22 16:02:15	1	0	15	0
   108549	2021-11-22 16:02:24	1	0	15	0
    10138	2021-11-22 16:02:34	1	0	15	0
   108472	2021-11-22 16:02:43	1	0	15	0
   108538	2021-11-22 16:02:50	1	0	15	0
   108538	2021-11-22 16:02:52	1	0	15	0
    10278	2021-11-22 16:03:02	1	0	15	0
    10278	2021-11-22 16:03:05	1	0	15	0
    10456	2021-11-22 16:04:31	1	1	15	0
    10372	2021-11-22 16:04:37	1	1	15	0
    10284	2021-11-22 16:05:39	1	1	15	0
    10284	2021-11-22 16:05:42	1	1	15	0
    10228	2021-11-22 16:07:42	1	1	15	0
   108593	2021-11-22 17:01:36	1	1	15	0
   101432	2021-11-22 17:01:45	1	1	15	0
    10309	2021-11-22 17:01:52	1	1	15	0
   108613	2021-11-22 17:02:00	1	1	15	0
   108469	2021-11-22 17:02:06	1	1	15	0
   101436	2021-11-22 17:02:12	1	1	15	0
   108630	2021-11-22 17:02:16	1	1	15	0
    10080	2021-11-22 17:02:24	1	1	15	0
    10324	2021-11-22 17:02:38	1	1	15	0
    10458	2021-11-22 17:02:56	1	1	15	0
   108619	2021-11-22 17:03:08	1	1	15	0
    10550	2021-11-22 17:03:16	1	1	15	0
    19980	2021-11-22 17:03:25	1	1	15	0
    10214	2021-11-22 17:03:32	1	1	15	0
   108617	2021-11-22 17:03:45	1	1	15	0
   102524	2021-11-22 17:03:55	1	1	15	0
   108677	2021-11-22 17:04:03	1	1	15	0
   108579	2021-11-22 17:04:09	1	1	15	0
    10032	2021-11-22 17:04:39	1	1	15	0
    10221	2021-11-22 17:04:50	1	1	15	0
   108587	2021-11-22 17:04:58	1	1	15	0
   108638	2021-11-22 17:05:07	1	1	15	0
    10356	2021-11-22 17:05:26	1	1	15	0
    10033	2021-11-22 17:05:39	1	1	15	0
   108515	2021-11-22 17:06:04	1	1	15	0
   108611	2021-11-22 17:06:25	1	1	15	0
    10065	2021-11-22 17:07:33	1	1	15	0
   108669	2021-11-22 17:07:53	1	1	15	0
   108680	2021-11-22 17:08:29	1	1	15	0
   108635	2021-11-22 17:10:14	1	1	15	0
   108489	2021-11-22 17:10:35	1	1	15	0
   108591	2021-11-22 17:11:26	1	1	15	0
    10159	2021-11-22 17:13:27	1	1	15	0
   108671	2021-11-22 17:15:42	1	1	15	0
    10076	2021-11-22 17:16:56	1	1	15	0
    10063	2021-11-22 17:17:18	1	1	15	0
   108568	2021-11-22 17:17:38	1	1	15	0
   108674	2021-11-22 17:18:05	1	1	15	0
   108556	2021-11-22 17:23:55	1	1	15	0
   500001	2021-11-22 17:24:27	1	1	15	0
   108585	2021-11-22 17:27:13	1	1	15	0
   108667	2021-11-22 17:38:34	1	1	15	0
   102579	2021-11-22 17:41:00	1	1	15	0
   102579	2021-11-22 17:41:01	1	1	15	0
   108662	2021-11-22 18:12:54	1	1	15	0
   108672	2021-11-22 18:16:33	1	1	15	0
   108666	2021-11-22 18:22:12	1	1	15	0
   108658	2021-11-22 18:33:07	1	1	15	0
   108673	2021-11-22 18:33:12	1	1	15	0
   108673	2021-11-22 18:33:14	1	1	15	0
   108673	2021-11-22 18:33:17	1	1	15	0
   108663	2021-11-22 18:33:22	1	1	15	0
   108678	2021-11-22 19:06:54	1	1	15	0
    10129	2021-11-22 19:12:22	1	1	15	0
   108523	2021-11-22 19:14:19	1	1	15	0
   108610	2021-11-22 19:53:35	1	1	15	0
   108598	2021-11-22 19:53:47	1	1	15	0
   108533	2021-11-22 20:01:20	1	1	15	0
   102542	2021-11-22 20:02:11	1	1	15	0
    10456	2021-11-23 06:06:16	1	0	15	0
   101437	2021-11-23 06:09:42	1	0	15	0
   102526	2021-11-23 06:09:54	1	0	15	0
    10214	2021-11-23 06:36:06	1	0	15	0
    10356	2021-11-23 06:36:16	1	0	15	0
   108617	2021-11-23 06:43:13	1	0	15	0
   108619	2021-11-23 06:51:23	1	0	15	0
   108630	2021-11-23 07:08:06	1	0	15	0
   108587	2021-11-23 07:08:37	1	0	15	0
   108587	2021-11-23 07:08:39	1	0	15	0
   108556	2021-11-23 07:09:42	1	0	15	0
   101451	2021-11-23 07:10:37	1	0	15	0
   108662	2021-11-23 07:11:58	1	0	15	0
   108533	2021-11-23 07:12:10	1	0	15	0
    10324	2021-11-23 07:16:25	1	0	15	0
   108472	2021-11-23 07:17:15	1	0	15	0
    10159	2021-11-23 07:25:18	1	0	15	0
   108585	2021-11-23 07:25:35	1	0	15	0
    10065	2021-11-23 07:26:13	1	0	15	0
   108654	2021-11-23 07:28:20	1	0	15	0
    10278	2021-11-23 07:28:58	1	0	15	0
   108593	2021-11-23 07:33:38	1	0	15	0
   108658	2021-11-23 07:35:15	1	0	15	0
   108523	2021-11-23 07:35:23	1	0	15	0
    10080	2021-11-23 07:35:52	1	0	15	0
   108677	2021-11-23 07:36:18	1	0	15	0
   108673	2021-11-23 07:39:05	1	0	15	0
   108549	2021-11-23 07:39:28	1	0	15	0
   108549	2021-11-23 07:39:31	1	0	15	0
   102542	2021-11-23 07:40:44	1	0	15	0
   108638	2021-11-23 07:41:57	1	0	15	0
   108667	2021-11-23 07:42:29	1	0	15	0
   108610	2021-11-23 07:42:38	1	0	15	0
   108674	2021-11-23 07:43:41	1	0	15	0
   108568	2021-11-23 07:43:57	1	0	15	0
   108663	2021-11-23 07:46:20	1	0	15	0
   108469	2021-11-23 07:46:45	1	0	15	0
   108680	2021-11-23 07:46:58	1	0	15	0
   108489	2021-11-23 07:47:23	1	0	15	0
   102524	2021-11-23 07:47:31	1	0	15	0
   108669	2021-11-23 07:48:02	1	0	15	0
   101432	2021-11-23 07:49:00	1	0	15	0
   108598	2021-11-23 07:49:57	1	0	15	0
    10221	2021-11-23 07:50:11	1	0	15	0
   108538	2021-11-23 07:50:20	1	0	15	0
   108591	2021-11-23 07:50:27	1	0	15	0
    10228	2021-11-23 07:52:09	1	0	15	0
    10033	2021-11-23 07:54:12	1	0	15	0
    10033	2021-11-23 07:54:14	1	0	15	0
    19980	2021-11-23 07:54:38	1	0	15	0
    10284	2021-11-23 07:55:01	1	0	15	0
    10309	2021-11-23 07:55:37	1	0	15	0
   108635	2021-11-23 07:57:23	1	0	15	0
    10129	2021-11-23 07:59:00	1	0	15	0
    10032	2021-11-23 08:00:40	1	0	15	0
   108672	2021-11-23 08:01:51	1	0	15	0
    10458	2021-11-23 08:02:04	1	0	15	0
    10138	2021-11-23 08:05:09	1	0	15	0
    10063	2021-11-23 08:07:27	1	0	15	0
   108671	2021-11-23 08:07:34	1	0	15	0
   108579	2021-11-23 08:07:42	1	0	15	0
    10076	2021-11-23 08:07:52	1	0	15	0
   108611	2021-11-23 08:12:37	1	0	15	0
   108613	2021-11-23 08:13:55	1	0	15	0
   108666	2021-11-23 08:17:20	1	0	15	0
   108515	2021-11-23 08:27:35	1	0	15	0
   102579	2021-11-23 08:32:13	1	0	15	0
    10550	2021-11-23 08:33:33	1	0	15	0
   500001	2021-11-23 09:11:29	1	0	15	0
