    10456	2021-09-11 05:08:06	1	0	15	0
   108472	2021-09-11 06:26:39	1	0	15	0
   102526	2021-09-11 06:27:28	1	0	15	0
   108538	2021-09-11 06:46:52	1	0	15	0
   108630	2021-09-11 06:57:03	1	0	15	0
    10324	2021-09-11 07:02:36	1	0	15	0
   108662	2021-09-11 07:04:59	1	0	15	0
   108533	2021-09-11 07:06:59	1	0	15	0
   108658	2021-09-11 07:09:26	1	0	15	0
   108587	2021-09-11 07:13:42	1	0	15	0
   108593	2021-09-11 07:19:39	1	0	15	0
    10033	2021-09-11 07:26:50	1	0	15	0
    10033	2021-09-11 07:26:53	1	0	15	0
   108549	2021-09-11 07:28:27	1	0	15	0
   108613	2021-09-11 07:30:16	1	0	15	0
    10278	2021-09-11 07:32:42	1	0	15	0
   101432	2021-09-11 07:37:07	1	0	15	0
   108610	2021-09-11 07:38:34	1	0	15	0
   108663	2021-09-11 07:39:02	1	0	15	0
   108619	2021-09-11 07:44:08	1	0	15	0
   108523	2021-09-11 07:49:17	1	0	15	0
    10348	2021-09-11 07:49:51	1	0	15	0
   108667	2021-09-11 07:51:37	1	0	15	0
   108671	2021-09-11 07:52:01	1	0	15	0
   108469	2021-09-11 07:52:09	1	0	15	0
   102542	2021-09-11 07:52:23	1	0	15	0
    10129	2021-09-11 07:52:55	1	0	15	0
   108672	2021-09-11 07:56:19	1	0	15	0
    10309	2021-09-11 07:58:17	1	0	15	0
   108611	2021-09-11 08:02:22	1	0	15	0
   108598	2021-09-11 08:04:34	1	0	15	0
    10138	2021-09-11 08:07:10	1	0	15	0
   102544	2021-09-11 08:09:39	1	0	15	0
   108591	2021-09-11 08:14:47	1	0	15	0
   108591	2021-09-11 08:14:49	1	0	15	0
    10076	2021-09-11 08:22:29	1	0	15	0
    10032	2021-09-11 08:30:04	1	0	15	0
   102579	2021-09-11 08:30:36	1	0	15	0
   102579	2021-09-11 08:30:38	1	0	15	0
    10127	2021-09-11 09:03:55	1	0	15	0
   102526	2021-09-11 12:00:41	1	0	15	0
   102526	2021-09-11 12:00:43	1	0	15	0
   102526	2021-09-11 12:00:53	1	0	15	0
   108630	2021-09-11 12:02:28	1	0	15	0
   108587	2021-09-11 12:03:40	1	0	15	0
   108587	2021-09-11 12:03:42	1	0	15	0
    10033	2021-09-11 12:13:46	1	0	15	0
    10309	2021-09-11 12:43:54	1	0	15	0
   101437	2021-09-11 14:30:09	1	0	15	0
   101437	2021-09-11 14:30:11	1	0	15	0
    10033	2021-09-11 14:46:42	1	0	15	0
   108538	2021-09-11 15:00:23	1	1	15	0
   108593	2021-09-11 15:00:31	1	1	15	0
   102544	2021-09-11 15:00:48	1	1	15	0
   108472	2021-09-11 15:01:10	1	1	15	0
   108613	2021-09-11 15:04:14	1	1	15	0
    10456	2021-09-11 16:00:45	1	1	15	0
    10278	2021-09-11 16:02:56	1	1	15	0
   108469	2021-09-11 16:14:40	1	1	15	0
   108611	2021-09-11 17:01:41	1	1	15	0
   101432	2021-09-11 17:03:43	1	1	15	0
   108671	2021-09-11 17:04:16	1	1	15	0
   108667	2021-09-11 17:04:26	1	1	15	0
   108523	2021-09-11 17:04:36	1	1	15	0
    10076	2021-09-11 17:04:45	1	1	15	0
    10127	2021-09-11 17:04:53	1	1	15	0
   108610	2021-09-11 17:05:00	1	1	15	0
   108533	2021-09-11 17:05:18	1	1	15	0
   108591	2021-09-11 17:05:47	1	1	15	0
   102542	2021-09-11 17:11:54	1	1	15	0
   108672	2021-09-11 17:21:50	1	1	15	0
   102579	2021-09-11 17:51:43	1	1	15	0
   101437	2021-09-11 18:01:09	1	1	15	0
    10324	2021-09-11 18:01:18	1	1	15	0
    10324	2021-09-11 18:01:21	1	1	15	0
    10032	2021-09-11 18:01:31	1	1	15	0
    10129	2021-09-11 18:04:34	1	1	15	0
   108663	2021-09-11 18:23:38	1	1	15	0
   108658	2021-09-11 18:23:47	1	1	15	0
   108662	2021-09-11 18:29:16	1	1	15	0
    10033	2021-09-11 18:30:44	1	1	15	0
   108549	2021-09-11 19:35:05	1	1	15	0
   108619	2021-09-11 19:38:15	1	1	15	0
    10278	2021-09-12 04:39:55	1	0	15	0
   108538	2021-09-12 05:07:30	1	0	15	0
   108538	2021-09-12 05:07:32	1	0	15	0
   101437	2021-09-12 06:11:50	1	0	15	0
    10372	2021-09-12 06:34:53	1	0	15	0
    10324	2021-09-12 06:42:53	1	0	15	0
   108552	2021-09-12 07:38:38	1	0	15	0
    10278	2021-09-12 12:43:59	1	1	15	0
   108538	2021-09-12 12:44:12	1	1	15	0
   108552	2021-09-12 16:00:09	1	1	15	0
   101437	2021-09-12 16:01:06	1	1	15	0
    10324	2021-09-12 16:01:15	1	1	15	0
    10324	2021-09-12 16:01:17	1	1	15	0
    10372	2021-09-12 16:01:49	1	1	15	0
    10372	2021-09-12 16:01:52	1	1	15	0
    10456	2021-09-13 06:02:29	1	0	15	0
   101437	2021-09-13 06:09:23	1	0	15	0
   108617	2021-09-13 06:38:36	1	0	15	0
    10372	2021-09-13 06:41:53	1	0	15	0
   108662	2021-09-13 06:55:55	1	0	15	0
   108556	2021-09-13 07:04:47	1	0	15	0
   108556	2021-09-13 07:04:49	1	0	15	0
   108556	2021-09-13 07:05:03	1	0	15	0
   108533	2021-09-13 07:05:43	1	0	15	0
   108658	2021-09-13 07:06:59	1	0	15	0
   108587	2021-09-13 07:14:58	1	0	15	0
   108587	2021-09-13 07:15:26	1	0	15	0
    10324	2021-09-13 07:23:18	1	0	15	0
   102542	2021-09-13 07:23:26	1	0	15	0
   108593	2021-09-13 07:23:46	1	0	15	0
   108585	2021-09-13 07:24:55	1	0	15	0
    10159	2021-09-13 07:27:46	1	0	15	0
   108472	2021-09-13 07:28:53	1	0	15	0
    10278	2021-09-13 07:29:25	1	0	15	0
   108654	2021-09-13 07:29:40	1	0	15	0
   108674	2021-09-13 07:33:47	1	0	15	0
    10033	2021-09-13 07:34:18	1	0	15	0
    10025	2021-09-13 07:34:28	1	0	15	0
   108610	2021-09-13 07:36:32	1	0	15	0
   108568	2021-09-13 07:37:50	1	0	15	0
   108591	2021-09-13 07:39:54	1	0	15	0
   108667	2021-09-13 07:40:20	1	0	15	0
   108669	2021-09-13 07:40:37	1	0	15	0
   108469	2021-09-13 07:41:59	1	0	15	0
    10129	2021-09-13 07:45:49	1	0	15	0
   108619	2021-09-13 07:48:11	1	0	15	0
   108489	2021-09-13 07:51:19	1	0	15	0
   102524	2021-09-13 07:51:28	1	0	15	0
   108549	2021-09-13 07:51:35	1	0	15	0
   108538	2021-09-13 07:52:08	1	0	15	0
   108579	2021-09-13 07:52:39	1	0	15	0
   108672	2021-09-13 07:53:20	1	0	15	0
    10065	2021-09-13 07:53:26	1	0	15	0
    10065	2021-09-13 07:53:29	1	0	15	0
    10065	2021-09-13 07:53:38	1	0	15	0
   108613	2021-09-13 07:54:33	1	0	15	0
   101432	2021-09-13 07:56:23	1	0	15	0
   108598	2021-09-13 07:56:43	1	0	15	0
    10221	2021-09-13 07:57:19	1	0	15	0
   108666	2021-09-13 07:59:32	1	0	15	0
    10032	2021-09-13 07:59:59	1	0	15	0
   108663	2021-09-13 08:00:05	1	0	15	0
   108635	2021-09-13 08:00:20	1	0	15	0
    10458	2021-09-13 08:01:37	1	0	15	0
   102544	2021-09-13 08:01:42	1	0	15	0
    10348	2021-09-13 08:04:28	1	0	15	0
   500001	2021-09-13 08:07:28	1	0	15	0
    10138	2021-09-13 08:07:59	1	0	15	0
    19980	2021-09-13 08:08:12	1	0	15	0
    10149	2021-09-13 08:09:55	1	0	15	0
   108671	2021-09-13 08:10:04	1	0	15	0
   108523	2021-09-13 08:10:11	1	0	15	0
    10076	2021-09-13 08:10:51	1	0	15	0
   108515	2021-09-13 08:15:10	1	0	15	0
    10080	2021-09-13 08:17:41	1	0	15	0
    10080	2021-09-13 08:17:44	1	0	15	0
   108611	2021-09-13 08:21:34	1	0	15	0
    10127	2021-09-13 08:31:25	1	0	15	0
   102579	2021-09-13 08:32:22	1	0	15	0
    10063	2021-09-13 09:05:22	1	0	15	0
    10550	2021-09-13 09:27:05	1	0	15	0
   101437	2021-09-13 16:02:07	1	0	15	0
    10372	2021-09-13 16:02:14	1	0	15	0
    10456	2021-09-13 16:02:24	1	0	15	0
   108533	2021-09-13 16:02:32	1	0	15	0
   102542	2021-09-13 16:02:39	1	0	15	0
   108472	2021-09-13 16:03:05	1	0	15	0
    10348	2021-09-13 16:03:21	1	0	15	0
   108538	2021-09-13 16:04:13	1	0	15	0
    10138	2021-09-13 16:06:03	1	0	15	0
   108619	2021-09-13 16:11:11	1	0	15	0
   102544	2021-09-13 16:16:34	1	0	15	0
   108587	2021-09-13 16:18:06	1	0	15	0
   108469	2021-09-13 16:19:56	1	0	15	0
   500001	2021-09-13 16:21:43	1	0	15	0
   108613	2021-09-13 17:00:39	1	0	15	0
   108654	2021-09-13 17:00:50	1	0	15	0
    10065	2021-09-13 17:01:15	1	0	15	0
   108593	2021-09-13 17:01:29	1	0	15	0
    10324	2021-09-13 17:01:39	1	0	15	0
    10324	2021-09-13 17:01:41	1	0	15	0
    10324	2021-09-13 17:01:44	1	0	15	0
   101432	2021-09-13 17:02:10	1	0	15	0
   108549	2021-09-13 17:02:25	1	0	15	0
    10033	2021-09-13 17:02:34	1	0	15	0
    10033	2021-09-13 17:02:35	1	0	15	0
    19980	2021-09-13 17:02:53	1	0	15	0
    10550	2021-09-13 17:03:24	1	0	15	0
    10278	2021-09-13 17:03:37	1	0	15	0
   108617	2021-09-13 17:03:51	1	0	15	0
   108669	2021-09-13 17:04:40	1	0	15	0
   108591	2021-09-13 17:04:53	1	0	15	0
   108611	2021-09-13 17:05:42	1	0	15	0
   108579	2021-09-13 17:06:08	1	0	15	0
   108635	2021-09-13 17:06:17	1	0	15	0
   102524	2021-09-13 17:06:53	1	0	15	0
   108556	2021-09-13 17:07:18	1	0	15	0
    10025	2021-09-13 17:07:28	1	0	15	0
   108489	2021-09-13 17:07:39	1	0	15	0
    10221	2021-09-13 17:07:58	1	0	15	0
    10458	2021-09-13 17:09:48	1	0	15	0
   108585	2021-09-13 17:20:39	1	0	15	0
   108672	2021-09-13 17:25:08	1	0	15	0
   108667	2021-09-13 17:30:48	1	0	15	0
    10032	2021-09-13 17:31:31	1	0	15	0
   102579	2021-09-13 17:59:40	1	0	15	0
   108674	2021-09-13 18:14:41	1	0	15	0
   108568	2021-09-13 18:14:49	1	0	15	0
    10129	2021-09-13 18:18:05	1	0	15	0
   108671	2021-09-13 18:28:50	1	0	15	0
    10076	2021-09-13 18:29:03	1	0	15	0
    10063	2021-09-13 18:30:04	1	0	15	0
    10149	2021-09-13 18:30:34	1	0	15	0
   108666	2021-09-13 20:04:07	1	0	15	0
   108523	2021-09-13 20:09:39	1	0	15	0
   108663	2021-09-13 21:09:31	1	0	15	0
   108598	2021-09-13 21:09:50	1	0	15	0
   108610	2021-09-13 21:09:59	1	0	15	0
    10127	2021-09-13 21:12:33	1	0	15	0
   108662	2021-09-13 21:13:20	1	0	15	0
   108658	2021-09-13 21:13:29	1	0	15	0
    10278	2021-09-14 03:28:53	1	0	15	0
    10278	2021-09-14 03:29:14	1	0	15	0
    10278	2021-09-14 03:29:50	1	0	15	0
   108538	2021-09-14 03:39:03	1	0	15	0
    10456	2021-09-14 05:24:42	1	0	15	0
   101437	2021-09-14 06:08:57	1	0	15	0
    10127	2021-09-14 06:26:54	1	0	15	0
    10159	2021-09-14 06:29:16	1	0	15	0
    10080	2021-09-14 06:34:05	1	0	15	0
    10372	2021-09-14 06:34:48	1	0	15	0
   102526	2021-09-14 06:37:37	1	0	15	0
   108617	2021-09-14 06:41:41	1	0	15	0
   108662	2021-09-14 06:46:13	1	0	15	0
   108556	2021-09-14 06:56:52	1	0	15	0
   108556	2021-09-14 06:56:54	1	0	15	0
   108556	2021-09-14 06:57:24	1	0	15	0
    10214	2021-09-14 06:57:42	1	0	15	0
   108610	2021-09-14 07:05:08	1	0	15	0
   108587	2021-09-14 07:06:11	1	0	15	0
   108587	2021-09-14 07:06:14	1	0	15	0
   108658	2021-09-14 07:07:28	1	0	15	0
   108630	2021-09-14 07:08:19	1	0	15	0
   108533	2021-09-14 07:09:42	1	0	15	0
   108593	2021-09-14 07:16:02	1	0	15	0
   108472	2021-09-14 07:17:03	1	0	15	0
   108585	2021-09-14 07:21:15	1	0	15	0
   108591	2021-09-14 07:23:56	1	0	15	0
    10356	2021-09-14 07:24:26	1	0	15	0
   102542	2021-09-14 07:27:43	1	0	15	0
    10033	2021-09-14 07:29:09	1	0	15	0
   108568	2021-09-14 07:32:31	1	0	15	0
   108523	2021-09-14 07:35:27	1	0	15	0
   108674	2021-09-14 07:39:04	1	0	15	0
    10324	2021-09-14 07:39:40	1	0	15	0
   108669	2021-09-14 07:43:03	1	0	15	0
    10065	2021-09-14 07:43:47	1	0	15	0
   108598	2021-09-14 07:44:15	1	0	15	0
   108667	2021-09-14 07:44:32	1	0	15	0
   108638	2021-09-14 07:46:19	1	0	15	0
    19980	2021-09-14 07:48:23	1	0	15	0
    10284	2021-09-14 07:49:09	1	0	15	0
    10284	2021-09-14 07:49:11	1	0	15	0
   108663	2021-09-14 07:49:38	1	0	15	0
   101432	2021-09-14 07:52:06	1	0	15	0
    10129	2021-09-14 07:53:46	1	0	15	0
    10221	2021-09-14 07:54:00	1	0	15	0
   102544	2021-09-14 07:54:22	1	0	15	0
   108469	2021-09-14 07:54:35	1	0	15	0
   108489	2021-09-14 07:55:16	1	0	15	0
   102524	2021-09-14 07:55:25	1	0	15	0
   108613	2021-09-14 07:55:34	1	0	15	0
   500001	2021-09-14 07:55:43	1	0	15	0
    10348	2021-09-14 07:57:48	1	0	15	0
   108579	2021-09-14 07:58:43	1	0	15	0
   108549	2021-09-14 07:59:36	1	0	15	0
    10550	2021-09-14 08:00:23	1	0	15	0
    10550	2021-09-14 08:00:25	1	0	15	0
    10138	2021-09-14 08:01:49	1	0	15	0
    10032	2021-09-14 08:02:28	1	0	15	0
    10458	2021-09-14 08:04:13	1	0	15	0
   108673	2021-09-14 08:04:57	1	0	15	0
    10149	2021-09-14 08:05:05	1	0	15	0
    10149	2021-09-14 08:05:07	1	0	15	0
    10076	2021-09-14 08:05:12	1	0	15	0
   108671	2021-09-14 08:05:19	1	0	15	0
   102579	2021-09-14 08:05:32	1	0	15	0
   108611	2021-09-14 08:06:09	1	0	15	0
   108672	2021-09-14 08:06:13	1	0	15	0
   108666	2021-09-14 08:07:12	1	0	15	0
   108635	2021-09-14 08:08:26	1	0	15	0
    10063	2021-09-14 08:11:48	1	0	15	0
   108515	2021-09-14 08:51:32	1	0	15	0
    10309	2021-09-14 12:41:27	1	0	15	0
    10456	2021-09-14 16:05:28	1	1	15	0
    10284	2021-09-14 16:05:36	1	1	15	0
   108472	2021-09-14 16:05:47	1	1	15	0
   108469	2021-09-14 16:13:39	1	1	15	0
    10550	2021-09-14 16:38:48	1	1	15	0
   108630	2021-09-14 17:00:50	1	1	15	0
   108654	2021-09-14 17:00:56	1	1	15	0
   108613	2021-09-14 17:01:02	1	1	15	0
   108593	2021-09-14 17:01:08	1	1	15	0
    10324	2021-09-14 17:01:29	1	1	15	0
    10458	2021-09-14 17:01:54	1	1	15	0
   102524	2021-09-14 17:02:14	1	1	15	0
   101437	2021-09-14 17:02:32	1	1	15	0
   102526	2021-09-14 17:02:42	1	1	15	0
    19980	2021-09-14 17:03:04	1	1	15	0
   108533	2021-09-14 17:03:12	1	1	15	0
    10372	2021-09-14 17:03:42	1	1	15	0
   101432	2021-09-14 17:03:52	1	1	15	0
   102542	2021-09-14 17:03:56	1	1	15	0
    10080	2021-09-14 17:04:04	1	1	15	0
   108617	2021-09-14 17:04:13	1	1	15	0
    10033	2021-09-14 17:04:20	1	1	15	0
    10221	2021-09-14 17:04:28	1	1	15	0
   102579	2021-09-14 17:04:42	1	1	15	0
    10065	2021-09-14 17:04:52	1	1	15	0
   108669	2021-09-14 17:05:05	1	1	15	0
   108556	2021-09-14 17:05:17	1	1	15	0
    10309	2021-09-14 17:05:25	1	1	15	0
   108579	2021-09-14 17:05:56	1	1	15	0
   108673	2021-09-14 17:06:03	1	1	15	0
   108673	2021-09-14 17:06:05	1	1	15	0
   108667	2021-09-14 17:06:12	1	1	15	0
   102544	2021-09-14 17:06:23	1	1	15	0
   108611	2021-09-14 17:07:27	1	1	15	0
   108591	2021-09-14 17:07:33	1	1	15	0
    10025	2021-09-14 17:08:13	1	1	15	0
    10025	2021-09-14 17:08:16	1	1	15	0
   108635	2021-09-14 17:08:52	1	1	15	0
   108638	2021-09-14 17:10:03	1	1	15	0
   108568	2021-09-14 17:10:29	1	1	15	0
   500001	2021-09-14 17:11:30	1	1	15	0
   108587	2021-09-14 17:11:46	1	1	15	0
   108587	2021-09-14 17:11:49	1	1	15	0
   108489	2021-09-14 17:17:03	1	1	15	0
   108585	2021-09-14 17:18:38	1	1	15	0
    10032	2021-09-14 17:21:26	1	1	15	0
    10032	2021-09-14 17:21:28	1	1	15	0
   108672	2021-09-14 17:27:12	1	1	15	0
    10159	2021-09-14 17:29:02	1	1	15	0
   108515	2021-09-14 17:40:43	1	1	15	0
   108515	2021-09-14 17:40:45	1	1	15	0
   108538	2021-09-14 18:01:29	1	1	15	0
    10278	2021-09-14 18:02:01	1	1	15	0
    10129	2021-09-14 18:08:41	1	1	15	0
   108674	2021-09-14 18:09:39	1	1	15	0
   108671	2021-09-14 18:12:05	1	1	15	0
    10063	2021-09-14 18:12:58	1	1	15	0
    10076	2021-09-14 18:13:32	1	1	15	0
    10149	2021-09-14 18:15:51	1	1	15	0
    10356	2021-09-14 19:11:55	1	1	15	0
    10214	2021-09-14 19:12:13	1	1	15	0
   108523	2021-09-14 19:44:00	1	1	15	0
    10348	2021-09-14 20:01:33	1	1	15	0
    10138	2021-09-14 20:01:56	1	1	15	0
    10138	2021-09-14 20:01:59	1	1	15	0
   108666	2021-09-14 20:43:35	1	1	15	0
   108666	2021-09-14 20:43:37	1	1	15	0
    10127	2021-09-14 21:05:13	1	1	15	0
   108663	2021-09-14 21:05:23	1	1	15	0
   108598	2021-09-14 21:06:05	1	1	15	0
   108610	2021-09-14 21:06:18	1	1	15	0
   108658	2021-09-14 21:06:31	1	1	15	0
   108662	2021-09-14 21:06:39	1	1	15	0
    10456	2021-09-15 06:03:03	1	0	15	0
   101437	2021-09-15 06:12:13	1	0	15	0
   102526	2021-09-15 06:29:00	1	0	15	0
   108617	2021-09-15 06:32:04	1	0	15	0
   108662	2021-09-15 06:36:08	1	0	15	0
   108658	2021-09-15 06:36:41	1	0	15	0
    10127	2021-09-15 06:40:49	1	0	15	0
    10127	2021-09-15 06:40:52	1	0	15	0
    10080	2021-09-15 06:43:03	1	0	15	0
    10372	2021-09-15 06:45:55	1	0	15	0
   108556	2021-09-15 07:01:26	1	0	15	0
   108587	2021-09-15 07:05:02	1	0	15	0
   108630	2021-09-15 07:07:35	1	0	15	0
   108533	2021-09-15 07:11:59	1	0	15	0
    10214	2021-09-15 07:16:46	1	0	15	0
    10356	2021-09-15 07:17:22	1	0	15	0
    10324	2021-09-15 07:23:39	1	0	15	0
    10324	2021-09-15 07:23:41	1	0	15	0
    10278	2021-09-15 07:24:00	1	0	15	0
   108472	2021-09-15 07:25:01	1	0	15	0
   108593	2021-09-15 07:25:53	1	0	15	0
   108610	2021-09-15 07:28:12	1	0	15	0
   108638	2021-09-15 07:29:23	1	0	15	0
   108523	2021-09-15 07:30:09	1	0	15	0
   108568	2021-09-15 07:31:09	1	0	15	0
    10033	2021-09-15 07:32:29	1	0	15	0
    10159	2021-09-15 07:33:37	1	0	15	0
   108654	2021-09-15 07:34:45	1	0	15	0
   108585	2021-09-15 07:35:10	1	0	15	0
   108613	2021-09-15 07:35:59	1	0	15	0
    10025	2021-09-15 07:40:25	1	0	15	0
   102542	2021-09-15 07:41:02	1	0	15	0
   108667	2021-09-15 07:42:51	1	0	15	0
    10065	2021-09-15 07:43:14	1	0	15	0
    10065	2021-09-15 07:43:16	1	0	15	0
    10065	2021-09-15 07:43:23	1	0	15	0
   108674	2021-09-15 07:44:24	1	0	15	0
   108598	2021-09-15 07:46:00	1	0	15	0
   108469	2021-09-15 07:46:29	1	0	15	0
   108669	2021-09-15 07:46:59	1	0	15	0
   108549	2021-09-15 07:48:05	1	0	15	0
   108673	2021-09-15 07:48:49	1	0	15	0
   108619	2021-09-15 07:50:01	1	0	15	0
    10221	2021-09-15 07:50:40	1	0	15	0
   101432	2021-09-15 07:52:57	1	0	15	0
    10129	2021-09-15 07:53:23	1	0	15	0
    10309	2021-09-15 07:55:40	1	0	15	0
   108579	2021-09-15 07:55:49	1	0	15	0
    10284	2021-09-15 07:56:58	1	0	15	0
   108672	2021-09-15 07:57:10	1	0	15	0
    19980	2021-09-15 07:57:55	1	0	15	0
   108635	2021-09-15 08:00:00	1	0	15	0
    10348	2021-09-15 08:00:50	1	0	15	0
    10032	2021-09-15 08:02:04	1	0	15	0
   108663	2021-09-15 08:02:09	1	0	15	0
    10458	2021-09-15 08:05:19	1	0	15	0
    10138	2021-09-15 08:06:54	1	0	15	0
    10076	2021-09-15 08:07:03	1	0	15	0
    10149	2021-09-15 08:07:11	1	0	15	0
    10149	2021-09-15 08:07:14	1	0	15	0
   108671	2021-09-15 08:07:20	1	0	15	0
   102544	2021-09-15 08:10:15	1	0	15	0
   102544	2021-09-15 08:10:17	1	0	15	0
   108666	2021-09-15 08:11:30	1	0	15	0
   108515	2021-09-15 08:25:48	1	0	15	0
   108611	2021-09-15 08:26:54	1	0	15	0
   500001	2021-09-15 08:35:32	1	0	15	0
   108591	2021-09-15 08:38:40	1	0	15	0
   108489	2021-09-15 10:47:45	1	0	15	0
   102524	2021-09-15 10:48:08	1	0	15	0
   102579	2021-09-15 11:17:19	1	0	15	0
    10456	2021-09-15 16:02:20	1	1	15	0
   108549	2021-09-15 16:02:49	1	1	15	0
   101437	2021-09-15 16:03:40	1	1	15	0
   101437	2021-09-15 16:03:42	1	1	15	0
    10278	2021-09-15 16:03:52	1	1	15	0
    10278	2021-09-15 16:03:54	1	1	15	0
   108472	2021-09-15 16:04:02	1	1	15	0
    10372	2021-09-15 16:08:25	1	1	15	0
    10372	2021-09-15 16:08:28	1	1	15	0
    10138	2021-09-15 16:10:32	1	1	15	0
    10138	2021-09-15 16:10:35	1	1	15	0
    10348	2021-09-15 16:12:48	1	1	15	0
   108469	2021-09-15 16:14:40	1	1	15	0
    10550	2021-09-15 16:30:18	1	1	15	0
   108593	2021-09-15 17:00:26	1	1	15	0
   102544	2021-09-15 17:00:55	1	1	15	0
   108613	2021-09-15 17:01:04	1	1	15	0
   108630	2021-09-15 17:01:11	1	1	15	0
    10324	2021-09-15 17:01:18	1	1	15	0
   108619	2021-09-15 17:01:25	1	1	15	0
    19980	2021-09-15 17:01:48	1	1	15	0
    19980	2021-09-15 17:01:50	1	1	15	0
   102526	2021-09-15 17:01:59	1	1	15	0
   108587	2021-09-15 17:02:08	1	1	15	0
   101432	2021-09-15 17:02:18	1	1	15	0
   108533	2021-09-15 17:02:24	1	1	15	0
    10080	2021-09-15 17:02:31	1	1	15	0
   108489	2021-09-15 17:02:40	1	1	15	0
   108591	2021-09-15 17:02:50	1	1	15	0
   108673	2021-09-15 17:03:02	1	1	15	0
   108579	2021-09-15 17:03:07	1	1	15	0
   108617	2021-09-15 17:03:19	1	1	15	0
   102542	2021-09-15 17:03:26	1	1	15	0
   108556	2021-09-15 17:03:40	1	1	15	0
    10221	2021-09-15 17:03:48	1	1	15	0
   108669	2021-09-15 17:04:05	1	1	15	0
    10458	2021-09-15 17:04:22	1	1	15	0
   108638	2021-09-15 17:04:34	1	1	15	0
    10065	2021-09-15 17:05:41	1	1	15	0
   102524	2021-09-15 17:06:12	1	1	15	0
    10149	2021-09-15 17:06:20	1	1	15	0
    10033	2021-09-15 17:07:08	1	1	15	0
   108635	2021-09-15 17:08:03	1	1	15	0
   500001	2021-09-15 17:08:18	1	1	15	0
   500001	2021-09-15 17:08:20	1	1	15	0
   108611	2021-09-15 17:10:06	1	1	15	0
    10025	2021-09-15 17:12:11	1	1	15	0
   108667	2021-09-15 17:12:47	1	1	15	0
   108585	2021-09-15 17:14:31	1	1	15	0
   108523	2021-09-15 17:17:59	1	1	15	0
   108568	2021-09-15 17:25:47	1	1	15	0
   102579	2021-09-15 17:25:56	1	1	15	0
   108674	2021-09-15 17:26:34	1	1	15	0
    10159	2021-09-15 17:26:43	1	1	15	0
   108671	2021-09-15 17:27:32	1	1	15	0
    10076	2021-09-15 17:28:27	1	1	15	0
    10288	2021-09-15 17:29:53	1	1	15	0
    10288	2021-09-15 17:29:55	1	1	15	0
    10032	2021-09-15 17:31:55	1	1	15	0
   108672	2021-09-15 17:34:49	1	1	15	0
   108515	2021-09-15 17:36:48	1	1	15	0
    10129	2021-09-15 18:13:26	1	1	15	0
    10309	2021-09-15 18:38:13	1	1	15	0
   108663	2021-09-15 20:00:19	1	1	15	0
   108598	2021-09-15 20:00:51	1	1	15	0
   108610	2021-09-15 20:01:00	1	1	15	0
   108610	2021-09-15 20:01:02	1	1	15	0
    10127	2021-09-15 20:01:12	1	1	15	0
   108666	2021-09-15 20:39:03	1	1	15	0
    10214	2021-09-15 21:31:12	1	1	15	0
    10214	2021-09-15 21:31:14	1	1	15	0
    10356	2021-09-15 21:31:23	1	1	15	0
    10284	2021-09-15 21:31:42	1	1	15	0
    10456	2021-09-16 05:47:35	1	0	15	0
   101437	2021-09-16 06:13:51	1	0	15	0
   102526	2021-09-16 06:23:16	1	0	15	0
    10309	2021-09-16 06:26:02	1	0	15	0
   108617	2021-09-16 06:29:30	1	0	15	0
   108556	2021-09-16 06:35:59	1	0	15	0
   108662	2021-09-16 06:43:21	1	0	15	0
    10127	2021-09-16 06:45:15	1	0	15	0
    10372	2021-09-16 06:45:33	1	0	15	0
   108630	2021-09-16 07:01:04	1	0	15	0
   108587	2021-09-16 07:06:19	1	0	15	0
   108658	2021-09-16 07:14:31	1	0	15	0
    10080	2021-09-16 07:16:57	1	0	15	0
    10080	2021-09-16 07:17:00	1	0	15	0
    10214	2021-09-16 07:20:03	1	0	15	0
   108533	2021-09-16 07:20:41	1	0	15	0
    10356	2021-09-16 07:20:54	1	0	15	0
   108593	2021-09-16 07:24:25	1	0	15	0
    10324	2021-09-16 07:25:50	1	0	15	0
    10324	2021-09-16 07:25:52	1	0	15	0
    10076	2021-09-16 07:27:41	1	0	15	0
    10149	2021-09-16 07:27:46	1	0	15	0
   108610	2021-09-16 07:27:54	1	0	15	0
   108671	2021-09-16 07:28:02	1	0	15	0
   108472	2021-09-16 07:29:59	1	0	15	0
    10033	2021-09-16 07:31:57	1	0	15	0
   108638	2021-09-16 07:34:53	1	0	15	0
   108667	2021-09-16 07:38:20	1	0	15	0
    10278	2021-09-16 07:38:29	1	0	15	0
    10129	2021-09-16 07:38:37	1	0	15	0
   102542	2021-09-16 07:39:01	1	0	15	0
   108654	2021-09-16 07:39:07	1	0	15	0
    10025	2021-09-16 07:39:17	1	0	15	0
    10025	2021-09-16 07:39:19	1	0	15	0
   108523	2021-09-16 07:39:28	1	0	15	0
   108585	2021-09-16 07:40:29	1	0	15	0
    10159	2021-09-16 07:41:34	1	0	15	0
    10159	2021-09-16 07:41:37	1	0	15	0
   108591	2021-09-16 07:42:25	1	0	15	0
   108669	2021-09-16 07:43:03	1	0	15	0
   108673	2021-09-16 07:45:49	1	0	15	0
   108673	2021-09-16 07:45:51	1	0	15	0
   108568	2021-09-16 07:45:57	1	0	15	0
    10284	2021-09-16 07:46:43	1	0	15	0
    10221	2021-09-16 07:47:06	1	0	15	0
   108538	2021-09-16 07:47:51	1	0	15	0
    10065	2021-09-16 07:48:04	1	0	15	0
    10065	2021-09-16 07:48:07	1	0	15	0
    10065	2021-09-16 07:48:15	1	0	15	0
   108674	2021-09-16 07:48:35	1	0	15	0
   108619	2021-09-16 07:51:26	1	0	15	0
   108579	2021-09-16 07:52:27	1	0	15	0
   101432	2021-09-16 07:53:09	1	0	15	0
    19980	2021-09-16 07:53:23	1	0	15	0
    19980	2021-09-16 07:53:26	1	0	15	0
   108469	2021-09-16 07:54:42	1	0	15	0
   500001	2021-09-16 07:55:37	1	0	15	0
   108489	2021-09-16 07:56:39	1	0	15	0
   102524	2021-09-16 07:56:48	1	0	15	0
   108663	2021-09-16 07:59:26	1	0	15	0
    10138	2021-09-16 07:59:35	1	0	15	0
    10138	2021-09-16 07:59:38	1	0	15	0
   108549	2021-09-16 07:59:58	1	0	15	0
   108635	2021-09-16 08:00:23	1	0	15	0
    10348	2021-09-16 08:01:14	1	0	15	0
   108598	2021-09-16 08:01:46	1	0	15	0
    10032	2021-09-16 08:02:52	1	0	15	0
   108613	2021-09-16 08:03:57	1	0	15	0
   108666	2021-09-16 08:06:51	1	0	15	0
   108611	2021-09-16 08:12:48	1	0	15	0
    10063	2021-09-16 08:13:45	1	0	15	0
   102544	2021-09-16 08:19:38	1	0	15	0
    10550	2021-09-16 08:30:39	1	0	15	0
   102579	2021-09-16 08:36:56	1	0	15	0
   108515	2021-09-16 09:37:09	1	0	15	0
    10127	2021-09-16 12:56:18	1	0	15	0
    10127	2021-09-16 13:48:45	1	0	15	0
   108593	2021-09-16 16:00:48	1	0	15	0
   108538	2021-09-16 16:01:11	1	0	15	0
   108472	2021-09-16 16:01:36	1	1	15	0
   101437	2021-09-16 16:01:42	1	1	15	0
    10456	2021-09-16 16:02:35	1	1	15	0
   108549	2021-09-16 16:02:46	1	1	15	0
    10278	2021-09-16 16:09:27	1	1	15	0
    10284	2021-09-16 16:09:38	1	1	15	0
    10138	2021-09-16 16:11:11	1	1	15	0
    10356	2021-09-16 16:13:04	1	1	15	0
    10214	2021-09-16 16:13:12	1	1	15	0
   102544	2021-09-16 16:23:08	1	1	15	0
   108613	2021-09-16 17:01:01	1	1	15	0
   108630	2021-09-16 17:01:11	1	1	15	0
    10324	2021-09-16 17:01:21	1	1	15	0
    10080	2021-09-16 17:01:31	1	1	15	0
   108619	2021-09-16 17:01:41	1	1	15	0
   101432	2021-09-16 17:02:02	1	1	15	0
    10372	2021-09-16 17:02:10	1	1	15	0
   102524	2021-09-16 17:02:18	1	1	15	0
   108533	2021-09-16 17:02:28	1	1	15	0
    10221	2021-09-16 17:02:37	1	1	15	0
    19980	2021-09-16 17:02:48	1	1	15	0
   108638	2021-09-16 17:02:54	1	1	15	0
   108489	2021-09-16 17:03:02	1	1	15	0
   108617	2021-09-16 17:03:16	1	1	15	0
    10550	2021-09-16 17:03:27	1	1	15	0
   108671	2021-09-16 17:03:32	1	1	15	0
   108568	2021-09-16 17:03:38	1	1	15	0
   108674	2021-09-16 17:04:08	1	1	15	0
    10076	2021-09-16 17:04:17	1	1	15	0
   108669	2021-09-16 17:04:34	1	1	15	0
   102542	2021-09-16 17:04:47	1	1	15	0
   108556	2021-09-16 17:05:02	1	1	15	0
    10033	2021-09-16 17:05:16	1	1	15	0
    10149	2021-09-16 17:05:46	1	1	15	0
    10063	2021-09-16 17:06:18	1	1	15	0
   108579	2021-09-16 17:08:09	1	1	15	0
    10025	2021-09-16 17:09:05	1	1	15	0
   108611	2021-09-16 17:09:17	1	1	15	0
   500001	2021-09-16 17:11:38	1	1	15	0
   108635	2021-09-16 17:12:14	1	1	15	0
   108673	2021-09-16 17:12:28	1	1	15	0
   108591	2021-09-16 17:13:02	1	1	15	0
   108667	2021-09-16 17:13:25	1	1	15	0
   108662	2021-09-16 17:13:37	1	1	15	0
    10159	2021-09-16 17:14:25	1	1	15	0
   108658	2021-09-16 17:15:44	1	1	15	0
   108515	2021-09-16 17:16:49	1	1	15	0
    10032	2021-09-16 17:18:41	1	1	15	0
   108585	2021-09-16 17:22:19	1	1	15	0
    10129	2021-09-16 18:06:02	1	1	15	0
   108523	2021-09-16 18:08:43	1	1	15	0
   108469	2021-09-16 18:31:14	1	1	15	0
   102579	2021-09-16 19:25:09	1	1	15	0
    10127	2021-09-16 20:05:33	1	1	15	0
   108610	2021-09-16 20:05:43	1	1	15	0
   108663	2021-09-16 20:05:48	1	1	15	0
   108598	2021-09-16 20:06:32	1	1	15	0
   108666	2021-09-16 20:08:23	1	1	15	0
    10456	2021-09-17 05:53:11	1	0	15	0
   108593	2021-09-17 06:24:51	1	0	15	0
    10127	2021-09-17 06:27:15	1	0	15	0
   108469	2021-09-17 06:29:34	1	0	15	0
   108617	2021-09-17 06:43:53	1	0	15	0
   108662	2021-09-17 06:49:21	1	0	15	0
    10372	2021-09-17 06:57:10	1	0	15	0
   102544	2021-09-17 07:00:07	1	0	15	0
    10324	2021-09-17 07:00:57	1	0	15	0
    10324	2021-09-17 07:00:59	1	0	15	0
   108630	2021-09-17 07:07:12	1	0	15	0
    10214	2021-09-17 07:13:14	1	0	15	0
    10356	2021-09-17 07:13:46	1	0	15	0
   108538	2021-09-17 07:17:39	1	0	15	0
    10080	2021-09-17 07:20:10	1	0	15	0
   108472	2021-09-17 07:24:07	1	0	15	0
   108523	2021-09-17 07:25:41	1	0	15	0
    10159	2021-09-17 07:29:04	1	0	15	0
   108654	2021-09-17 07:30:45	1	0	15	0
    10033	2021-09-17 07:32:01	1	0	15	0
    10033	2021-09-17 07:32:04	1	0	15	0
    10278	2021-09-17 07:33:06	1	0	15	0
    10025	2021-09-17 07:34:08	1	0	15	0
    10025	2021-09-17 07:34:11	1	0	15	0
   108556	2021-09-17 07:34:55	1	0	15	0
   108585	2021-09-17 07:35:06	1	0	15	0
   102542	2021-09-17 07:35:29	1	0	15	0
    10063	2021-09-17 07:38:56	1	0	15	0
   108610	2021-09-17 07:39:06	1	0	15	0
   108671	2021-09-17 07:39:39	1	0	15	0
    10550	2021-09-17 07:39:45	1	0	15	0
    10076	2021-09-17 07:39:59	1	0	15	0
    10288	2021-09-17 07:40:11	1	0	15	0
    10288	2021-09-17 07:40:14	1	0	15	0
   108568	2021-09-17 07:40:35	1	0	15	0
   108674	2021-09-17 07:41:50	1	0	15	0
   101432	2021-09-17 07:42:57	1	0	15	0
   108667	2021-09-17 07:43:07	1	0	15	0
   108669	2021-09-17 07:43:30	1	0	15	0
   108638	2021-09-17 07:44:02	1	0	15	0
   108673	2021-09-17 07:44:17	1	0	15	0
   108489	2021-09-17 07:46:13	1	0	15	0
   102524	2021-09-17 07:46:24	1	0	15	0
    10065	2021-09-17 07:47:07	1	0	15	0
    10065	2021-09-17 07:47:10	1	0	15	0
   108619	2021-09-17 07:48:25	1	0	15	0
   108549	2021-09-17 07:49:11	1	0	15	0
    10221	2021-09-17 07:49:49	1	0	15	0
    10129	2021-09-17 07:53:55	1	0	15	0
   108663	2021-09-17 07:54:46	1	0	15	0
   108613	2021-09-17 07:55:43	1	0	15	0
    19980	2021-09-17 07:57:03	1	0	15	0
   108579	2021-09-17 07:57:12	1	0	15	0
   108598	2021-09-17 07:58:08	1	0	15	0
   108672	2021-09-17 07:59:45	1	0	15	0
   108658	2021-09-17 08:00:38	1	0	15	0
   108666	2021-09-17 08:03:21	1	0	15	0
    10138	2021-09-17 08:04:41	1	0	15	0
    10032	2021-09-17 08:05:00	1	0	15	0
   108635	2021-09-17 08:11:44	1	0	15	0
    10348	2021-09-17 08:14:30	1	0	15	0
   108611	2021-09-17 08:18:53	1	0	15	0
   500001	2021-09-17 08:26:05	1	0	15	0
   500001	2021-09-17 08:26:06	1	0	15	0
    10149	2021-09-17 08:47:48	1	0	15	0
    10149	2021-09-17 08:47:51	1	0	15	0
   108591	2021-09-17 08:50:59	1	0	15	0
   102579	2021-09-17 08:57:20	1	0	15	0
   108515	2021-09-17 09:22:07	1	0	15	0
    10127	2021-09-17 12:41:29	1	0	15	0
    10127	2021-09-17 13:01:41	1	0	15	0
   108593	2021-09-17 16:02:03	1	1	15	0
   108472	2021-09-17 16:03:08	1	1	15	0
    10356	2021-09-17 16:05:58	1	1	15	0
    10456	2021-09-17 16:06:06	1	1	15	0
    10214	2021-09-17 16:06:14	1	1	15	0
   108538	2021-09-17 16:06:54	1	1	15	0
   102544	2021-09-17 16:16:43	1	1	15	0
   108613	2021-09-17 17:00:43	1	1	15	0
   108630	2021-09-17 17:01:07	1	1	15	0
    10324	2021-09-17 17:01:29	1	1	15	0
   108619	2021-09-17 17:01:40	1	1	15	0
   101432	2021-09-17 17:02:06	1	1	15	0
   108617	2021-09-17 17:02:18	1	1	15	0
   102524	2021-09-17 17:02:34	1	1	15	0
   108489	2021-09-17 17:02:50	1	1	15	0
    10033	2021-09-17 17:03:01	1	1	15	0
    10080	2021-09-17 17:03:14	1	1	15	0
    10372	2021-09-17 17:03:33	1	1	15	0
    19980	2021-09-17 17:03:46	1	1	15	0
    10033	2021-09-17 17:04:43	1	1	15	0
   108635	2021-09-17 17:05:27	1	1	15	0
   108671	2021-09-17 17:06:15	1	1	15	0
   108667	2021-09-17 17:06:24	1	1	15	0
    10065	2021-09-17 17:06:41	1	1	15	0
   108591	2021-09-17 17:06:58	1	1	15	0
    10025	2021-09-17 17:07:18	1	1	15	0
   108669	2021-09-17 17:07:25	1	1	15	0
   108611	2021-09-17 17:07:45	1	1	15	0
   108672	2021-09-17 17:08:00	1	1	15	0
   108556	2021-09-17 17:10:08	1	1	15	0
   500001	2021-09-17 17:10:45	1	1	15	0
   102579	2021-09-17 17:10:53	1	1	15	0
    10221	2021-09-17 17:11:38	1	1	15	0
    10127	2021-09-17 17:12:57	1	1	15	0
   108673	2021-09-17 17:13:17	1	1	15	0
    10159	2021-09-17 17:13:27	1	1	15	0
   102542	2021-09-17 17:13:40	1	1	15	0
   108591	2021-09-17 17:14:12	1	1	15	0
   108469	2021-09-17 17:14:18	1	1	15	0
   108638	2021-09-17 17:19:26	1	1	15	0
    10278	2021-09-17 17:19:45	1	1	15	0
    10550	2021-09-17 17:22:55	1	1	15	0
   108666	2021-09-17 17:26:39	1	1	15	0
    10032	2021-09-17 17:30:24	1	1	15	0
   102544	2021-09-17 17:45:39	1	1	15	0
   102544	2021-09-17 17:45:42	1	1	15	0
   108593	2021-09-17 17:51:05	1	1	15	0
   108585	2021-09-17 17:53:56	1	1	15	0
   108568	2021-09-17 18:06:11	1	1	15	0
   108579	2021-09-17 18:17:19	1	1	15	0
    10129	2021-09-17 18:18:31	1	1	15	0
   108515	2021-09-17 18:19:34	1	1	15	0
    10076	2021-09-17 18:36:44	1	1	15	0
    10063	2021-09-17 18:37:00	1	1	15	0
    10149	2021-09-17 18:37:41	1	1	15	0
   108674	2021-09-17 18:38:24	1	1	15	0
   108662	2021-09-17 18:39:44	1	1	15	0
   108549	2021-09-17 19:12:39	1	1	15	0
    10348	2021-09-17 19:18:40	1	1	15	0
    10348	2021-09-17 19:18:42	1	1	15	0
    10138	2021-09-17 19:22:23	1	1	15	0
    10138	2021-09-17 19:22:26	1	1	15	0
   108610	2021-09-17 19:35:44	1	1	15	0
    10309	2021-09-17 19:43:47	1	1	15	0
    10309	2021-09-17 19:43:49	1	1	15	0
   108658	2021-09-17 20:10:32	1	1	15	0
   108663	2021-09-17 20:10:39	1	1	15	0
   108523	2021-09-17 20:35:11	1	1	15	0
   108598	2021-09-17 20:36:30	1	1	15	0
   108593	2021-09-17 22:00:07	1	1	15	0
   102544	2021-09-17 22:00:37	1	1	15	0
   102544	2021-09-17 22:00:40	1	1	15	0
   101437	2021-09-18 06:10:52	1	0	15	0
   102526	2021-09-18 06:20:14	1	0	15	0
   108662	2021-09-18 06:25:05	1	0	15	0
   108662	2021-09-18 06:25:08	1	0	15	0
    10127	2021-09-18 06:32:23	1	0	15	0
   108658	2021-09-18 06:48:03	1	0	15	0
   108472	2021-09-18 06:50:32	1	0	15	0
    10372	2021-09-18 06:54:57	1	0	15	0
   108538	2021-09-18 06:55:08	1	0	15	0
   108587	2021-09-18 07:03:55	1	0	15	0
    10324	2021-09-18 07:07:33	1	0	15	0
    10324	2021-09-18 07:07:36	1	0	15	0
   108593	2021-09-18 07:22:23	1	0	15	0
    10080	2021-09-18 07:29:03	1	0	15	0
   108549	2021-09-18 07:32:01	1	0	15	0
   108523	2021-09-18 07:39:06	1	0	15	0
   108610	2021-09-18 07:42:42	1	0	15	0
   108673	2021-09-18 07:46:35	1	0	15	0
   108667	2021-09-18 07:48:07	1	0	15	0
   108671	2021-09-18 07:48:14	1	0	15	0
    10033	2021-09-18 07:48:25	1	0	15	0
    10033	2021-09-18 07:48:27	1	0	15	0
    10129	2021-09-18 07:50:39	1	0	15	0
   101432	2021-09-18 07:52:13	1	0	15	0
   108672	2021-09-18 08:01:47	1	0	15	0
   108611	2021-09-18 08:02:56	1	0	15	0
   108598	2021-09-18 08:04:50	1	0	15	0
    10138	2021-09-18 08:09:06	1	0	15	0
    10032	2021-09-18 08:09:37	1	0	15	0
    10076	2021-09-18 08:35:44	1	0	15	0
    10076	2021-09-18 08:35:47	1	0	15	0
   108591	2021-09-18 08:37:48	1	0	15	0
   108619	2021-09-18 08:40:43	1	0	15	0
   102579	2021-09-18 08:44:43	1	0	15	0
   108663	2021-09-18 12:01:13	1	0	15	0
   102526	2021-09-18 12:39:25	1	0	15	0
   102526	2021-09-18 12:39:41	1	1	15	0
   108587	2021-09-18 12:40:15	1	1	15	0
   108587	2021-09-18 12:40:17	1	1	15	0
    10138	2021-09-18 13:58:19	1	1	15	0
   108538	2021-09-18 15:04:55	1	1	15	0
   108472	2021-09-18 15:05:56	1	1	15	0
    10033	2021-09-18 15:39:42	1	1	15	0
   108619	2021-09-18 16:02:18	1	1	15	0
   108549	2021-09-18 16:02:23	1	1	15	0
    10032	2021-09-18 16:30:17	1	1	15	0
    10032	2021-09-18 16:30:19	1	1	15	0
   101432	2021-09-18 17:00:24	1	1	15	0
    10324	2021-09-18 17:00:31	1	1	15	0
   101437	2021-09-18 17:00:41	1	1	15	0
    10080	2021-09-18 17:00:58	1	1	15	0
   108591	2021-09-18 17:02:32	1	1	15	0
   108591	2021-09-18 17:02:34	1	1	15	0
   108671	2021-09-18 17:02:42	1	1	15	0
   108667	2021-09-18 17:02:50	1	1	15	0
    10076	2021-09-18 17:03:01	1	1	15	0
   108673	2021-09-18 17:03:06	1	1	15	0
   108673	2021-09-18 17:03:09	1	1	15	0
   108611	2021-09-18 17:04:57	1	1	15	0
   108593	2021-09-18 17:09:54	1	1	15	0
    10372	2021-09-18 17:10:54	1	1	15	0
   108610	2021-09-18 17:11:32	1	1	15	0
   108610	2021-09-18 17:11:34	1	1	15	0
   108598	2021-09-18 17:11:41	1	1	15	0
   108663	2021-09-18 17:11:51	1	1	15	0
   102542	2021-09-18 17:12:21	1	1	15	0
   102542	2021-09-18 17:12:29	1	1	15	0
   108672	2021-09-18 17:21:34	1	1	15	0
   102579	2021-09-18 17:33:43	1	1	15	0
   108523	2021-09-18 18:09:27	1	1	15	0
    10129	2021-09-18 18:15:27	1	1	15	0
    10127	2021-09-18 18:17:45	1	1	15	0
   108658	2021-09-18 19:06:26	1	1	15	0
   108662	2021-09-18 19:06:35	1	1	15	0
   108472	2021-09-19 06:43:31	1	1	15	0
   108538	2021-09-19 06:51:03	1	0	15	0
    10033	2021-09-19 09:19:15	1	0	15	0
    10033	2021-09-19 09:19:17	1	0	15	0
    10033	2021-09-19 09:35:54	1	0	15	0
   108538	2021-09-19 11:01:28	1	1	15	0
   108472	2021-09-19 11:04:18	1	1	15	0
   101437	2021-09-20 06:12:45	1	1	15	0
    10456	2021-09-20 06:13:43	1	0	15	0
   101437	2021-09-20 06:14:04	1	0	15	0
   101437	2021-09-20 06:14:06	1	0	15	0
    10324	2021-09-20 06:26:45	1	0	15	0
    10159	2021-09-20 06:31:31	1	0	15	0
   108617	2021-09-20 06:39:15	1	0	15	0
   108658	2021-09-20 06:40:26	1	0	15	0
    10372	2021-09-20 06:42:13	1	0	15	0
   108662	2021-09-20 06:58:57	1	0	15	0
    10080	2021-09-20 06:59:15	1	0	15	0
   108556	2021-09-20 07:02:39	1	0	15	0
    10214	2021-09-20 07:08:55	1	0	15	0
   108587	2021-09-20 07:11:23	1	0	15	0
    10356	2021-09-20 07:20:53	1	0	15	0
   108533	2021-09-20 07:25:53	1	0	15	0
   108593	2021-09-20 07:31:18	1	0	15	0
   102542	2021-09-20 07:33:55	1	0	15	0
   108523	2021-09-20 07:34:35	1	0	15	0
   108654	2021-09-20 07:38:18	1	0	15	0
   108472	2021-09-20 07:39:06	1	0	15	0
    10025	2021-09-20 07:40:22	1	0	15	0
   101432	2021-09-20 07:43:44	1	0	15	0
    10033	2021-09-20 07:43:51	1	0	15	0
   108585	2021-09-20 07:44:39	1	0	15	0
   108669	2021-09-20 07:45:18	1	0	15	0
   108667	2021-09-20 07:45:30	1	0	15	0
    10278	2021-09-20 07:46:11	1	0	15	0
   108538	2021-09-20 07:47:23	1	0	15	0
   108674	2021-09-20 07:48:53	1	0	15	0
   108619	2021-09-20 07:52:25	1	0	15	0
   108469	2021-09-20 07:55:34	1	0	15	0
   108672	2021-09-20 07:56:07	1	0	15	0
   108672	2021-09-20 07:56:09	1	0	15	0
    10221	2021-09-20 07:58:34	1	0	15	0
    10065	2021-09-20 07:58:43	1	0	15	0
   108638	2021-09-20 07:58:53	1	0	15	0
    10129	2021-09-20 07:59:05	1	0	15	0
    19980	2021-09-20 08:00:38	1	0	15	0
    19980	2021-09-20 08:00:41	1	0	15	0
    10284	2021-09-20 08:01:20	1	0	15	0
   108579	2021-09-20 08:02:24	1	0	15	0
   108663	2021-09-20 08:02:34	1	0	15	0
   108568	2021-09-20 08:05:44	1	0	15	0
   102524	2021-09-20 08:06:22	1	0	15	0
   108666	2021-09-20 08:06:40	1	0	15	0
   108549	2021-09-20 08:07:32	1	0	15	0
   500001	2021-09-20 08:07:57	1	0	15	0
    10138	2021-09-20 08:08:36	1	0	15	0
   108613	2021-09-20 08:14:37	1	0	15	0
   108598	2021-09-20 08:14:53	1	0	15	0
   108611	2021-09-20 08:15:55	1	0	15	0
   108635	2021-09-20 08:20:29	1	0	15	0
    10063	2021-09-20 08:32:49	1	0	15	0
    10149	2021-09-20 08:32:58	1	0	15	0
   108610	2021-09-20 08:33:03	1	0	15	0
   108489	2021-09-20 08:33:18	1	0	15	0
   108671	2021-09-20 08:33:25	1	0	15	0
    10076	2021-09-20 08:33:31	1	0	15	0
   102579	2021-09-20 08:39:02	1	0	15	0
   108591	2021-09-20 08:39:12	1	0	15	0
    10032	2021-09-20 08:53:27	1	0	15	0
   102544	2021-09-20 09:39:58	1	0	15	0
   101437	2021-09-20 16:00:13	1	0	15	0
    10324	2021-09-20 16:00:23	1	0	15	0
    10324	2021-09-20 16:00:25	1	0	15	0
   108472	2021-09-20 16:00:36	1	0	15	0
   108538	2021-09-20 16:00:42	1	0	15	0
    10284	2021-09-20 16:01:06	1	1	15	0
    10372	2021-09-20 16:01:16	1	1	15	0
   108549	2021-09-20 16:01:22	1	1	15	0
    10138	2021-09-20 16:04:25	1	1	15	0
   108587	2021-09-20 16:09:38	1	1	15	0
   108587	2021-09-20 16:09:40	1	1	15	0
   102544	2021-09-20 16:12:22	1	1	15	0
   108613	2021-09-20 17:00:12	1	1	15	0
   108593	2021-09-20 17:00:17	1	1	15	0
    10080	2021-09-20 17:00:26	1	1	15	0
    10550	2021-09-20 17:00:42	1	1	15	0
   101432	2021-09-20 17:00:51	1	1	15	0
   101451	2021-09-20 17:00:58	1	1	15	0
   108579	2021-09-20 17:01:06	1	1	15	0
    10214	2021-09-20 17:01:20	1	1	15	0
   108568	2021-09-20 17:01:29	1	1	15	0
    19980	2021-09-20 17:01:39	1	1	15	0
   108533	2021-09-20 17:01:48	1	1	15	0
   108617	2021-09-20 17:01:58	1	1	15	0
   500001	2021-09-20 17:02:12	1	1	15	0
   108638	2021-09-20 17:02:21	1	1	15	0
    10221	2021-09-20 17:02:33	1	1	15	0
   108672	2021-09-20 17:02:40	1	1	15	0
    10033	2021-09-20 17:02:50	1	1	15	0
   108619	2021-09-20 17:02:58	1	1	15	0
   108469	2021-09-20 17:03:07	1	1	15	0
    10356	2021-09-20 17:03:16	1	1	15	0
   108611	2021-09-20 17:03:41	1	1	15	0
   108669	2021-09-20 17:03:51	1	1	15	0
    10025	2021-09-20 17:04:35	1	1	15	0
   108591	2021-09-20 17:05:05	1	1	15	0
   102524	2021-09-20 17:07:40	1	1	15	0
   108489	2021-09-20 17:07:53	1	1	15	0
   102579	2021-09-20 17:08:31	1	1	15	0
    10065	2021-09-20 17:09:52	1	1	15	0
    10159	2021-09-20 17:11:08	1	1	15	0
   108585	2021-09-20 17:15:04	1	1	15	0
   102542	2021-09-20 17:16:37	1	1	15	0
   108635	2021-09-20 17:16:50	1	1	15	0
   108556	2021-09-20 17:22:45	1	1	15	0
    10032	2021-09-20 17:29:08	1	1	15	0
   108674	2021-09-20 17:59:48	1	1	15	0
    10278	2021-09-20 18:01:12	1	1	15	0
    10456	2021-09-20 18:01:30	1	1	15	0
   108610	2021-09-20 18:01:43	1	1	15	0
   108671	2021-09-20 18:01:49	1	1	15	0
    10076	2021-09-20 18:02:01	1	1	15	0
    10063	2021-09-20 18:02:39	1	1	15	0
    10149	2021-09-20 18:06:34	1	1	15	0
    10129	2021-09-20 18:08:47	1	1	15	0
   108523	2021-09-20 18:19:49	1	1	15	0
   108667	2021-09-20 18:19:56	1	1	15	0
   108662	2021-09-20 18:20:03	1	1	15	0
   108666	2021-09-20 19:16:54	1	1	15	0
   108663	2021-09-20 19:31:14	1	1	15	0
   108658	2021-09-20 20:58:50	1	1	15	0
   108658	2021-09-20 21:00:07	1	1	15	0
   108598	2021-09-20 21:00:39	1	1	15	0
    10456	2021-09-21 04:31:29	1	0	15	0
    10278	2021-09-21 04:45:34	1	0	15	0
   101437	2021-09-21 06:11:51	1	0	15	0
   108617	2021-09-21 06:47:34	1	0	15	0
   108556	2021-09-21 06:49:49	1	0	15	0
   108658	2021-09-21 06:55:46	1	0	15	0
    10324	2021-09-21 07:00:29	1	0	15	0
    10324	2021-09-21 07:00:32	1	0	15	0
   108630	2021-09-21 07:03:19	1	0	15	0
   108533	2021-09-21 07:08:54	1	0	15	0
   108587	2021-09-21 07:09:32	1	0	15	0
   101451	2021-09-21 07:10:32	1	0	15	0
    10080	2021-09-21 07:10:48	1	0	15	0
   108593	2021-09-21 07:13:16	1	0	15	0
   108472	2021-09-21 07:15:26	1	0	15	0
    10356	2021-09-21 07:23:53	1	0	15	0
    10214	2021-09-21 07:24:53	1	0	15	0
   108523	2021-09-21 07:26:23	1	0	15	0
   108638	2021-09-21 07:29:38	1	0	15	0
    10372	2021-09-21 07:31:00	1	0	15	0
    10372	2021-09-21 07:31:02	1	0	15	0
    10159	2021-09-21 07:32:29	1	0	15	0
    10025	2021-09-21 07:37:37	1	0	15	0
   108654	2021-09-21 07:37:43	1	0	15	0
    10033	2021-09-21 07:38:32	1	0	15	0
   108613	2021-09-21 07:39:13	1	0	15	0
   108674	2021-09-21 07:40:01	1	0	15	0
   108568	2021-09-21 07:40:15	1	0	15	0
    10284	2021-09-21 07:41:15	1	0	15	0
   108662	2021-09-21 07:41:26	1	0	15	0
   108669	2021-09-21 07:42:19	1	0	15	0
   108585	2021-09-21 07:42:29	1	0	15	0
   108549	2021-09-21 07:44:06	1	0	15	0
   108667	2021-09-21 07:45:40	1	0	15	0
    10221	2021-09-21 07:46:53	1	0	15	0
   108610	2021-09-21 07:47:18	1	0	15	0
    10129	2021-09-21 07:47:43	1	0	15	0
   102542	2021-09-21 07:48:15	1	0	15	0
   108598	2021-09-21 07:49:09	1	0	15	0
   108538	2021-09-21 07:49:20	1	0	15	0
   108591	2021-09-21 07:49:54	1	0	15	0
   108469	2021-09-21 07:50:19	1	0	15	0
   102544	2021-09-21 07:52:09	1	0	15	0
   101432	2021-09-21 07:52:16	1	0	15	0
    19980	2021-09-21 07:53:54	1	0	15	0
   108663	2021-09-21 07:54:01	1	0	15	0
    10065	2021-09-21 07:55:08	1	0	15	0
   108619	2021-09-21 07:55:17	1	0	15	0
   108489	2021-09-21 07:55:27	1	0	15	0
   102524	2021-09-21 07:55:46	1	0	15	0
   108635	2021-09-21 07:59:28	1	0	15	0
   108579	2021-09-21 07:59:44	1	0	15	0
   108666	2021-09-21 08:00:03	1	0	15	0
    10063	2021-09-21 08:00:43	1	0	15	0
   108673	2021-09-21 08:00:54	1	0	15	0
   108671	2021-09-21 08:01:08	1	0	15	0
    10076	2021-09-21 08:01:19	1	0	15	0
    10138	2021-09-21 08:01:26	1	0	15	0
    10348	2021-09-21 08:01:37	1	0	15	0
    10032	2021-09-21 08:02:15	1	0	15	0
   108672	2021-09-21 08:02:23	1	0	15	0
   108672	2021-09-21 08:02:25	1	0	15	0
   500001	2021-09-21 08:12:49	1	0	15	0
   108611	2021-09-21 08:16:56	1	0	15	0
    10127	2021-09-21 08:24:25	1	0	15	0
    10550	2021-09-21 08:29:16	1	0	15	0
   102579	2021-09-21 08:38:14	1	0	15	0
    10278	2021-09-21 14:05:05	1	0	15	0
    10456	2021-09-21 14:06:20	1	0	15	0
   108472	2021-09-21 16:02:55	1	0	15	0
   108472	2021-09-21 16:03:21	1	1	15	0
   108538	2021-09-21 16:03:40	1	1	15	0
    10356	2021-09-21 16:05:22	1	1	15	0
    10214	2021-09-21 16:05:32	1	1	15	0
   108587	2021-09-21 16:06:48	1	1	15	0
   108587	2021-09-21 16:06:51	1	1	15	0
   102544	2021-09-21 16:12:56	1	1	15	0
    10284	2021-09-21 16:20:07	1	1	15	0
   108469	2021-09-21 16:32:46	1	1	15	0
   108593	2021-09-21 17:00:12	1	1	15	0
   108654	2021-09-21 17:00:20	1	1	15	0
   108613	2021-09-21 17:00:56	1	1	15	0
    10324	2021-09-21 17:01:02	1	1	15	0
    10324	2021-09-21 17:01:04	1	1	15	0
   108579	2021-09-21 17:01:10	1	1	15	0
   500001	2021-09-21 17:01:20	1	1	15	0
   108630	2021-09-21 17:01:27	1	1	15	0
   108630	2021-09-21 17:01:29	1	1	15	0
    10550	2021-09-21 17:01:36	1	1	15	0
    10080	2021-09-21 17:01:45	1	1	15	0
   101432	2021-09-21 17:01:55	1	1	15	0
   101451	2021-09-21 17:02:00	1	1	15	0
    10372	2021-09-21 17:02:12	1	1	15	0
   101437	2021-09-21 17:02:21	1	1	15	0
   102524	2021-09-21 17:02:34	1	1	15	0
   108533	2021-09-21 17:02:40	1	1	15	0
    10221	2021-09-21 17:02:53	1	1	15	0
   108617	2021-09-21 17:03:04	1	1	15	0
   108674	2021-09-21 17:03:23	1	1	15	0
   108489	2021-09-21 17:03:38	1	1	15	0
    10065	2021-09-21 17:03:46	1	1	15	0
   108611	2021-09-21 17:04:00	1	1	15	0
   108611	2021-09-21 17:04:02	1	1	15	0
   108669	2021-09-21 17:04:23	1	1	15	0
   108638	2021-09-21 17:04:36	1	1	15	0
    19980	2021-09-21 17:04:59	1	1	15	0
   108556	2021-09-21 17:05:27	1	1	15	0
    10025	2021-09-21 17:05:46	1	1	15	0
   108591	2021-09-21 17:06:23	1	1	15	0
   108591	2021-09-21 17:06:25	1	1	15	0
    10033	2021-09-21 17:08:17	1	1	15	0
   108549	2021-09-21 17:09:56	1	1	15	0
   108635	2021-09-21 17:10:32	1	1	15	0
   108673	2021-09-21 17:10:41	1	1	15	0
   108673	2021-09-21 17:10:43	1	1	15	0
   108619	2021-09-21 17:10:51	1	1	15	0
   108585	2021-09-21 17:11:39	1	1	15	0
   108667	2021-09-21 17:22:04	1	1	15	0
    10032	2021-09-21 17:24:23	1	1	15	0
    10138	2021-09-21 17:25:10	1	1	15	0
   108610	2021-09-21 17:25:41	1	1	15	0
   108671	2021-09-21 17:26:18	1	1	15	0
    10063	2021-09-21 17:26:49	1	1	15	0
    10076	2021-09-21 17:27:15	1	1	15	0
   108568	2021-09-21 17:27:46	1	1	15	0
   102579	2021-09-21 17:28:59	1	1	15	0
   102542	2021-09-21 17:35:19	1	1	15	0
   108672	2021-09-21 17:40:02	1	1	15	0
   108523	2021-09-21 18:06:43	1	1	15	0
   108663	2021-09-21 18:11:40	1	1	15	0
   108658	2021-09-21 18:11:48	1	1	15	0
    10129	2021-09-21 18:38:29	1	1	15	0
   108598	2021-09-21 20:31:07	1	1	15	0
    10127	2021-09-21 20:31:27	1	1	15	0
   108662	2021-09-21 20:31:38	1	1	15	0
   108662	2021-09-21 20:31:40	1	1	15	0
   108666	2021-09-21 21:38:37	1	1	15	0
    10456	2021-09-22 05:09:35	1	0	15	0
    10214	2021-09-22 05:40:22	1	0	15	0
    10356	2021-09-22 05:42:14	1	0	15	0
   108538	2021-09-22 05:49:31	1	0	15	0
   102526	2021-09-22 06:23:14	1	0	15	0
   101437	2021-09-22 06:28:47	1	0	15	0
   101437	2021-09-22 06:28:49	1	0	15	0
   108617	2021-09-22 06:34:31	1	0	15	0
    10127	2021-09-22 06:34:47	1	0	15	0
    10080	2021-09-22 06:43:01	1	0	15	0
   108658	2021-09-22 06:45:40	1	0	15	0
   108662	2021-09-22 06:54:44	1	0	15	0
   108630	2021-09-22 07:03:39	1	0	15	0
   108630	2021-09-22 07:03:41	1	0	15	0
   108587	2021-09-22 07:05:21	1	0	15	0
   101451	2021-09-22 07:05:34	1	0	15	0
   108556	2021-09-22 07:08:06	1	0	15	0
   108533	2021-09-22 07:08:41	1	0	15	0
    10372	2021-09-22 07:12:59	1	0	15	0
   102542	2021-09-22 07:15:59	1	0	15	0
    10033	2021-09-22 07:18:26	1	0	15	0
   108472	2021-09-22 07:19:58	1	0	15	0
   108593	2021-09-22 07:22:28	1	0	15	0
   108568	2021-09-22 07:27:28	1	0	15	0
    10159	2021-09-22 07:28:15	1	0	15	0
   108654	2021-09-22 07:28:57	1	0	15	0
   108585	2021-09-22 07:33:37	1	0	15	0
   108523	2021-09-22 07:34:55	1	0	15	0
    10324	2021-09-22 07:35:51	1	0	15	0
    10278	2021-09-22 07:36:19	1	0	15	0
    10129	2021-09-22 07:37:37	1	0	15	0
    10025	2021-09-22 07:39:34	1	0	15	0
   108549	2021-09-22 07:40:57	1	0	15	0
    10065	2021-09-22 07:41:38	1	0	15	0
    10065	2021-09-22 07:41:41	1	0	15	0
    10065	2021-09-22 07:41:48	1	0	15	0
   108638	2021-09-22 07:42:00	1	0	15	0
    10284	2021-09-22 07:42:12	1	0	15	0
   108674	2021-09-22 07:42:33	1	0	15	0
   108669	2021-09-22 07:42:55	1	0	15	0
    10309	2021-09-22 07:45:12	1	0	15	0
   108489	2021-09-22 07:46:02	1	0	15	0
   102524	2021-09-22 07:46:19	1	0	15	0
   108610	2021-09-22 07:46:53	1	0	15	0
    10221	2021-09-22 07:47:03	1	0	15	0
   108673	2021-09-22 07:47:28	1	0	15	0
   108667	2021-09-22 07:47:39	1	0	15	0
   108613	2021-09-22 07:48:38	1	0	15	0
   101432	2021-09-22 07:51:24	1	0	15	0
   108619	2021-09-22 07:52:20	1	0	15	0
   108635	2021-09-22 07:53:03	1	0	15	0
    19980	2021-09-22 07:53:50	1	0	15	0
   108672	2021-09-22 07:56:26	1	0	15	0
    10063	2021-09-22 07:56:53	1	0	15	0
    10149	2021-09-22 07:57:01	1	0	15	0
   108671	2021-09-22 07:57:06	1	0	15	0
    10076	2021-09-22 07:57:12	1	0	15	0
   500001	2021-09-22 07:57:50	1	0	15	0
   108469	2021-09-22 07:58:12	1	0	15	0
   108579	2021-09-22 07:59:00	1	0	15	0
   108598	2021-09-22 08:00:27	1	0	15	0
   108666	2021-09-22 08:00:52	1	0	15	0
    10138	2021-09-22 08:01:55	1	0	15	0
    10032	2021-09-22 08:02:33	1	0	15	0
   108663	2021-09-22 08:04:10	1	0	15	0
   108611	2021-09-22 08:05:57	1	0	15	0
   102544	2021-09-22 08:06:39	1	0	15	0
   108591	2021-09-22 08:10:28	1	0	15	0
    10348	2021-09-22 08:19:49	1	0	15	0
   102579	2021-09-22 08:20:17	1	0	15	0
   102579	2021-09-22 08:20:20	1	0	15	0
    10550	2021-09-22 09:45:12	1	0	15	0
    10076	2021-09-22 13:33:04	1	0	15	0
    10076	2021-09-22 13:33:07	1	0	15	0
   108538	2021-09-22 14:12:52	1	1	15	0
    10356	2021-09-22 14:14:19	1	1	15	0
    10214	2021-09-22 14:14:30	1	1	15	0
    10033	2021-09-22 15:00:11	1	1	15	0
   108587	2021-09-22 16:01:46	1	1	15	0
   108587	2021-09-22 16:01:48	1	1	15	0
   108549	2021-09-22 16:02:02	1	1	15	0
    10284	2021-09-22 16:02:09	1	1	15	0
    10284	2021-09-22 16:02:11	1	1	15	0
   108472	2021-09-22 16:02:16	1	1	15	0
    10278	2021-09-22 16:02:31	1	1	15	0
    10456	2021-09-22 16:03:09	1	1	15	0
    10348	2021-09-22 16:04:24	1	1	15	0
   102544	2021-09-22 16:04:59	1	1	15	0
    10138	2021-09-22 16:05:10	1	1	15	0
   108619	2021-09-22 16:06:19	1	1	15	0
   108469	2021-09-22 16:06:39	1	1	15	0
   102526	2021-09-22 17:00:08	1	1	15	0
   108613	2021-09-22 17:00:45	1	1	15	0
   108593	2021-09-22 17:00:53	1	1	15	0
   101432	2021-09-22 17:00:59	1	1	15	0
   108654	2021-09-22 17:01:04	1	1	15	0
    10309	2021-09-22 17:01:08	1	1	15	0
   108630	2021-09-22 17:01:14	1	1	15	0
    10080	2021-09-22 17:01:21	1	1	15	0
    10324	2021-09-22 17:01:30	1	1	15	0
   101451	2021-09-22 17:01:38	1	1	15	0
   101437	2021-09-22 17:01:45	1	1	15	0
    10221	2021-09-22 17:01:54	1	1	15	0
    10372	2021-09-22 17:02:08	1	1	15	0
    19980	2021-09-22 17:02:19	1	1	15	0
   108533	2021-09-22 17:02:26	1	1	15	0
   108617	2021-09-22 17:02:40	1	1	15	0
   108673	2021-09-22 17:02:48	1	1	15	0
   108579	2021-09-22 17:02:57	1	1	15	0
    10550	2021-09-22 17:03:06	1	1	15	0
   108611	2021-09-22 17:03:17	1	1	15	0
   108489	2021-09-22 17:03:57	1	1	15	0
   108669	2021-09-22 17:04:06	1	1	15	0
   102579	2021-09-22 17:04:28	1	1	15	0
   108635	2021-09-22 17:04:38	1	1	15	0
    10065	2021-09-22 17:05:21	1	1	15	0
   102524	2021-09-22 17:05:59	1	1	15	0
   108568	2021-09-22 17:06:07	1	1	15	0
   108638	2021-09-22 17:06:43	1	1	15	0
   108667	2021-09-22 17:07:15	1	1	15	0
   108556	2021-09-22 17:07:30	1	1	15	0
   108674	2021-09-22 17:08:12	1	1	15	0
    10025	2021-09-22 17:08:29	1	1	15	0
    10025	2021-09-22 17:08:32	1	1	15	0
   500001	2021-09-22 17:11:18	1	1	15	0
   500001	2021-09-22 17:11:20	1	1	15	0
   108591	2021-09-22 17:11:40	1	1	15	0
    10159	2021-09-22 17:15:13	1	1	15	0
   108610	2021-09-22 17:22:32	1	1	15	0
   108671	2021-09-22 17:23:19	1	1	15	0
    10063	2021-09-22 17:24:16	1	1	15	0
    10076	2021-09-22 17:24:44	1	1	15	0
    10032	2021-09-22 17:25:23	1	1	15	0
   102542	2021-09-22 17:27:46	1	1	15	0
    10149	2021-09-22 17:27:56	1	1	15	0
   108585	2021-09-22 17:28:08	1	1	15	0
   108666	2021-09-22 17:28:56	1	1	15	0
   108672	2021-09-22 17:41:12	1	1	15	0
   108672	2021-09-22 17:41:15	1	1	15	0
    10129	2021-09-22 18:08:29	1	1	15	0
   108523	2021-09-22 18:20:50	1	1	15	0
   108663	2021-09-22 21:09:01	1	1	15	0
   108598	2021-09-22 21:09:06	1	1	15	0
   108658	2021-09-22 21:09:13	1	1	15	0
    10127	2021-09-22 23:04:44	1	1	15	0
   108662	2021-09-22 23:04:54	1	1	15	0
    10456	2021-09-23 05:49:38	1	0	15	0
   101437	2021-09-23 05:59:28	1	0	15	0
    10127	2021-09-23 06:25:17	1	0	15	0
   102526	2021-09-23 06:25:34	1	0	15	0
   108617	2021-09-23 06:41:33	1	0	15	0
    10324	2021-09-23 06:41:53	1	0	15	0
    10372	2021-09-23 06:56:09	1	0	15	0
   108556	2021-09-23 07:00:11	1	0	15	0
   108658	2021-09-23 07:02:46	1	0	15	0
   108662	2021-09-23 07:03:59	1	0	15	0
   108630	2021-09-23 07:07:45	1	0	15	0
   108533	2021-09-23 07:10:43	1	0	15	0
   108472	2021-09-23 07:17:20	1	0	15	0
   108587	2021-09-23 07:18:18	1	0	15	0
   108587	2021-09-23 07:18:20	1	0	15	0
    10214	2021-09-23 07:18:56	1	0	15	0
   108593	2021-09-23 07:19:08	1	0	15	0
    10356	2021-09-23 07:19:24	1	0	15	0
    10080	2021-09-23 07:22:16	1	0	15	0
    10033	2021-09-23 07:28:53	1	0	15	0
   108523	2021-09-23 07:31:55	1	0	15	0
   102542	2021-09-23 07:34:07	1	0	15	0
   108654	2021-09-23 07:34:25	1	0	15	0
   108669	2021-09-23 07:35:49	1	0	15	0
    10159	2021-09-23 07:36:05	1	0	15	0
   108585	2021-09-23 07:37:50	1	0	15	0
   108538	2021-09-23 07:38:53	1	0	15	0
   108667	2021-09-23 07:39:47	1	0	15	0
   108674	2021-09-23 07:41:24	1	0	15	0
   108663	2021-09-23 07:41:37	1	0	15	0
   108673	2021-09-23 07:42:52	1	0	15	0
   108672	2021-09-23 07:43:10	1	0	15	0
    10221	2021-09-23 07:43:23	1	0	15	0
    10025	2021-09-23 07:44:41	1	0	15	0
    10278	2021-09-23 07:45:07	1	0	15	0
   108549	2021-09-23 07:48:13	1	0	15	0
   108638	2021-09-23 07:50:27	1	0	15	0
    10129	2021-09-23 07:51:04	1	0	15	0
    10065	2021-09-23 07:53:02	1	0	15	0
   108610	2021-09-23 07:54:04	1	0	15	0
    10284	2021-09-23 07:56:06	1	0	15	0
   108619	2021-09-23 07:56:16	1	0	15	0
   102544	2021-09-23 07:56:23	1	0	15	0
    19980	2021-09-23 07:56:41	1	0	15	0
   108666	2021-09-23 07:57:26	1	0	15	0
    10309	2021-09-23 07:57:34	1	0	15	0
   500001	2021-09-23 07:57:54	1	0	15	0
   108598	2021-09-23 07:58:03	1	0	15	0
   108579	2021-09-23 07:58:59	1	0	15	0
   108489	2021-09-23 07:59:40	1	0	15	0
   102524	2021-09-23 08:00:02	1	0	15	0
   108469	2021-09-23 08:00:08	1	0	15	0
   101432	2021-09-23 08:00:15	1	0	15	0
    10063	2021-09-23 08:00:26	1	0	15	0
    10063	2021-09-23 08:00:28	1	0	15	0
    10149	2021-09-23 08:00:37	1	0	15	0
   108671	2021-09-23 08:00:45	1	0	15	0
    10076	2021-09-23 08:00:51	1	0	15	0
    10348	2021-09-23 08:00:56	1	0	15	0
   108635	2021-09-23 08:01:02	1	0	15	0
    10138	2021-09-23 08:01:34	1	0	15	0
    10032	2021-09-23 08:03:12	1	0	15	0
   108611	2021-09-23 08:04:30	1	0	15	0
   108591	2021-09-23 08:15:04	1	0	15	0
    10550	2021-09-23 08:18:04	1	0	15	0
   102579	2021-09-23 09:01:00	1	0	15	0
    10456	2021-09-23 16:00:13	1	1	15	0
   108472	2021-09-23 16:00:57	1	1	15	0
   101437	2021-09-23 16:01:06	1	1	15	0
    10324	2021-09-23 16:01:19	1	1	15	0
   108538	2021-09-23 16:01:38	1	1	15	0
    10309	2021-09-23 16:01:49	1	1	15	0
   102526	2021-09-23 16:01:57	1	1	15	0
    10284	2021-09-23 16:02:05	1	1	15	0
    10372	2021-09-23 16:02:24	1	1	15	0
    10356	2021-09-23 16:03:15	1	1	15	0
    10214	2021-09-23 16:03:24	1	1	15	0
   108469	2021-09-23 16:03:33	1	1	15	0
   108469	2021-09-23 16:03:35	1	1	15	0
    10278	2021-09-23 16:03:41	1	1	15	0
   102544	2021-09-23 16:15:38	1	1	15	0
   108593	2021-09-23 17:00:36	1	1	15	0
   108630	2021-09-23 17:00:52	1	1	15	0
    10080	2021-09-23 17:01:01	1	1	15	0
    10550	2021-09-23 17:01:31	1	1	15	0
    19980	2021-09-23 17:01:40	1	1	15	0
   108617	2021-09-23 17:01:50	1	1	15	0
    10221	2021-09-23 17:02:00	1	1	15	0
   108533	2021-09-23 17:02:20	1	1	15	0
   101451	2021-09-23 17:02:26	1	1	15	0
   108619	2021-09-23 17:02:32	1	1	15	0
   108587	2021-09-23 17:02:40	1	1	15	0
   108587	2021-09-23 17:02:42	1	1	15	0
   102524	2021-09-23 17:02:49	1	1	15	0
   108556	2021-09-23 17:03:21	1	1	15	0
   108669	2021-09-23 17:03:33	1	1	15	0
   108489	2021-09-23 17:03:42	1	1	15	0
   102579	2021-09-23 17:03:57	1	1	15	0
    10033	2021-09-23 17:04:13	1	1	15	0
    10025	2021-09-23 17:05:11	1	1	15	0
   108638	2021-09-23 17:05:38	1	1	15	0
   108674	2021-09-23 17:06:57	1	1	15	0
   500001	2021-09-23 17:07:28	1	1	15	0
   108635	2021-09-23 17:07:37	1	1	15	0
   108568	2021-09-23 17:07:42	1	1	15	0
   108610	2021-09-23 17:07:47	1	1	15	0
    10065	2021-09-23 17:07:55	1	1	15	0
   108611	2021-09-23 17:08:05	1	1	15	0
   108579	2021-09-23 17:08:45	1	1	15	0
   108673	2021-09-23 17:08:50	1	1	15	0
   108591	2021-09-23 17:09:02	1	1	15	0
   108667	2021-09-23 17:09:11	1	1	15	0
   108585	2021-09-23 17:09:59	1	1	15	0
   108671	2021-09-23 17:11:04	1	1	15	0
    10076	2021-09-23 17:12:49	1	1	15	0
   101432	2021-09-23 17:13:14	1	1	15	0
    10149	2021-09-23 17:15:03	1	1	15	0
   108666	2021-09-23 17:15:20	1	1	15	0
    10032	2021-09-23 17:15:37	1	1	15	0
    10063	2021-09-23 17:15:47	1	1	15	0
    10159	2021-09-23 17:16:05	1	1	15	0
   102542	2021-09-23 17:32:30	1	1	15	0
   108672	2021-09-23 17:38:40	1	1	15	0
    10129	2021-09-23 18:03:47	1	1	15	0
    10348	2021-09-23 20:01:21	1	1	15	0
    10348	2021-09-23 20:01:24	1	1	15	0
    10138	2021-09-23 20:02:15	1	1	15	0
   108523	2021-09-23 20:12:01	1	1	15	0
   108663	2021-09-23 21:01:42	1	1	15	0
    10127	2021-09-23 21:01:52	1	1	15	0
   108598	2021-09-23 21:02:17	1	1	15	0
   108658	2021-09-23 21:03:03	1	1	15	0
   108662	2021-09-23 21:03:12	1	1	15	0
    10278	2021-09-24 03:40:55	1	1	15	0
    10278	2021-09-24 03:41:43	1	0	15	0
    10456	2021-09-24 04:13:59	1	0	15	0
   101437	2021-09-24 06:10:59	1	0	15	0
   102526	2021-09-24 06:27:14	1	0	15	0
   108662	2021-09-24 06:35:24	1	0	15	0
   108658	2021-09-24 06:42:10	1	0	15	0
   108617	2021-09-24 06:48:38	1	0	15	0
    10372	2021-09-24 06:48:59	1	0	15	0
    10127	2021-09-24 06:59:45	1	0	15	0
   108533	2021-09-24 07:00:30	1	0	15	0
   108587	2021-09-24 07:05:14	1	0	15	0
   108587	2021-09-24 07:05:16	1	0	15	0
   108630	2021-09-24 07:05:59	1	0	15	0
    10214	2021-09-24 07:15:12	1	0	15	0
    10356	2021-09-24 07:15:51	1	0	15	0
    10080	2021-09-24 07:21:44	1	0	15	0
   108585	2021-09-24 07:21:57	1	0	15	0
    10324	2021-09-24 07:23:51	1	0	15	0
   108472	2021-09-24 07:24:28	1	0	15	0
   102542	2021-09-24 07:25:56	1	0	15	0
   108568	2021-09-24 07:26:45	1	0	15	0
    10159	2021-09-24 07:27:06	1	0	15	0
    10033	2021-09-24 07:28:58	1	0	15	0
   108667	2021-09-24 07:29:12	1	0	15	0
   108556	2021-09-24 07:30:00	1	0	15	0
   108593	2021-09-24 07:32:16	1	0	15	0
   108538	2021-09-24 07:34:01	1	0	15	0
   108523	2021-09-24 07:35:51	1	0	15	0
   101432	2021-09-24 07:36:01	1	0	15	0
   108654	2021-09-24 07:36:36	1	0	15	0
   108638	2021-09-24 07:39:33	1	0	15	0
   108613	2021-09-24 07:39:41	1	0	15	0
   108672	2021-09-24 07:41:02	1	0	15	0
   108669	2021-09-24 07:42:39	1	0	15	0
    10065	2021-09-24 07:45:23	1	0	15	0
   108673	2021-09-24 07:45:44	1	0	15	0
    10025	2021-09-24 07:46:40	1	0	15	0
    10221	2021-09-24 07:46:51	1	0	15	0
   108674	2021-09-24 07:47:35	1	0	15	0
   108663	2021-09-24 07:49:26	1	0	15	0
    10129	2021-09-24 07:50:35	1	0	15	0
    10309	2021-09-24 07:51:13	1	0	15	0
   102579	2021-09-24 07:51:42	1	0	15	0
    10284	2021-09-24 07:52:26	1	0	15	0
   108619	2021-09-24 07:52:46	1	0	15	0
   108610	2021-09-24 07:52:55	1	0	15	0
   108549	2021-09-24 07:53:08	1	0	15	0
   500001	2021-09-24 07:54:50	1	0	15	0
   108469	2021-09-24 07:55:34	1	0	15	0
   108489	2021-09-24 07:56:29	1	0	15	0
   102524	2021-09-24 07:56:45	1	0	15	0
    10348	2021-09-24 07:56:55	1	0	15	0
   108579	2021-09-24 07:57:47	1	0	15	0
    10149	2021-09-24 07:58:43	1	0	15	0
   108671	2021-09-24 07:58:59	1	0	15	0
    10076	2021-09-24 07:59:16	1	0	15	0
   108598	2021-09-24 08:02:22	1	0	15	0
   108635	2021-09-24 08:02:33	1	0	15	0
    10032	2021-09-24 08:03:29	1	0	15	0
    10138	2021-09-24 08:05:13	1	0	15	0
   108611	2021-09-24 08:10:46	1	0	15	0
   108666	2021-09-24 08:10:55	1	0	15	0
   108591	2021-09-24 08:22:24	1	0	15	0
   102544	2021-09-24 08:23:30	1	0	15	0
    10550	2021-09-24 08:48:09	1	0	15	0
    19980	2021-09-24 08:51:53	1	0	15	0
    10063	2021-09-24 09:03:23	1	0	15	0
   108585	2021-09-24 12:04:25	1	0	15	0
    10456	2021-09-24 12:47:11	1	1	15	0
    10278	2021-09-24 13:12:48	1	1	15	0
    10278	2021-09-24 13:12:50	1	1	15	0
   108549	2021-09-24 16:00:35	1	1	15	0
   101437	2021-09-24 16:01:28	1	1	15	0
   108472	2021-09-24 16:01:36	1	1	15	0
   108538	2021-09-24 16:01:56	1	1	15	0
    10138	2021-09-24 16:02:05	1	1	15	0
    10284	2021-09-24 16:02:47	1	1	15	0
    10356	2021-09-24 16:03:17	1	1	15	0
    10214	2021-09-24 16:03:30	1	1	15	0
    10348	2021-09-24 16:14:56	1	1	15	0
   108469	2021-09-24 16:17:37	1	1	15	0
    10550	2021-09-24 16:30:43	1	1	15	0
   108613	2021-09-24 17:00:53	1	1	15	0
   108593	2021-09-24 17:00:58	1	1	15	0
    10324	2021-09-24 17:01:05	1	1	15	0
    10324	2021-09-24 17:01:07	1	1	15	0
   101432	2021-09-24 17:01:12	1	1	15	0
   108619	2021-09-24 17:01:18	1	1	15	0
   108630	2021-09-24 17:01:25	1	1	15	0
    10080	2021-09-24 17:01:32	1	1	15	0
   102544	2021-09-24 17:01:39	1	1	15	0
   102524	2021-09-24 17:01:52	1	1	15	0
   108533	2021-09-24 17:02:03	1	1	15	0
   108617	2021-09-24 17:02:12	1	1	15	0
    10372	2021-09-24 17:02:17	1	1	15	0
    10309	2021-09-24 17:02:26	1	1	15	0
   102526	2021-09-24 17:02:37	1	1	15	0
    10221	2021-09-24 17:02:46	1	1	15	0
    19980	2021-09-24 17:03:06	1	1	15	0
   108579	2021-09-24 17:03:34	1	1	15	0
   108489	2021-09-24 17:04:01	1	1	15	0
   108635	2021-09-24 17:04:42	1	1	15	0
   108638	2021-09-24 17:04:49	1	1	15	0
   108669	2021-09-24 17:05:14	1	1	15	0
    10033	2021-09-24 17:05:27	1	1	15	0
   500001	2021-09-24 17:05:45	1	1	15	0
   108672	2021-09-24 17:06:49	1	1	15	0
   108611	2021-09-24 17:07:05	1	1	15	0
    10065	2021-09-24 17:07:31	1	1	15	0
   102579	2021-09-24 17:09:14	1	1	15	0
   102542	2021-09-24 17:10:19	1	1	15	0
    10025	2021-09-24 17:16:30	1	1	15	0
    10159	2021-09-24 17:24:40	1	1	15	0
   108568	2021-09-24 17:26:27	1	1	15	0
   108587	2021-09-24 17:36:34	1	1	15	0
   108587	2021-09-24 17:36:37	1	1	15	0
   108556	2021-09-24 17:47:39	1	1	15	0
    10032	2021-09-24 17:48:54	1	1	15	0
   108591	2021-09-24 17:59:03	1	1	15	0
    10063	2021-09-24 18:01:04	1	1	15	0
   108674	2021-09-24 18:02:07	1	1	15	0
    10149	2021-09-24 18:10:32	1	1	15	0
   108673	2021-09-24 18:11:58	1	1	15	0
   108673	2021-09-24 18:12:00	1	1	15	0
   108610	2021-09-24 18:15:08	1	1	15	0
    10076	2021-09-24 18:17:06	1	1	15	0
   108671	2021-09-24 18:19:20	1	1	15	0
   108667	2021-09-24 18:19:27	1	1	15	0
    10129	2021-09-24 18:32:44	1	1	15	0
   108523	2021-09-24 20:31:56	1	1	15	0
   108666	2021-09-24 20:43:30	1	1	15	0
   108663	2021-09-24 21:04:44	1	1	15	0
   108598	2021-09-24 21:05:07	1	1	15	0
    10127	2021-09-24 21:06:17	1	1	15	0
   108658	2021-09-24 21:06:51	1	1	15	0
   108662	2021-09-24 21:06:58	1	1	15	0
   108619	2021-09-25 06:29:47	1	1	15	0
   108472	2021-09-25 06:42:21	1	1	15	0
   108538	2021-09-25 06:44:52	1	1	15	0
   108538	2021-09-25 06:45:11	1	0	15	0
    10127	2021-09-25 06:49:08	1	0	15	0
   108658	2021-09-25 06:51:10	1	0	15	0
   108662	2021-09-25 06:54:49	1	0	15	0
   108630	2021-09-25 06:57:53	1	0	15	0
   108630	2021-09-25 06:57:56	1	0	15	0
   108587	2021-09-25 07:02:02	1	0	15	0
   108587	2021-09-25 07:02:05	1	0	15	0
   108533	2021-09-25 07:13:08	1	0	15	0
   108552	2021-09-25 07:21:19	1	0	15	0
   108549	2021-09-25 07:28:47	1	0	15	0
   108663	2021-09-25 07:34:06	1	0	15	0
   108523	2021-09-25 07:40:02	1	0	15	0
   101432	2021-09-25 07:40:48	1	0	15	0
   102542	2021-09-25 07:42:43	1	0	15	0
   108593	2021-09-25 07:44:56	1	0	15	0
   108469	2021-09-25 07:49:06	1	0	15	0
   108673	2021-09-25 07:50:54	1	0	15	0
   108610	2021-09-25 07:51:57	1	0	15	0
   108672	2021-09-25 07:52:33	1	0	15	0
   108671	2021-09-25 07:53:15	1	0	15	0
   108667	2021-09-25 07:53:27	1	0	15	0
    10129	2021-09-25 07:56:07	1	0	15	0
    10032	2021-09-25 07:57:16	1	0	15	0
    10033	2021-09-25 07:59:04	1	0	15	0
   108598	2021-09-25 07:59:16	1	0	15	0
    10348	2021-09-25 08:07:15	1	0	15	0
    10076	2021-09-25 08:10:53	1	0	15	0
   102544	2021-09-25 08:11:39	1	0	15	0
   108591	2021-09-25 08:14:18	1	0	15	0
   108611	2021-09-25 08:21:33	1	0	15	0
   102579	2021-09-25 09:17:06	1	0	15	0
    10033	2021-09-25 12:02:48	1	0	15	0
   108587	2021-09-25 12:05:52	1	0	15	0
    10032	2021-09-25 14:33:35	1	0	15	0
   108538	2021-09-25 15:00:14	1	1	15	0
   108619	2021-09-25 15:00:19	1	1	15	0
   108472	2021-09-25 15:00:29	1	1	15	0
   102579	2021-09-25 15:15:29	1	1	15	0
   108630	2021-09-25 16:02:43	1	1	15	0
   108611	2021-09-25 16:04:42	1	1	15	0
    10076	2021-09-25 17:00:47	1	1	15	0
   108523	2021-09-25 17:00:55	1	1	15	0
   101432	2021-09-25 17:01:07	1	1	15	0
   108533	2021-09-25 17:01:13	1	1	15	0
   102544	2021-09-25 17:01:38	1	1	15	0
   108593	2021-09-25 17:01:49	1	1	15	0
   108671	2021-09-25 17:02:05	1	1	15	0
   108667	2021-09-25 17:02:13	1	1	15	0
    10127	2021-09-25 17:02:34	1	1	15	0
   108673	2021-09-25 17:02:49	1	1	15	0
   108610	2021-09-25 17:12:33	1	1	15	0
    10129	2021-09-25 17:17:34	1	1	15	0
   102542	2021-09-25 17:17:44	1	1	15	0
   108672	2021-09-25 17:39:26	1	1	15	0
   108591	2021-09-25 18:05:45	1	1	15	0
   108469	2021-09-25 20:06:59	1	1	15	0
    10348	2021-09-25 20:24:00	1	1	15	0
   108662	2021-09-25 22:17:00	1	1	15	0
