    10228	2021-10-26 04:55:00	1	1	15	0
   108469	2021-10-26 04:55:23	1	1	15	0
   101437	2021-10-26 06:21:10	1	0	15	0
   102526	2021-10-26 06:23:16	1	0	15	0
   108617	2021-10-26 06:32:33	1	0	15	0
   108587	2021-10-26 06:43:11	1	0	15	0
   108587	2021-10-26 06:43:13	1	0	15	0
   108630	2021-10-26 06:54:22	1	0	15	0
    10372	2021-10-26 06:59:36	1	0	15	0
    10214	2021-10-26 07:06:03	1	0	15	0
    10356	2021-10-26 07:07:13	1	0	15	0
   108533	2021-10-26 07:09:11	1	0	15	0
   108635	2021-10-26 07:10:11	1	0	15	0
   108556	2021-10-26 07:13:23	1	0	15	0
    10159	2021-10-26 07:18:58	1	0	15	0
    10080	2021-10-26 07:19:05	1	0	15	0
   108593	2021-10-26 07:23:03	1	0	15	0
   108593	2021-10-26 07:23:05	1	0	15	0
   102542	2021-10-26 07:24:24	1	0	15	0
   108472	2021-10-26 07:24:58	1	0	15	0
   101451	2021-10-26 07:26:39	1	0	15	0
    10550	2021-10-26 07:27:22	1	0	15	0
    10065	2021-10-26 07:28:01	1	0	15	0
    10278	2021-10-26 07:30:35	1	0	15	0
   108610	2021-10-26 07:30:58	1	0	15	0
   108654	2021-10-26 07:31:32	1	0	15	0
   108591	2021-10-26 07:32:06	1	0	15	0
   108523	2021-10-26 07:33:50	1	0	15	0
    10025	2021-10-26 07:34:14	1	0	15	0
   108638	2021-10-26 07:34:35	1	0	15	0
   108673	2021-10-26 07:35:16	1	0	15	0
    10033	2021-10-26 07:38:47	1	0	15	0
   108662	2021-10-26 07:40:10	1	0	15	0
   108585	2021-10-26 07:40:21	1	0	15	0
   108568	2021-10-26 07:41:18	1	0	15	0
   101432	2021-10-26 07:42:16	1	0	15	0
   108538	2021-10-26 07:45:08	1	0	15	0
    10221	2021-10-26 07:45:25	1	0	15	0
   108677	2021-10-26 07:45:45	1	0	15	0
   108674	2021-10-26 07:46:04	1	0	15	0
   108669	2021-10-26 07:46:30	1	0	15	0
   108489	2021-10-26 07:46:40	1	0	15	0
   102524	2021-10-26 07:47:01	1	0	15	0
    10138	2021-10-26 07:47:15	1	0	15	0
    10129	2021-10-26 07:47:35	1	0	15	0
    10284	2021-10-26 07:47:56	1	0	15	0
    10284	2021-10-26 07:47:59	1	0	15	0
   108663	2021-10-26 07:51:40	1	0	15	0
   108598	2021-10-26 07:51:49	1	0	15	0
   108549	2021-10-26 07:52:12	1	0	15	0
    10127	2021-10-26 07:52:32	1	0	15	0
   108667	2021-10-26 07:52:52	1	0	15	0
   108678	2021-10-26 07:54:08	1	0	15	0
   108613	2021-10-26 07:54:31	1	0	15	0
    10309	2021-10-26 07:55:14	1	0	15	0
   108619	2021-10-26 07:55:23	1	0	15	0
   108658	2021-10-26 07:55:52	1	0	15	0
   108672	2021-10-26 07:56:46	1	0	15	0
    19980	2021-10-26 07:58:04	1	0	15	0
   108666	2021-10-26 07:59:55	1	0	15	0
   108579	2021-10-26 08:00:38	1	0	15	0
    10458	2021-10-26 08:01:21	1	0	15	0
   108611	2021-10-26 08:01:33	1	0	15	0
    10032	2021-10-26 08:02:10	1	0	15	0
   108671	2021-10-26 08:06:20	1	0	15	0
   500001	2021-10-26 08:07:17	1	0	15	0
   102544	2021-10-26 08:07:57	1	0	15	0
    10348	2021-10-26 08:22:52	1	0	15	0
   108515	2021-10-26 08:27:42	1	0	15	0
   102579	2021-10-26 08:44:40	1	0	15	0
    10063	2021-10-26 08:49:00	1	0	15	0
    10228	2021-10-26 13:05:27	1	0	15	0
   108469	2021-10-26 13:05:52	1	0	15	0
   102544	2021-10-26 13:51:01	1	0	15	0
   108630	2021-10-26 14:02:27	1	0	15	0
    10550	2021-10-26 15:02:17	1	0	15	0
   101437	2021-10-26 16:01:23	1	1	15	0
   108538	2021-10-26 16:01:33	1	1	15	0
   108619	2021-10-26 16:01:42	1	1	15	0
    10356	2021-10-26 16:02:04	1	1	15	0
   108472	2021-10-26 16:02:10	1	1	15	0
    10214	2021-10-26 16:02:18	1	1	15	0
    10372	2021-10-26 16:02:24	1	1	15	0
    10372	2021-10-26 16:02:27	1	1	15	0
    10284	2021-10-26 16:02:39	1	1	15	0
   108549	2021-10-26 16:02:50	1	1	15	0
    10278	2021-10-26 16:03:01	1	1	15	0
    10278	2021-10-26 16:03:03	1	1	15	0
    10138	2021-10-26 16:03:26	1	1	15	0
   102579	2021-10-26 16:38:28	1	1	15	0
   108613	2021-10-26 17:01:11	1	1	15	0
    10080	2021-10-26 17:01:20	1	1	15	0
    10458	2021-10-26 17:01:30	1	1	15	0
   108579	2021-10-26 17:01:55	1	1	15	0
   108489	2021-10-26 17:02:18	1	1	15	0
   108617	2021-10-26 17:02:31	1	1	15	0
   102524	2021-10-26 17:02:45	1	1	15	0
   108677	2021-10-26 17:03:06	1	1	15	0
   102526	2021-10-26 17:03:17	1	1	15	0
    10025	2021-10-26 17:03:26	1	1	15	0
   108611	2021-10-26 17:03:33	1	1	15	0
    10309	2021-10-26 17:03:40	1	1	15	0
   108593	2021-10-26 17:03:47	1	1	15	0
    19980	2021-10-26 17:04:06	1	1	15	0
   108673	2021-10-26 17:04:27	1	1	15	0
   108678	2021-10-26 17:04:44	1	1	15	0
    10065	2021-10-26 17:05:12	1	1	15	0
   108638	2021-10-26 17:05:22	1	1	15	0
    10033	2021-10-26 17:05:44	1	1	15	0
   108669	2021-10-26 17:06:05	1	1	15	0
   108587	2021-10-26 17:06:32	1	1	15	0
    10221	2021-10-26 17:07:51	1	1	15	0
   500001	2021-10-26 17:08:12	1	1	15	0
   108591	2021-10-26 17:08:24	1	1	15	0
   108591	2021-10-26 17:08:27	1	1	15	0
   108610	2021-10-26 17:08:41	1	1	15	0
   108598	2021-10-26 17:08:52	1	1	15	0
   108663	2021-10-26 17:08:58	1	1	15	0
   108658	2021-10-26 17:09:04	1	1	15	0
   108635	2021-10-26 17:10:19	1	1	15	0
   108556	2021-10-26 17:11:00	1	1	15	0
   108556	2021-10-26 17:11:03	1	1	15	0
   108556	2021-10-26 17:11:13	1	1	15	0
   108515	2021-10-26 17:12:54	1	1	15	0
   108515	2021-10-26 17:12:57	1	1	15	0
   108672	2021-10-26 17:18:28	1	1	15	0
   108585	2021-10-26 17:33:52	1	1	15	0
    10159	2021-10-26 17:37:58	1	1	15	0
   108674	2021-10-26 17:40:44	1	1	15	0
   108671	2021-10-26 17:42:26	1	1	15	0
    10032	2021-10-26 17:47:54	1	1	15	0
    10129	2021-10-26 18:01:54	1	1	15	0
   108568	2021-10-26 18:05:36	1	1	15	0
   108662	2021-10-26 18:20:02	1	1	15	0
   101451	2021-10-26 18:26:16	1	1	15	0
    10063	2021-10-26 18:28:20	1	1	15	0
   101432	2021-10-26 18:30:01	1	1	15	0
   108523	2021-10-26 18:42:59	1	1	15	0
   108667	2021-10-26 18:52:47	1	1	15	0
    10127	2021-10-26 18:53:08	1	1	15	0
   108533	2021-10-26 21:01:15	1	1	15	0
   102542	2021-10-26 21:01:43	1	1	15	0
    10456	2021-10-27 05:56:55	1	0	15	0
   101437	2021-10-27 06:07:27	1	0	15	0
   102526	2021-10-27 06:16:54	1	0	15	0
   108533	2021-10-27 06:27:22	1	0	15	0
   108617	2021-10-27 06:40:57	1	0	15	0
    10372	2021-10-27 06:51:27	1	0	15	0
    10372	2021-10-27 06:51:30	1	0	15	0
   108587	2021-10-27 06:56:45	1	0	15	0
   108587	2021-10-27 06:56:47	1	0	15	0
   102542	2021-10-27 07:02:30	1	0	15	0
   108556	2021-10-27 07:05:51	1	0	15	0
    10214	2021-10-27 07:12:00	1	0	15	0
    10214	2021-10-27 07:12:03	1	0	15	0
   108635	2021-10-27 07:12:42	1	0	15	0
    10356	2021-10-27 07:13:01	1	0	15	0
   108593	2021-10-27 07:17:07	1	0	15	0
    10159	2021-10-27 07:19:18	1	0	15	0
   108662	2021-10-27 07:23:46	1	0	15	0
   101451	2021-10-27 07:24:12	1	0	15	0
    10127	2021-10-27 07:24:49	1	0	15	0
    10127	2021-10-27 07:24:52	1	0	15	0
    10033	2021-10-27 07:26:31	1	0	15	0
   108667	2021-10-27 07:26:40	1	0	15	0
   108677	2021-10-27 07:26:48	1	0	15	0
   108673	2021-10-27 07:26:57	1	0	15	0
   108472	2021-10-27 07:27:35	1	0	15	0
   108568	2021-10-27 07:31:30	1	0	15	0
    10278	2021-10-27 07:33:00	1	0	15	0
   108654	2021-10-27 07:33:28	1	0	15	0
   108523	2021-10-27 07:35:42	1	0	15	0
    10025	2021-10-27 07:35:51	1	0	15	0
   108549	2021-10-27 07:36:03	1	0	15	0
   108638	2021-10-27 07:36:52	1	0	15	0
   108538	2021-10-27 07:38:59	1	0	15	0
   108585	2021-10-27 07:40:10	1	0	15	0
   101432	2021-10-27 07:42:56	1	0	15	0
    10129	2021-10-27 07:43:06	1	0	15	0
   108610	2021-10-27 07:43:36	1	0	15	0
   108669	2021-10-27 07:46:29	1	0	15	0
    10228	2021-10-27 07:47:40	1	0	15	0
   108619	2021-10-27 07:47:46	1	0	15	0
   108678	2021-10-27 07:48:07	1	0	15	0
    10065	2021-10-27 07:49:33	1	0	15	0
   108674	2021-10-27 07:49:50	1	0	15	0
    10221	2021-10-27 07:50:46	1	0	15	0
    10080	2021-10-27 07:51:03	1	0	15	0
   108489	2021-10-27 07:51:29	1	0	15	0
   102524	2021-10-27 07:51:38	1	0	15	0
   108598	2021-10-27 07:51:59	1	0	15	0
   108658	2021-10-27 07:53:01	1	0	15	0
   108469	2021-10-27 07:56:07	1	0	15	0
   108672	2021-10-27 07:57:09	1	0	15	0
    19980	2021-10-27 07:57:30	1	0	15	0
    10032	2021-10-27 07:58:26	1	0	15	0
    10348	2021-10-27 07:58:46	1	0	15	0
    10309	2021-10-27 07:58:55	1	0	15	0
   108591	2021-10-27 08:01:46	1	0	15	0
    10284	2021-10-27 08:02:40	1	0	15	0
   102544	2021-10-27 08:02:59	1	0	15	0
   108579	2021-10-27 08:03:50	1	0	15	0
   108663	2021-10-27 08:04:30	1	0	15	0
    10063	2021-10-27 08:05:44	1	0	15	0
   108671	2021-10-27 08:06:03	1	0	15	0
    10076	2021-10-27 08:06:30	1	0	15	0
   108666	2021-10-27 08:10:05	1	0	15	0
    10138	2021-10-27 08:11:11	1	0	15	0
    10458	2021-10-27 08:15:41	1	0	15	0
   108611	2021-10-27 08:17:09	1	0	15	0
   500001	2021-10-27 08:17:17	1	0	15	0
    10550	2021-10-27 08:18:27	1	0	15	0
   102579	2021-10-27 08:58:42	1	0	15	0
   108515	2021-10-27 09:17:21	1	0	15	0
    10033	2021-10-27 13:06:44	1	0	15	0
   108619	2021-10-27 16:00:48	1	0	15	0
   108538	2021-10-27 16:01:05	1	0	15	0
   101451	2021-10-27 16:01:24	1	0	15	0
   108472	2021-10-27 16:01:34	1	0	15	0
   101437	2021-10-27 16:01:43	1	0	15	0
    10214	2021-10-27 16:01:59	1	0	15	0
   102544	2021-10-27 16:02:53	1	0	15	0
    10278	2021-10-27 16:03:19	1	0	15	0
    10456	2021-10-27 16:03:56	1	1	15	0
    10372	2021-10-27 16:04:15	1	1	15	0
    10284	2021-10-27 16:04:22	1	1	15	0
    10284	2021-10-27 16:04:25	1	1	15	0
    10356	2021-10-27 16:04:47	1	1	15	0
   102526	2021-10-27 16:04:55	1	1	15	0
   108587	2021-10-27 16:05:30	1	1	15	0
   108587	2021-10-27 16:05:33	1	1	15	0
    10309	2021-10-27 16:06:08	1	1	15	0
    10228	2021-10-27 16:29:58	1	1	15	0
   108469	2021-10-27 16:33:52	1	1	15	0
    10550	2021-10-27 17:00:54	1	1	15	0
    10458	2021-10-27 17:01:07	1	1	15	0
    10080	2021-10-27 17:01:31	1	1	15	0
   108515	2021-10-27 17:01:53	1	1	15	0
    10221	2021-10-27 17:02:08	1	1	15	0
   108635	2021-10-27 17:02:16	1	1	15	0
   102524	2021-10-27 17:02:28	1	1	15	0
   101432	2021-10-27 17:02:36	1	1	15	0
    19980	2021-10-27 17:02:49	1	1	15	0
   108617	2021-10-27 17:02:59	1	1	15	0
   108673	2021-10-27 17:03:11	1	1	15	0
   108677	2021-10-27 17:03:20	1	1	15	0
   108579	2021-10-27 17:03:32	1	1	15	0
   108489	2021-10-27 17:03:44	1	1	15	0
   108611	2021-10-27 17:04:17	1	1	15	0
   108638	2021-10-27 17:04:23	1	1	15	0
   108568	2021-10-27 17:04:36	1	1	15	0
   108674	2021-10-27 17:05:32	1	1	15	0
   108669	2021-10-27 17:06:51	1	1	15	0
    10025	2021-10-27 17:07:09	1	1	15	0
   108591	2021-10-27 17:07:53	1	1	15	0
    10065	2021-10-27 17:08:42	1	1	15	0
   108556	2021-10-27 17:09:18	1	1	15	0
   108678	2021-10-27 17:09:54	1	1	15	0
   500001	2021-10-27 17:11:26	1	1	15	0
   108666	2021-10-27 17:13:35	1	1	15	0
   102579	2021-10-27 17:14:26	1	1	15	0
   108671	2021-10-27 17:14:59	1	1	15	0
    10076	2021-10-27 17:18:46	1	1	15	0
    10063	2021-10-27 17:19:27	1	1	15	0
   108667	2021-10-27 17:35:16	1	1	15	0
    10032	2021-10-27 17:36:29	1	1	15	0
    10159	2021-10-27 17:37:40	1	1	15	0
   108662	2021-10-27 17:44:17	1	1	15	0
   108658	2021-10-27 17:44:27	1	1	15	0
   108585	2021-10-27 17:45:36	1	1	15	0
   500001	2021-10-27 17:45:54	1	1	15	0
   108672	2021-10-27 17:55:13	1	1	15	0
   108593	2021-10-27 18:00:37	1	1	15	0
   108598	2021-10-27 18:12:49	1	1	15	0
    10129	2021-10-27 18:35:16	1	1	15	0
   108663	2021-10-27 19:09:21	1	1	15	0
   108523	2021-10-27 19:27:43	1	1	15	0
   108549	2021-10-27 20:02:01	1	1	15	0
    10138	2021-10-27 20:07:47	1	1	15	0
   108610	2021-10-27 20:11:47	1	1	15	0
    10127	2021-10-27 20:11:54	1	1	15	0
   108533	2021-10-27 21:00:38	1	1	15	0
   102542	2021-10-27 21:01:02	1	1	15	0
    10456	2021-10-28 05:56:41	1	0	15	0
   101437	2021-10-28 06:18:39	1	0	15	0
   102526	2021-10-28 06:21:02	1	0	15	0
   108617	2021-10-28 06:54:48	1	0	15	0
    10372	2021-10-28 06:58:57	1	0	15	0
    10372	2021-10-28 06:58:59	1	0	15	0
   101451	2021-10-28 07:02:46	1	0	15	0
   108630	2021-10-28 07:02:51	1	0	15	0
   108533	2021-10-28 07:08:20	1	0	15	0
   108587	2021-10-28 07:13:36	1	0	15	0
   108587	2021-10-28 07:13:38	1	0	15	0
    10065	2021-10-28 07:14:47	1	0	15	0
   108635	2021-10-28 07:14:58	1	0	15	0
    10033	2021-10-28 07:16:33	1	0	15	0
    10214	2021-10-28 07:19:58	1	0	15	0
    10356	2021-10-28 07:20:48	1	0	15	0
   108556	2021-10-28 07:21:37	1	0	15	0
    10159	2021-10-28 07:22:59	1	0	15	0
   108472	2021-10-28 07:24:33	1	0	15	0
   108654	2021-10-28 07:25:23	1	0	15	0
   108610	2021-10-28 07:27:13	1	0	15	0
   108568	2021-10-28 07:27:29	1	0	15	0
    10080	2021-10-28 07:28:08	1	0	15	0
   108613	2021-10-28 07:31:24	1	0	15	0
    10278	2021-10-28 07:32:49	1	0	15	0
    10278	2021-10-28 07:32:51	1	0	15	0
   108667	2021-10-28 07:33:18	1	0	15	0
   108585	2021-10-28 07:33:43	1	0	15	0
   108585	2021-10-28 07:33:45	1	0	15	0
   108662	2021-10-28 07:34:12	1	0	15	0
   108677	2021-10-28 07:38:31	1	0	15	0
   108673	2021-10-28 07:38:44	1	0	15	0
   108638	2021-10-28 07:39:02	1	0	15	0
   108489	2021-10-28 07:41:16	1	0	15	0
   102524	2021-10-28 07:41:29	1	0	15	0
    10221	2021-10-28 07:43:30	1	0	15	0
   108538	2021-10-28 07:44:39	1	0	15	0
   108669	2021-10-28 07:46:13	1	0	15	0
   108523	2021-10-28 07:46:29	1	0	15	0
   108674	2021-10-28 07:47:13	1	0	15	0
   108619	2021-10-28 07:47:24	1	0	15	0
   101432	2021-10-28 07:47:51	1	0	15	0
    10129	2021-10-28 07:48:29	1	0	15	0
   108672	2021-10-28 07:48:40	1	0	15	0
   102542	2021-10-28 07:51:15	1	0	15	0
   108591	2021-10-28 07:52:29	1	0	15	0
   108678	2021-10-28 07:53:41	1	0	15	0
    10284	2021-10-28 07:53:49	1	0	15	0
    10228	2021-10-28 07:53:57	1	0	15	0
   108658	2021-10-28 07:54:12	1	0	15	0
   108469	2021-10-28 07:54:19	1	0	15	0
   108598	2021-10-28 07:57:45	1	0	15	0
    10032	2021-10-28 07:59:49	1	0	15	0
    19980	2021-10-28 08:01:44	1	0	15	0
   108666	2021-10-28 08:03:57	1	0	15	0
    10063	2021-10-28 08:04:36	1	0	15	0
   108671	2021-10-28 08:04:42	1	0	15	0
    10076	2021-10-28 08:04:52	1	0	15	0
   102544	2021-10-28 08:06:06	1	0	15	0
   108579	2021-10-28 08:06:19	1	0	15	0
   108611	2021-10-28 08:07:15	1	0	15	0
    10458	2021-10-28 08:08:31	1	0	15	0
   108663	2021-10-28 08:11:46	1	0	15	0
    10138	2021-10-28 08:12:31	1	0	15	0
    10550	2021-10-28 08:15:46	1	0	15	0
   500001	2021-10-28 08:31:40	1	0	15	0
   108515	2021-10-28 08:42:19	1	0	15	0
   102579	2021-10-28 09:05:11	1	0	15	0
   101437	2021-10-28 16:01:33	1	1	15	0
    10348	2021-10-28 16:01:39	1	1	15	0
   108538	2021-10-28 16:01:46	1	1	15	0
    10356	2021-10-28 16:02:03	1	1	15	0
   108630	2021-10-28 16:02:10	1	1	15	0
   108472	2021-10-28 16:02:23	1	1	15	0
    10214	2021-10-28 16:02:33	1	1	15	0
    10372	2021-10-28 16:02:40	1	1	15	0
    10372	2021-10-28 16:02:42	1	1	15	0
    10284	2021-10-28 16:02:48	1	1	15	0
    10278	2021-10-28 16:02:56	1	1	15	0
   108619	2021-10-28 16:03:13	1	1	15	0
    10228	2021-10-28 16:04:12	1	1	15	0
    10456	2021-10-28 16:04:26	1	1	15	0
   108469	2021-10-28 16:04:42	1	1	15	0
    10138	2021-10-28 16:05:35	1	1	15	0
   102544	2021-10-28 16:08:51	1	1	15	0
   102526	2021-10-28 16:16:19	1	1	15	0
    10309	2021-10-28 16:21:12	1	1	15	0
   108613	2021-10-28 17:01:04	1	1	15	0
    10080	2021-10-28 17:01:32	1	1	15	0
   101451	2021-10-28 17:01:38	1	1	15	0
   101451	2021-10-28 17:01:41	1	1	15	0
   108617	2021-10-28 17:02:08	1	1	15	0
   102524	2021-10-28 17:02:23	1	1	15	0
   108515	2021-10-28 17:02:32	1	1	15	0
   108635	2021-10-28 17:02:54	1	1	15	0
    19980	2021-10-28 17:03:02	1	1	15	0
    19980	2021-10-28 17:03:04	1	1	15	0
   101432	2021-10-28 17:03:25	1	1	15	0
   108489	2021-10-28 17:03:40	1	1	15	0
    10550	2021-10-28 17:03:57	1	1	15	0
   108673	2021-10-28 17:04:18	1	1	15	0
   108579	2021-10-28 17:04:29	1	1	15	0
   108611	2021-10-28 17:04:44	1	1	15	0
   108677	2021-10-28 17:05:01	1	1	15	0
   108638	2021-10-28 17:05:17	1	1	15	0
    10065	2021-10-28 17:05:40	1	1	15	0
   108669	2021-10-28 17:05:49	1	1	15	0
    10458	2021-10-28 17:05:58	1	1	15	0
   108674	2021-10-28 17:06:24	1	1	15	0
    10033	2021-10-28 17:07:04	1	1	15	0
   108568	2021-10-28 17:07:20	1	1	15	0
    10221	2021-10-28 17:07:28	1	1	15	0
   108585	2021-10-28 17:08:26	1	1	15	0
   108585	2021-10-28 17:08:28	1	1	15	0
   108587	2021-10-28 17:08:36	1	1	15	0
   108587	2021-10-28 17:08:39	1	1	15	0
   108667	2021-10-28 17:08:46	1	1	15	0
    10063	2021-10-28 17:10:48	1	1	15	0
   500001	2021-10-28 17:14:19	1	1	15	0
   500001	2021-10-28 17:14:21	1	1	15	0
   108678	2021-10-28 17:15:57	1	1	15	0
   108678	2021-10-28 17:15:59	1	1	15	0
   108671	2021-10-28 17:16:23	1	1	15	0
   102579	2021-10-28 17:18:38	1	1	15	0
   108556	2021-10-28 17:19:37	1	1	15	0
   108666	2021-10-28 17:20:16	1	1	15	0
    10076	2021-10-28 17:20:31	1	1	15	0
    10032	2021-10-28 17:25:00	1	1	15	0
    10159	2021-10-28 17:27:57	1	1	15	0
   108672	2021-10-28 17:31:01	1	1	15	0
   108591	2021-10-28 17:44:32	1	1	15	0
   108663	2021-10-28 18:13:14	1	1	15	0
   108598	2021-10-28 18:13:31	1	1	15	0
   108662	2021-10-28 18:29:29	1	1	15	0
   108658	2021-10-28 18:29:41	1	1	15	0
    10129	2021-10-28 18:58:53	1	1	15	0
   108610	2021-10-28 19:03:47	1	1	15	0
   108523	2021-10-28 19:03:52	1	1	15	0
   102542	2021-10-28 21:00:27	1	1	15	0
   108533	2021-10-28 21:00:39	1	1	15	0
   108638	2021-10-29 05:54:27	1	1	15	0
    10456	2021-10-29 05:57:09	1	0	15	0
   102526	2021-10-29 06:20:21	1	0	15	0
   101437	2021-10-29 06:22:29	1	0	15	0
   101437	2021-10-29 06:22:32	1	0	15	0
   108619	2021-10-29 06:32:34	1	0	15	0
   108617	2021-10-29 06:34:20	1	0	15	0
    10214	2021-10-29 06:38:57	1	0	15	0
    10356	2021-10-29 06:40:46	1	0	15	0
   108587	2021-10-29 06:43:24	1	0	15	0
   108587	2021-10-29 06:43:26	1	0	15	0
    10372	2021-10-29 06:55:57	1	0	15	0
    10372	2021-10-29 06:55:59	1	0	15	0
   108630	2021-10-29 06:57:41	1	0	15	0
   108533	2021-10-29 07:10:04	1	0	15	0
   101451	2021-10-29 07:10:55	1	0	15	0
   108635	2021-10-29 07:14:23	1	0	15	0
   108610	2021-10-29 07:24:38	1	0	15	0
   108556	2021-10-29 07:25:04	1	0	15	0
   108654	2021-10-29 07:25:32	1	0	15	0
    10159	2021-10-29 07:27:25	1	0	15	0
   108593	2021-10-29 07:27:31	1	0	15	0
   108593	2021-10-29 07:27:33	1	0	15	0
   102542	2021-10-29 07:27:44	1	0	15	0
   108568	2021-10-29 07:27:53	1	0	15	0
    10080	2021-10-29 07:28:17	1	0	15	0
   108523	2021-10-29 07:29:52	1	0	15	0
    10033	2021-10-29 07:30:21	1	0	15	0
   108538	2021-10-29 07:31:02	1	0	15	0
   108538	2021-10-29 07:31:04	1	0	15	0
   108472	2021-10-29 07:31:53	1	0	15	0
   108585	2021-10-29 07:32:02	1	0	15	0
    10278	2021-10-29 07:32:14	1	0	15	0
   108672	2021-10-29 07:34:16	1	0	15	0
   108549	2021-10-29 07:35:20	1	0	15	0
    10221	2021-10-29 07:38:58	1	0	15	0
   108667	2021-10-29 07:39:33	1	0	15	0
   101432	2021-10-29 07:41:33	1	0	15	0
   108673	2021-10-29 07:41:43	1	0	15	0
   108677	2021-10-29 07:41:56	1	0	15	0
   108669	2021-10-29 07:42:09	1	0	15	0
   108662	2021-10-29 07:42:44	1	0	15	0
    10025	2021-10-29 07:45:32	1	0	15	0
   108663	2021-10-29 07:48:18	1	0	15	0
    10309	2021-10-29 07:48:45	1	0	15	0
    10284	2021-10-29 07:49:31	1	0	15	0
    10228	2021-10-29 07:50:04	1	0	15	0
    10129	2021-10-29 07:50:27	1	0	15	0
    10065	2021-10-29 07:50:51	1	0	15	0
   108489	2021-10-29 07:50:59	1	0	15	0
   102524	2021-10-29 07:51:08	1	0	15	0
    10348	2021-10-29 07:51:27	1	0	15	0
   108658	2021-10-29 07:51:35	1	0	15	0
   108598	2021-10-29 07:51:47	1	0	15	0
    19980	2021-10-29 07:53:38	1	0	15	0
   108674	2021-10-29 07:54:38	1	0	15	0
   108469	2021-10-29 07:55:49	1	0	15	0
    10032	2021-10-29 07:56:22	1	0	15	0
   108678	2021-10-29 07:56:57	1	0	15	0
    10138	2021-10-29 07:59:33	1	0	15	0
   108591	2021-10-29 08:02:18	1	0	15	0
   108591	2021-10-29 08:02:20	1	0	15	0
    10063	2021-10-29 08:06:08	1	0	15	0
   108671	2021-10-29 08:06:16	1	0	15	0
    10076	2021-10-29 08:06:32	1	0	15	0
    10076	2021-10-29 08:06:34	1	0	15	0
   108666	2021-10-29 08:07:29	1	0	15	0
    10458	2021-10-29 08:09:08	1	0	15	0
   108611	2021-10-29 08:11:52	1	0	15	0
   108613	2021-10-29 08:32:17	1	0	15	0
   108579	2021-10-29 08:34:41	1	0	15	0
   102579	2021-10-29 08:40:42	1	0	15	0
    10550	2021-10-29 08:44:05	1	0	15	0
   108515	2021-10-29 09:10:47	1	0	15	0
    10550	2021-10-29 12:01:47	1	0	15	0
    10025	2021-10-29 12:02:59	1	0	15	0
   108638	2021-10-29 15:03:48	1	0	15	0
   108593	2021-10-29 16:00:44	1	0	15	0
   108538	2021-10-29 16:01:13	1	0	15	0
    10214	2021-10-29 16:01:23	1	0	15	0
   108619	2021-10-29 16:01:31	1	0	15	0
    10356	2021-10-29 16:01:39	1	0	15	0
   108613	2021-10-29 16:01:53	1	0	15	0
   108630	2021-10-29 16:02:01	1	0	15	0
   108630	2021-10-29 16:02:03	1	0	15	0
    10284	2021-10-29 16:02:11	1	0	15	0
   101451	2021-10-29 16:02:20	1	0	15	0
   108472	2021-10-29 16:02:42	1	1	15	0
    10278	2021-10-29 16:02:56	1	1	15	0
   101437	2021-10-29 16:03:02	1	1	15	0
    10080	2021-10-29 16:03:07	1	1	15	0
    10372	2021-10-29 16:05:03	1	1	15	0
    10228	2021-10-29 16:06:29	1	1	15	0
    10456	2021-10-29 16:10:46	1	1	15	0
   108469	2021-10-29 16:12:47	1	1	15	0
   108587	2021-10-29 16:16:37	1	1	15	0
   108587	2021-10-29 16:16:39	1	1	15	0
   102526	2021-10-29 16:16:53	1	1	15	0
   108617	2021-10-29 17:02:28	1	1	15	0
   108598	2021-10-29 17:02:35	1	1	15	0
   108610	2021-10-29 17:02:40	1	1	15	0
   108663	2021-10-29 17:02:46	1	1	15	0
   108635	2021-10-29 17:02:55	1	1	15	0
   108658	2021-10-29 17:03:02	1	1	15	0
   108489	2021-10-29 17:03:11	1	1	15	0
   108667	2021-10-29 17:03:21	1	1	15	0
   108672	2021-10-29 17:03:31	1	1	15	0
   108579	2021-10-29 17:03:42	1	1	15	0
   108677	2021-10-29 17:03:52	1	1	15	0
   108671	2021-10-29 17:04:03	1	1	15	0
    10033	2021-10-29 17:04:09	1	1	15	0
   108673	2021-10-29 17:04:15	1	1	15	0
   108523	2021-10-29 17:04:21	1	1	15	0
   108591	2021-10-29 17:04:30	1	1	15	0
   108669	2021-10-29 17:04:41	1	1	15	0
   102579	2021-10-29 17:04:55	1	1	15	0
   108611	2021-10-29 17:05:33	1	1	15	0
   102524	2021-10-29 17:05:52	1	1	15	0
    19980	2021-10-29 17:06:18	1	1	15	0
   108662	2021-10-29 17:06:40	1	1	15	0
   108662	2021-10-29 17:06:43	1	1	15	0
   101432	2021-10-29 17:07:00	1	1	15	0
    10063	2021-10-29 17:07:14	1	1	15	0
    10221	2021-10-29 17:07:29	1	1	15	0
    10065	2021-10-29 17:07:40	1	1	15	0
   108674	2021-10-29 17:07:49	1	1	15	0
    10076	2021-10-29 17:07:57	1	1	15	0
   108568	2021-10-29 17:08:10	1	1	15	0
   108515	2021-10-29 17:08:15	1	1	15	0
   108678	2021-10-29 17:08:39	1	1	15	0
    10458	2021-10-29 17:08:56	1	1	15	0
   108556	2021-10-29 17:10:34	1	1	15	0
   108549	2021-10-29 17:10:43	1	1	15	0
    10138	2021-10-29 17:11:00	1	1	15	0
   108585	2021-10-29 17:16:27	1	1	15	0
   108533	2021-10-29 20:16:25	1	1	15	0
    10032	2021-10-29 20:25:12	1	1	15	0
   102542	2021-10-29 20:33:09	1	1	15	0
   108666	2021-10-29 22:11:21	1	1	15	0
    10309	2021-10-29 22:23:42	1	1	15	0
    10456	2021-10-30 06:13:03	1	0	15	0
   101437	2021-10-30 06:22:16	1	0	15	0
    10159	2021-10-30 06:29:25	1	0	15	0
   102526	2021-10-30 06:31:06	1	0	15	0
   108587	2021-10-30 06:31:45	1	0	15	0
   108587	2021-10-30 06:31:48	1	0	15	0
    10309	2021-10-30 06:38:15	1	0	15	0
    10324	2021-10-30 06:52:21	1	0	15	0
    10324	2021-10-30 06:52:23	1	0	15	0
   108630	2021-10-30 06:54:45	1	0	15	0
    10372	2021-10-30 07:04:04	1	0	15	0
    10372	2021-10-30 07:04:07	1	0	15	0
    10214	2021-10-30 07:15:38	1	0	15	0
    10356	2021-10-30 07:16:22	1	0	15	0
    10356	2021-10-30 07:16:24	1	0	15	0
   108593	2021-10-30 07:18:49	1	0	15	0
   108533	2021-10-30 07:28:35	1	0	15	0
    10278	2021-10-30 07:29:24	1	0	15	0
    10033	2021-10-30 07:33:30	1	0	15	0
   102542	2021-10-30 07:34:25	1	0	15	0
   108662	2021-10-30 07:43:24	1	0	15	0
   108667	2021-10-30 07:44:32	1	0	15	0
   108523	2021-10-30 07:51:25	1	0	15	0
    10032	2021-10-30 07:53:07	1	0	15	0
    10138	2021-10-30 07:53:43	1	0	15	0
    10129	2021-10-30 07:54:18	1	0	15	0
   108619	2021-10-30 07:56:29	1	0	15	0
   108672	2021-10-30 07:57:30	1	0	15	0
    19980	2021-10-30 07:59:07	1	0	15	0
    19980	2021-10-30 07:59:09	1	0	15	0
   108469	2021-10-30 08:00:57	1	0	15	0
   102544	2021-10-30 08:04:31	1	0	15	0
   108549	2021-10-30 08:04:38	1	0	15	0
    10076	2021-10-30 08:20:41	1	0	15	0
   108472	2021-10-30 08:49:25	1	0	15	0
    10309	2021-10-30 12:36:25	1	0	15	0
   102526	2021-10-30 12:41:15	1	0	15	0
   108587	2021-10-30 12:45:25	1	0	15	0
   102544	2021-10-30 14:16:39	1	0	15	0
    10033	2021-10-30 14:30:23	1	0	15	0
    10309	2021-10-30 15:17:40	1	0	15	0
   108630	2021-10-30 16:00:26	1	0	15	0
    10324	2021-10-30 16:01:21	1	1	15	0
   108619	2021-10-30 16:01:37	1	1	15	0
    10214	2021-10-30 16:01:45	1	1	15	0
   101437	2021-10-30 16:01:53	1	1	15	0
    10372	2021-10-30 16:02:00	1	1	15	0
    10372	2021-10-30 16:02:03	1	1	15	0
    10356	2021-10-30 16:02:22	1	1	15	0
   108533	2021-10-30 16:02:57	1	1	15	0
   102542	2021-10-30 16:03:05	1	1	15	0
   108593	2021-10-30 16:03:47	1	1	15	0
   108472	2021-10-30 16:06:09	1	1	15	0
   108598	2021-10-30 16:08:34	1	1	15	0
    10278	2021-10-30 16:09:28	1	1	15	0
    10032	2021-10-30 16:26:14	1	1	15	0
   108469	2021-10-30 16:32:48	1	1	15	0
    10456	2021-10-30 16:45:36	1	1	15	0
   108667	2021-10-30 17:04:05	1	1	15	0
   108523	2021-10-30 17:04:12	1	1	15	0
   108662	2021-10-30 17:04:58	1	1	15	0
    19980	2021-10-30 17:05:28	1	1	15	0
    10076	2021-10-30 17:06:05	1	1	15	0
   108672	2021-10-30 17:08:36	1	1	15	0
   108598	2021-10-30 18:36:22	1	1	15	0
   108549	2021-10-30 19:00:38	1	1	15	0
    10138	2021-10-30 19:00:59	1	1	15	0
    10129	2021-10-30 19:02:53	1	1	15	0
    10309	2021-10-30 19:54:37	1	1	15	0
   108619	2021-10-31 06:25:20	1	1	15	0
    10356	2021-10-31 06:36:34	1	0	15	0
    10214	2021-10-31 06:36:55	1	0	15	0
   102544	2021-10-31 11:26:20	1	0	15	0
    10356	2021-10-31 11:34:28	1	1	15	0
    10214	2021-10-31 11:34:40	1	1	15	0
   108619	2021-10-31 11:41:52	1	1	15	0
    10356	2021-10-31 12:54:29	1	0	15	0
    10214	2021-10-31 12:54:37	1	0	15	0
    10356	2021-10-31 16:02:40	1	1	15	0
    10214	2021-10-31 16:02:49	1	1	15	0
   102544	2021-10-31 19:39:43	1	1	15	0
   102544	2021-11-01 11:44:24	1	1	15	0
   102544	2021-11-01 20:05:36	1	1	15	0
   102544	2021-11-01 20:05:38	1	1	15	0
    10456	2021-11-02 06:18:40	1	0	15	0
   102526	2021-11-02 06:19:57	1	0	15	0
   101437	2021-11-02 06:26:17	1	0	15	0
   101436	2021-11-02 06:51:04	1	0	15	0
   108630	2021-11-02 06:54:35	1	0	15	0
   108617	2021-11-02 06:55:30	1	0	15	0
   108556	2021-11-02 06:57:44	1	0	15	0
   108587	2021-11-02 07:03:08	1	0	15	0
   108587	2021-11-02 07:03:11	1	0	15	0
    10065	2021-11-02 07:09:11	1	0	15	0
    10356	2021-11-02 07:16:03	1	0	15	0
   108654	2021-11-02 07:18:27	1	0	15	0
    10159	2021-11-02 07:19:46	1	0	15	0
    10324	2021-11-02 07:22:56	1	0	15	0
    10278	2021-11-02 07:24:51	1	0	15	0
    10080	2021-11-02 07:25:08	1	0	15	0
    10372	2021-11-02 07:25:44	1	0	15	0
    10372	2021-11-02 07:25:46	1	0	15	0
   108472	2021-11-02 07:31:20	1	0	15	0
   108585	2021-11-02 07:31:28	1	0	15	0
   108674	2021-11-02 07:35:22	1	0	15	0
   108662	2021-11-02 07:39:16	1	0	15	0
   108662	2021-11-02 07:39:18	1	0	15	0
   101432	2021-11-02 07:41:29	1	0	15	0
   108669	2021-11-02 07:41:44	1	0	15	0
   108619	2021-11-02 07:47:36	1	0	15	0
    10221	2021-11-02 07:47:51	1	0	15	0
    19980	2021-11-02 07:49:59	1	0	15	0
    19980	2021-11-02 07:50:02	1	0	15	0
   108667	2021-11-02 07:50:41	1	0	15	0
   108568	2021-11-02 07:51:18	1	0	15	0
   108677	2021-11-02 07:52:02	1	0	15	0
   108610	2021-11-02 07:52:25	1	0	15	0
   108469	2021-11-02 07:55:01	1	0	15	0
    10129	2021-11-02 07:55:21	1	0	15	0
   108611	2021-11-02 07:56:32	1	0	15	0
    10033	2021-11-02 07:57:41	1	0	15	0
   108538	2021-11-02 07:58:22	1	0	15	0
   108635	2021-11-02 07:59:23	1	0	15	0
    10032	2021-11-02 08:00:52	1	0	15	0
   108658	2021-11-02 08:01:57	1	0	15	0
    10138	2021-11-02 08:03:18	1	0	15	0
   108678	2021-11-02 08:03:31	1	0	15	0
   108666	2021-11-02 08:03:58	1	0	15	0
   108666	2021-11-02 08:04:00	1	0	15	0
    10309	2021-11-02 08:05:00	1	0	15	0
    10149	2021-11-02 08:09:09	1	0	15	0
    10149	2021-11-02 08:09:11	1	0	15	0
    10076	2021-11-02 08:09:20	1	0	15	0
   108598	2021-11-02 08:10:02	1	0	15	0
   108663	2021-11-02 08:12:45	1	0	15	0
   108663	2021-11-02 08:12:48	1	0	15	0
    10073	2021-11-02 08:16:03	1	0	15	0
   500001	2021-11-02 08:18:31	1	0	15	0
   102579	2021-11-02 08:31:41	1	0	15	0
   108515	2021-11-02 08:42:02	1	0	15	0
    10550	2021-11-02 12:16:53	1	0	15	0
   102544	2021-11-02 12:42:35	1	0	15	0
   101437	2021-11-02 16:01:48	1	0	15	0
    10356	2021-11-02 16:02:18	1	1	15	0
    10456	2021-11-02 16:02:45	1	1	15	0
   108619	2021-11-02 16:02:54	1	1	15	0
   108472	2021-11-02 16:03:10	1	1	15	0
   108538	2021-11-02 16:03:30	1	1	15	0
    10138	2021-11-02 16:04:27	1	1	15	0
    10278	2021-11-02 16:06:02	1	1	15	0
   108469	2021-11-02 16:06:06	1	1	15	0
    10348	2021-11-02 16:06:20	1	1	15	0
    10309	2021-11-02 16:39:59	1	1	15	0
   102526	2021-11-02 16:40:07	1	1	15	0
   108587	2021-11-02 16:41:45	1	1	15	0
   108654	2021-11-02 17:01:26	1	1	15	0
   108630	2021-11-02 17:01:39	1	1	15	0
   102544	2021-11-02 17:01:46	1	1	15	0
   101432	2021-11-02 17:02:11	1	1	15	0
    10080	2021-11-02 17:02:16	1	1	15	0
    10372	2021-11-02 17:02:24	1	1	15	0
    19980	2021-11-02 17:02:50	1	1	15	0
   108677	2021-11-02 17:03:18	1	1	15	0
   108617	2021-11-02 17:03:47	1	1	15	0
    10221	2021-11-02 17:04:07	1	1	15	0
    10550	2021-11-02 17:04:31	1	1	15	0
   108611	2021-11-02 17:04:49	1	1	15	0
   500001	2021-11-02 17:05:10	1	1	15	0
   108669	2021-11-02 17:05:54	1	1	15	0
   108610	2021-11-02 17:06:46	1	1	15	0
    10065	2021-11-02 17:06:55	1	1	15	0
   108678	2021-11-02 17:07:30	1	1	15	0
   108568	2021-11-02 17:07:47	1	1	15	0
    10033	2021-11-02 17:08:55	1	1	15	0
   108663	2021-11-02 17:09:25	1	1	15	0
   108598	2021-11-02 17:09:46	1	1	15	0
   108658	2021-11-02 17:10:01	1	1	15	0
   108674	2021-11-02 17:10:15	1	1	15	0
   102579	2021-11-02 17:11:07	1	1	15	0
   108635	2021-11-02 17:11:24	1	1	15	0
   108556	2021-11-02 17:11:54	1	1	15	0
    10076	2021-11-02 17:12:16	1	1	15	0
   108585	2021-11-02 17:13:50	1	1	15	0
    10149	2021-11-02 17:14:42	1	1	15	0
    10159	2021-11-02 17:21:11	1	1	15	0
    10032	2021-11-02 17:24:56	1	1	15	0
    10458	2021-11-02 18:01:13	1	1	15	0
    10129	2021-11-02 18:09:54	1	1	15	0
   108515	2021-11-02 18:31:21	1	1	15	0
   108667	2021-11-02 20:11:14	1	1	15	0
   108662	2021-11-02 20:11:21	1	1	15	0
   108666	2021-11-02 21:25:19	1	1	15	0
   101437	2021-11-03 06:09:40	1	1	15	0
   101437	2021-11-03 06:09:43	1	1	15	0
   101437	2021-11-03 06:10:00	1	0	15	0
    10456	2021-11-03 06:13:43	1	0	15	0
   102526	2021-11-03 06:13:59	1	0	15	0
   108593	2021-11-03 06:26:35	1	0	15	0
   108617	2021-11-03 06:50:45	1	0	15	0
    10372	2021-11-03 07:02:09	1	0	15	0
   108662	2021-11-03 07:05:34	1	0	15	0
   108587	2021-11-03 07:06:55	1	0	15	0
   108587	2021-11-03 07:06:57	1	0	15	0
   108630	2021-11-03 07:07:24	1	0	15	0
   108556	2021-11-03 07:09:23	1	0	15	0
    10159	2021-11-03 07:14:02	1	0	15	0
   101451	2021-11-03 07:15:07	1	0	15	0
    10214	2021-11-03 07:18:00	1	0	15	0
    10356	2021-11-03 07:19:28	1	0	15	0
   108533	2021-11-03 07:19:50	1	0	15	0
    10278	2021-11-03 07:22:37	1	0	15	0
   108654	2021-11-03 07:23:20	1	0	15	0
   108663	2021-11-03 07:28:35	1	0	15	0
    10065	2021-11-03 07:29:04	1	0	15	0
    10080	2021-11-03 07:31:27	1	0	15	0
   108472	2021-11-03 07:31:42	1	0	15	0
   108585	2021-11-03 07:35:29	1	0	15	0
   108568	2021-11-03 07:36:51	1	0	15	0
   108591	2021-11-03 07:37:23	1	0	15	0
   108669	2021-11-03 07:40:11	1	0	15	0
   108538	2021-11-03 07:40:34	1	0	15	0
   108658	2021-11-03 07:42:18	1	0	15	0
    10284	2021-11-03 07:43:00	1	0	15	0
   108672	2021-11-03 07:43:46	1	0	15	0
    10033	2021-11-03 07:44:14	1	0	15	0
   108619	2021-11-03 07:44:25	1	0	15	0
   108638	2021-11-03 07:44:41	1	0	15	0
   108489	2021-11-03 07:45:23	1	0	15	0
   102524	2021-11-03 07:45:32	1	0	15	0
   108677	2021-11-03 07:46:24	1	0	15	0
   108613	2021-11-03 07:47:38	1	0	15	0
   101432	2021-11-03 07:47:47	1	0	15	0
   108674	2021-11-03 07:49:30	1	0	15	0
    10221	2021-11-03 07:49:46	1	0	15	0
    19980	2021-11-03 07:50:08	1	0	15	0
   108667	2021-11-03 07:50:21	1	0	15	0
    10129	2021-11-03 07:51:48	1	0	15	0
   108469	2021-11-03 07:55:08	1	0	15	0
   108598	2021-11-03 07:59:47	1	0	15	0
   108579	2021-11-03 08:00:39	1	0	15	0
    10032	2021-11-03 08:01:35	1	0	15	0
    10309	2021-11-03 08:01:41	1	0	15	0
    10309	2021-11-03 08:01:43	1	0	15	0
   500001	2021-11-03 08:02:27	1	0	15	0
   108635	2021-11-03 08:04:00	1	0	15	0
    10138	2021-11-03 08:04:34	1	0	15	0
   108678	2021-11-03 08:05:08	1	0	15	0
    10063	2021-11-03 08:06:54	1	0	15	0
    10149	2021-11-03 08:07:01	1	0	15	0
   108671	2021-11-03 08:07:33	1	0	15	0
   108523	2021-11-03 08:07:40	1	0	15	0
   108549	2021-11-03 08:07:52	1	0	15	0
    10348	2021-11-03 08:08:00	1	0	15	0
    10076	2021-11-03 08:08:07	1	0	15	0
    10076	2021-11-03 08:08:09	1	0	15	0
    10550	2021-11-03 08:10:28	1	0	15	0
   108666	2021-11-03 08:10:44	1	0	15	0
    10458	2021-11-03 08:14:07	1	0	15	0
   108515	2021-11-03 08:14:37	1	0	15	0
   108611	2021-11-03 08:21:34	1	0	15	0
    10073	2021-11-03 08:26:59	1	0	15	0
   108610	2021-11-03 11:50:08	1	0	15	0
    10456	2021-11-03 16:02:03	1	1	15	0
   108538	2021-11-03 16:02:19	1	1	15	0
   108613	2021-11-03 16:02:53	1	1	15	0
    10284	2021-11-03 16:03:26	1	1	15	0
   108472	2021-11-03 16:03:55	1	1	15	0
    10278	2021-11-03 16:04:06	1	1	15	0
   108469	2021-11-03 16:04:59	1	1	15	0
   102526	2021-11-03 16:05:38	1	1	15	0
    10309	2021-11-03 16:06:22	1	1	15	0
   108587	2021-11-03 16:07:08	1	1	15	0
   108587	2021-11-03 16:07:11	1	1	15	0
    10138	2021-11-03 16:10:27	1	1	15	0
   108549	2021-11-03 16:13:40	1	1	15	0
   108654	2021-11-03 17:00:45	1	1	15	0
   102524	2021-11-03 17:01:04	1	1	15	0
    10080	2021-11-03 17:01:12	1	1	15	0
   108619	2021-11-03 17:01:21	1	1	15	0
   101451	2021-11-03 17:01:30	1	1	15	0
    10356	2021-11-03 17:01:39	1	1	15	0
   101437	2021-11-03 17:01:49	1	1	15	0
    10214	2021-11-03 17:01:57	1	1	15	0
   108630	2021-11-03 17:02:05	1	1	15	0
   101432	2021-11-03 17:02:19	1	1	15	0
   108617	2021-11-03 17:02:27	1	1	15	0
   108677	2021-11-03 17:03:10	1	1	15	0
    19980	2021-11-03 17:03:25	1	1	15	0
    10372	2021-11-03 17:03:34	1	1	15	0
   108579	2021-11-03 17:03:44	1	1	15	0
   108579	2021-11-03 17:03:47	1	1	15	0
   108678	2021-11-03 17:04:06	1	1	15	0
   108489	2021-11-03 17:04:18	1	1	15	0
   108638	2021-11-03 17:04:30	1	1	15	0
   108635	2021-11-03 17:04:39	1	1	15	0
    10033	2021-11-03 17:04:49	1	1	15	0
   108611	2021-11-03 17:05:15	1	1	15	0
    10221	2021-11-03 17:05:47	1	1	15	0
   108610	2021-11-03 17:06:50	1	1	15	0
   108610	2021-11-03 17:06:53	1	1	15	0
   108658	2021-11-03 17:07:00	1	1	15	0
   108663	2021-11-03 17:07:06	1	1	15	0
   500001	2021-11-03 17:07:20	1	1	15	0
   500001	2021-11-03 17:07:23	1	1	15	0
   108523	2021-11-03 17:07:31	1	1	15	0
   108556	2021-11-03 17:07:58	1	1	15	0
    10065	2021-11-03 17:08:06	1	1	15	0
    10065	2021-11-03 17:08:09	1	1	15	0
    10065	2021-11-03 17:08:20	1	1	15	0
   108669	2021-11-03 17:08:57	1	1	15	0
    10348	2021-11-03 17:16:23	1	1	15	0
    10550	2021-11-03 17:18:11	1	1	15	0
   108674	2021-11-03 17:19:21	1	1	15	0
   108591	2021-11-03 17:23:42	1	1	15	0
   108672	2021-11-03 17:36:30	1	1	15	0
   108671	2021-11-03 17:36:39	1	1	15	0
   108568	2021-11-03 17:37:35	1	1	15	0
    10076	2021-11-03 17:40:40	1	1	15	0
    10063	2021-11-03 17:41:29	1	1	15	0
    10149	2021-11-03 17:41:42	1	1	15	0
    10458	2021-11-03 18:01:41	1	1	15	0
   108585	2021-11-03 18:03:08	1	1	15	0
    10159	2021-11-03 18:19:56	1	1	15	0
    10032	2021-11-03 18:30:40	1	1	15	0
    10129	2021-11-03 18:33:23	1	1	15	0
   108515	2021-11-03 19:03:44	1	1	15	0
   108593	2021-11-03 20:00:57	1	1	15	0
   108593	2021-11-03 20:01:00	1	1	15	0
   108533	2021-11-03 20:01:07	1	1	15	0
   108667	2021-11-03 21:14:47	1	1	15	0
   108662	2021-11-03 21:14:54	1	1	15	0
   108666	2021-11-03 21:24:49	1	1	15	0
   108638	2021-11-04 05:55:01	1	1	15	0
    10456	2021-11-04 06:10:05	1	0	15	0
   101437	2021-11-04 06:18:46	1	0	15	0
   108617	2021-11-04 06:38:16	1	0	15	0
   102526	2021-11-04 06:43:15	1	0	15	0
    10372	2021-11-04 06:50:37	1	0	15	0
   108673	2021-11-04 06:57:06	1	0	15	0
   108630	2021-11-04 06:57:30	1	0	15	0
   108587	2021-11-04 06:59:40	1	0	15	0
    10214	2021-11-04 07:05:30	1	0	15	0
    10356	2021-11-04 07:06:42	1	0	15	0
   108556	2021-11-04 07:13:23	1	0	15	0
    10080	2021-11-04 07:13:37	1	0	15	0
   101451	2021-11-04 07:13:49	1	0	15	0
   108533	2021-11-04 07:16:49	1	0	15	0
   108549	2021-11-04 07:17:34	1	0	15	0
    10278	2021-11-04 07:20:45	1	0	15	0
    10278	2021-11-04 07:20:47	1	0	15	0
   102542	2021-11-04 07:25:16	1	0	15	0
    10159	2021-11-04 07:28:09	1	0	15	0
   108472	2021-11-04 07:34:18	1	0	15	0
    10033	2021-11-04 07:35:14	1	0	15	0
   108658	2021-11-04 07:36:00	1	0	15	0
    10065	2021-11-04 07:36:28	1	0	15	0
   108593	2021-11-04 07:37:56	1	0	15	0
   108669	2021-11-04 07:38:50	1	0	15	0
   108538	2021-11-04 07:39:32	1	0	15	0
    10221	2021-11-04 07:40:01	1	0	15	0
   101432	2021-11-04 07:41:09	1	0	15	0
   108663	2021-11-04 07:42:47	1	0	15	0
   108667	2021-11-04 07:43:44	1	0	15	0
   108662	2021-11-04 07:43:52	1	0	15	0
    10284	2021-11-04 07:45:19	1	0	15	0
   108619	2021-11-04 07:48:55	1	0	15	0
   108674	2021-11-04 07:50:31	1	0	15	0
    19980	2021-11-04 07:50:54	1	0	15	0
    10138	2021-11-04 07:51:18	1	0	15	0
   108489	2021-11-04 07:51:47	1	0	15	0
   102524	2021-11-04 07:51:56	1	0	15	0
   102544	2021-11-04 07:53:12	1	0	15	0
    10032	2021-11-04 07:53:56	1	0	15	0
    10129	2021-11-04 07:54:06	1	0	15	0
   108677	2021-11-04 07:55:28	1	0	15	0
   108469	2021-11-04 07:55:56	1	0	15	0
    10228	2021-11-04 07:56:37	1	0	15	0
   108635	2021-11-04 07:56:55	1	0	15	0
   108523	2021-11-04 07:57:10	1	0	15	0
   108598	2021-11-04 07:57:20	1	0	15	0
    10309	2021-11-04 07:58:13	1	0	15	0
   108672	2021-11-04 07:59:50	1	0	15	0
   500001	2021-11-04 08:00:34	1	0	15	0
   108666	2021-11-04 08:02:20	1	0	15	0
   108678	2021-11-04 08:02:49	1	0	15	0
   108579	2021-11-04 08:03:25	1	0	15	0
   108579	2021-11-04 08:03:28	1	0	15	0
    10458	2021-11-04 08:04:17	1	0	15	0
   108568	2021-11-04 08:05:37	1	0	15	0
    10348	2021-11-04 08:08:34	1	0	15	0
    10063	2021-11-04 08:11:48	1	0	15	0
   108610	2021-11-04 08:11:55	1	0	15	0
   108671	2021-11-04 08:12:01	1	0	15	0
    10076	2021-11-04 08:12:12	1	0	15	0
   108611	2021-11-04 08:13:17	1	0	15	0
   108591	2021-11-04 08:17:47	1	0	15	0
   108515	2021-11-04 08:23:57	1	0	15	0
    10149	2021-11-04 08:52:07	1	0	15	0
   102579	2021-11-04 09:10:31	1	0	15	0
   108591	2021-11-04 12:43:57	1	0	15	0
   108672	2021-11-04 15:25:01	1	0	15	0
   108593	2021-11-04 16:00:24	1	0	15	0
   101437	2021-11-04 16:01:39	1	0	15	0
   108538	2021-11-04 16:02:23	1	1	15	0
    10356	2021-11-04 16:02:53	1	1	15	0
    10214	2021-11-04 16:03:03	1	1	15	0
    10372	2021-11-04 16:03:12	1	1	15	0
   108472	2021-11-04 16:03:40	1	1	15	0
    10228	2021-11-04 16:06:44	1	1	15	0
    10278	2021-11-04 16:06:54	1	1	15	0
   108619	2021-11-04 16:07:13	1	1	15	0
   108469	2021-11-04 16:08:33	1	1	15	0
    10284	2021-11-04 16:08:41	1	1	15	0
    10138	2021-11-04 16:09:05	1	1	15	0
    10348	2021-11-04 16:10:18	1	1	15	0
   108549	2021-11-04 16:17:41	1	1	15	0
    10458	2021-11-04 17:01:15	1	1	15	0
   108515	2021-11-04 17:01:24	1	1	15	0
   108630	2021-11-04 17:01:46	1	1	15	0
   102524	2021-11-04 17:01:55	1	1	15	0
    10456	2021-11-04 17:02:00	1	1	15	0
   108579	2021-11-04 17:02:11	1	1	15	0
    10080	2021-11-04 17:02:18	1	1	15	0
   101432	2021-11-04 17:02:40	1	1	15	0
   108677	2021-11-04 17:02:50	1	1	15	0
   101451	2021-11-04 17:03:09	1	1	15	0
   108568	2021-11-04 17:03:18	1	1	15	0
    10221	2021-11-04 17:03:26	1	1	15	0
   108489	2021-11-04 17:03:33	1	1	15	0
   108617	2021-11-04 17:03:41	1	1	15	0
    19980	2021-11-04 17:03:53	1	1	15	0
   108611	2021-11-04 17:04:08	1	1	15	0
   102544	2021-11-04 17:04:14	1	1	15	0
   108673	2021-11-04 17:04:34	1	1	15	0
   108587	2021-11-04 17:04:59	1	1	15	0
   108638	2021-11-04 17:05:05	1	1	15	0
   108635	2021-11-04 17:05:13	1	1	15	0
   108678	2021-11-04 17:05:34	1	1	15	0
   108667	2021-11-04 17:05:50	1	1	15	0
    10033	2021-11-04 17:05:59	1	1	15	0
   108669	2021-11-04 17:06:50	1	1	15	0
    10065	2021-11-04 17:07:44	1	1	15	0
   102579	2021-11-04 17:08:18	1	1	15	0
   108556	2021-11-04 17:08:45	1	1	15	0
   108674	2021-11-04 17:10:48	1	1	15	0
   500001	2021-11-04 17:13:03	1	1	15	0
   102526	2021-11-04 17:17:29	1	1	15	0
    10309	2021-11-04 17:17:41	1	1	15	0
    10032	2021-11-04 17:24:21	1	1	15	0
   108598	2021-11-04 17:28:12	1	1	15	0
   108663	2021-11-04 17:28:20	1	1	15	0
   108523	2021-11-04 17:28:29	1	1	15	0
   108658	2021-11-04 17:28:44	1	1	15	0
   108662	2021-11-04 17:53:53	1	1	15	0
   108610	2021-11-04 17:54:50	1	1	15	0
   108671	2021-11-04 17:56:02	1	1	15	0
    10076	2021-11-04 17:57:48	1	1	15	0
    10063	2021-11-04 17:57:59	1	1	15	0
    10149	2021-11-04 18:00:01	1	1	15	0
    10159	2021-11-04 18:02:10	1	1	15	0
   108666	2021-11-04 18:11:59	1	1	15	0
    10129	2021-11-04 18:24:55	1	1	15	0
   102542	2021-11-04 21:58:57	1	1	15	0
    10278	2021-11-05 03:42:11	1	1	15	0
    10278	2021-11-05 03:42:13	1	1	15	0
    10278	2021-11-05 03:42:45	1	1	15	0
    10278	2021-11-05 03:43:00	1	0	15	0
   108538	2021-11-05 03:49:34	1	0	15	0
   101437	2021-11-05 06:19:21	1	0	15	0
   101437	2021-11-05 06:19:24	1	0	15	0
   102526	2021-11-05 06:41:08	1	0	15	0
   108617	2021-11-05 06:46:34	1	0	15	0
   108587	2021-11-05 06:59:46	1	0	15	0
    10372	2021-11-05 07:03:05	1	0	15	0
    10080	2021-11-05 07:04:02	1	0	15	0
   108630	2021-11-05 07:07:53	1	0	15	0
   108610	2021-11-05 07:09:45	1	0	15	0
   101451	2021-11-05 07:11:22	1	0	15	0
   108654	2021-11-05 07:16:32	1	0	15	0
   102542	2021-11-05 07:19:28	1	0	15	0
    10214	2021-11-05 07:19:57	1	0	15	0
    10356	2021-11-05 07:20:30	1	0	15	0
   108662	2021-11-05 07:23:34	1	0	15	0
    10159	2021-11-05 07:23:47	1	0	15	0
   108585	2021-11-05 07:24:10	1	0	15	0
    10065	2021-11-05 07:28:32	1	0	15	0
   108472	2021-11-05 07:28:57	1	0	15	0
   108549	2021-11-05 07:34:42	1	0	15	0
   108638	2021-11-05 07:34:54	1	0	15	0
   108556	2021-11-05 07:35:17	1	0	15	0
   108672	2021-11-05 07:39:44	1	0	15	0
   108669	2021-11-05 07:41:29	1	0	15	0
   108663	2021-11-05 07:42:23	1	0	15	0
    10221	2021-11-05 07:43:52	1	0	15	0
    10033	2021-11-05 07:45:14	1	0	15	0
   108523	2021-11-05 07:45:32	1	0	15	0
    10228	2021-11-05 07:47:06	1	0	15	0
   108619	2021-11-05 07:48:20	1	0	15	0
   108568	2021-11-05 07:50:07	1	0	15	0
   108673	2021-11-05 07:50:15	1	0	15	0
   108667	2021-11-05 07:50:24	1	0	15	0
   108677	2021-11-05 07:50:38	1	0	15	0
   108469	2021-11-05 07:50:47	1	0	15	0
   108658	2021-11-05 07:50:54	1	0	15	0
   108489	2021-11-05 07:51:20	1	0	15	0
   102524	2021-11-05 07:51:31	1	0	15	0
    10138	2021-11-05 07:52:01	1	0	15	0
   108674	2021-11-05 07:53:19	1	0	15	0
    10284	2021-11-05 07:53:43	1	0	15	0
    10129	2021-11-05 07:54:48	1	0	15	0
   108613	2021-11-05 07:56:00	1	0	15	0
    10032	2021-11-05 07:56:44	1	0	15	0
   108635	2021-11-05 07:57:04	1	0	15	0
    10309	2021-11-05 07:58:30	1	0	15	0
   500001	2021-11-05 07:59:08	1	0	15	0
    10348	2021-11-05 07:59:23	1	0	15	0
    19980	2021-11-05 08:00:21	1	0	15	0
   108598	2021-11-05 08:00:42	1	0	15	0
   108678	2021-11-05 08:04:44	1	0	15	0
    10550	2021-11-05 08:04:52	1	0	15	0
   108579	2021-11-05 08:07:50	1	0	15	0
    10063	2021-11-05 08:08:50	1	0	15	0
   108671	2021-11-05 08:08:56	1	0	15	0
    10149	2021-11-05 08:09:02	1	0	15	0
    10076	2021-11-05 08:09:17	1	0	15	0
   108611	2021-11-05 08:16:53	1	0	15	0
   108666	2021-11-05 08:19:55	1	0	15	0
   108591	2021-11-05 08:41:39	1	0	15	0
   102579	2021-11-05 08:51:51	1	0	15	0
   108515	2021-11-05 08:57:07	1	0	15	0
   108630	2021-11-05 16:02:12	1	0	15	0
   108630	2021-11-05 16:02:18	1	0	15	0
   108549	2021-11-05 16:02:27	1	0	15	0
   108549	2021-11-05 16:02:32	1	0	15	0
   108613	2021-11-05 16:02:46	1	0	15	0
   108469	2021-11-05 16:02:56	1	0	15	0
   108472	2021-11-05 16:03:07	1	0	15	0
    10356	2021-11-05 16:03:20	1	0	15	0
    10214	2021-11-05 16:03:29	1	0	15	0
    10138	2021-11-05 16:03:50	1	0	15	0
    10372	2021-11-05 16:05:31	1	0	15	0
   101437	2021-11-05 16:05:45	1	0	15	0
   101437	2021-11-05 16:06:21	1	1	15	0
    10228	2021-11-05 16:07:52	1	1	15	0
    10284	2021-11-05 16:08:31	1	1	15	0
   108619	2021-11-05 16:10:59	1	1	15	0
    10080	2021-11-05 17:01:19	1	1	15	0
   101451	2021-11-05 17:01:49	1	1	15	0
   108617	2021-11-05 17:02:54	1	1	15	0
    10550	2021-11-05 17:03:02	1	1	15	0
   102524	2021-11-05 17:03:15	1	1	15	0
   108677	2021-11-05 17:03:24	1	1	15	0
   108677	2021-11-05 17:03:27	1	1	15	0
   108579	2021-11-05 17:03:34	1	1	15	0
   108673	2021-11-05 17:03:45	1	1	15	0
   108673	2021-11-05 17:03:47	1	1	15	0
    10458	2021-11-05 17:04:10	1	1	15	0
   108669	2021-11-05 17:04:42	1	1	15	0
   108635	2021-11-05 17:05:07	1	1	15	0
    10221	2021-11-05 17:05:31	1	1	15	0
    10033	2021-11-05 17:05:47	1	1	15	0
   108638	2021-11-05 17:06:19	1	1	15	0
    19980	2021-11-05 17:07:27	1	1	15	0
   108672	2021-11-05 17:07:35	1	1	15	0
   108662	2021-11-05 17:07:43	1	1	15	0
   500001	2021-11-05 17:07:58	1	1	15	0
   108611	2021-11-05 17:08:08	1	1	15	0
   108556	2021-11-05 17:08:39	1	1	15	0
    10032	2021-11-05 17:08:53	1	1	15	0
    10065	2021-11-05 17:09:40	1	1	15	0
   108667	2021-11-05 17:12:53	1	1	15	0
   108678	2021-11-05 17:16:56	1	1	15	0
   108489	2021-11-05 17:20:13	1	1	15	0
   108591	2021-11-05 17:20:34	1	1	15	0
   108663	2021-11-05 17:27:44	1	1	15	0
   108523	2021-11-05 17:27:57	1	1	15	0
   108658	2021-11-05 17:28:05	1	1	15	0
   108598	2021-11-05 17:28:33	1	1	15	0
   108610	2021-11-05 17:51:21	1	1	15	0
   102579	2021-11-05 17:54:56	1	1	15	0
   108674	2021-11-05 17:55:38	1	1	15	0
   108671	2021-11-05 17:56:00	1	1	15	0
   108568	2021-11-05 17:56:55	1	1	15	0
    10076	2021-11-05 17:57:13	1	1	15	0
    10063	2021-11-05 17:58:46	1	1	15	0
    10149	2021-11-05 18:01:03	1	1	15	0
   108515	2021-11-05 18:22:25	1	1	15	0
    10129	2021-11-05 18:34:09	1	1	15	0
    10159	2021-11-05 19:31:53	1	1	15	0
   102542	2021-11-05 20:00:36	1	1	15	0
   108533	2021-11-05 20:00:46	1	1	15	0
   108585	2021-11-05 20:03:08	1	1	15	0
   108538	2021-11-05 20:47:15	1	1	15	0
    10278	2021-11-05 20:52:00	1	1	15	0
    10278	2021-11-05 20:52:02	1	1	15	0
   108666	2021-11-05 21:38:27	1	1	15	0
    10309	2021-11-05 22:52:31	1	1	15	0
   102526	2021-11-05 23:00:05	1	1	15	0
   108587	2021-11-05 23:00:18	1	1	15	0
   101437	2021-11-06 06:14:18	1	0	15	0
   102526	2021-11-06 06:17:36	1	0	15	0
   108654	2021-11-06 06:40:01	1	0	15	0
    10372	2021-11-06 06:47:19	1	0	15	0
    10324	2021-11-06 06:49:00	1	0	15	0
    10324	2021-11-06 06:49:02	1	0	15	0
   108630	2021-11-06 07:03:28	1	0	15	0
   108587	2021-11-06 07:06:10	1	0	15	0
    10278	2021-11-06 07:23:11	1	0	15	0
    10138	2021-11-06 07:23:31	1	0	15	0
    10138	2021-11-06 07:23:34	1	0	15	0
   108472	2021-11-06 07:24:24	1	0	15	0
   108538	2021-11-06 07:26:26	1	0	15	0
    10159	2021-11-06 07:29:14	1	0	15	0
    10159	2021-11-06 07:29:16	1	0	15	0
   108549	2021-11-06 07:34:54	1	0	15	0
   108533	2021-11-06 07:35:13	1	0	15	0
    10033	2021-11-06 07:36:01	1	0	15	0
   102542	2021-11-06 07:40:39	1	0	15	0
   108672	2021-11-06 07:48:31	1	0	15	0
    19980	2021-11-06 07:50:09	1	0	15	0
   108619	2021-11-06 07:50:51	1	0	15	0
   108469	2021-11-06 07:51:51	1	0	15	0
   102544	2021-11-06 07:54:19	1	0	15	0
   108523	2021-11-06 07:54:38	1	0	15	0
   108662	2021-11-06 07:55:57	1	0	15	0
    10129	2021-11-06 07:56:15	1	0	15	0
    10309	2021-11-06 07:58:27	1	0	15	0
    10032	2021-11-06 07:59:10	1	0	15	0
   108667	2021-11-06 08:00:44	1	0	15	0
   108667	2021-11-06 08:00:46	1	0	15	0
    10080	2021-11-06 08:08:41	1	0	15	0
    10076	2021-11-06 08:32:47	1	0	15	0
   102579	2021-11-06 12:17:22	1	0	15	0
    10080	2021-11-06 13:03:59	1	0	15	0
    10159	2021-11-06 15:28:25	1	0	15	0
    10033	2021-11-06 15:31:02	1	0	15	0
   108654	2021-11-06 16:00:16	1	1	15	0
   108538	2021-11-06 16:00:21	1	1	15	0
   108630	2021-11-06 16:00:31	1	1	15	0
   108630	2021-11-06 16:00:32	1	1	15	0
   108472	2021-11-06 16:00:44	1	1	15	0
    10324	2021-11-06 16:00:52	1	1	15	0
   108469	2021-11-06 16:01:05	1	1	15	0
   101437	2021-11-06 16:01:17	1	1	15	0
    10278	2021-11-06 16:01:38	1	1	15	0
    10372	2021-11-06 16:01:45	1	1	15	0
   108619	2021-11-06 16:03:26	1	1	15	0
    10348	2021-11-06 16:04:55	1	1	15	0
   108549	2021-11-06 16:06:21	1	1	15	0
    10138	2021-11-06 16:06:31	1	1	15	0
   102544	2021-11-06 16:07:01	1	1	15	0
    10032	2021-11-06 16:59:25	1	1	15	0
   108667	2021-11-06 17:03:10	1	1	15	0
   108523	2021-11-06 17:03:18	1	1	15	0
    19980	2021-11-06 17:03:49	1	1	15	0
    10076	2021-11-06 17:03:59	1	1	15	0
   108662	2021-11-06 17:04:05	1	1	15	0
   102526	2021-11-06 17:04:15	1	1	15	0
   108672	2021-11-06 17:04:28	1	1	15	0
   108533	2021-11-06 17:04:47	1	1	15	0
   108587	2021-11-06 17:06:32	1	1	15	0
   102579	2021-11-06 17:07:33	1	1	15	0
    10309	2021-11-06 17:07:46	1	1	15	0
   102542	2021-11-06 17:09:15	1	1	15	0
    10129	2021-11-06 18:08:34	1	1	15	0
   108533	2021-11-07 06:39:40	1	1	15	0
   102542	2021-11-07 06:55:28	1	1	15	0
   108533	2021-11-07 15:01:24	1	1	15	0
   102542	2021-11-07 15:01:59	1	1	15	0
    10159	2021-11-08 06:02:23	1	1	15	0
   101437	2021-11-08 06:08:27	1	1	15	0
   101437	2021-11-08 06:09:49	1	0	15	0
    10456	2021-11-08 06:09:57	1	0	15	0
   102526	2021-11-08 06:19:34	1	0	15	0
   108617	2021-11-08 06:34:41	1	0	15	0
   102544	2021-11-08 06:56:55	1	0	15	0
   108587	2021-11-08 06:59:27	1	0	15	0
    10214	2021-11-08 07:09:20	1	0	15	0
    10356	2021-11-08 07:10:03	1	0	15	0
   108556	2021-11-08 07:12:12	1	0	15	0
   108593	2021-11-08 07:13:58	1	0	15	0
    10033	2021-11-08 07:20:15	1	0	15	0
   108610	2021-11-08 07:29:58	1	0	15	0
   108654	2021-11-08 07:33:56	1	0	15	0
    10221	2021-11-08 07:35:11	1	0	15	0
   108673	2021-11-08 07:35:20	1	0	15	0
   108523	2021-11-08 07:35:41	1	0	15	0
    10065	2021-11-08 07:36:25	1	0	15	0
   102542	2021-11-08 07:39:44	1	0	15	0
   108638	2021-11-08 07:39:53	1	0	15	0
   108568	2021-11-08 07:40:41	1	0	15	0
   108538	2021-11-08 07:41:33	1	0	15	0
   108674	2021-11-08 07:45:06	1	0	15	0
    10228	2021-11-08 07:45:26	1	0	15	0
   108669	2021-11-08 07:47:58	1	0	15	0
    10129	2021-11-08 07:50:41	1	0	15	0
   500001	2021-11-08 07:52:00	1	0	15	0
    10138	2021-11-08 07:52:10	1	0	15	0
   108677	2021-11-08 07:52:27	1	0	15	0
   108672	2021-11-08 07:52:45	1	0	15	0
   101432	2021-11-08 07:53:03	1	0	15	0
    10284	2021-11-08 07:53:09	1	0	15	0
    10284	2021-11-08 07:53:11	1	0	15	0
    10032	2021-11-08 07:54:19	1	0	15	0
   108489	2021-11-08 07:55:02	1	0	15	0
   102524	2021-11-08 07:55:15	1	0	15	0
   108613	2021-11-08 07:55:46	1	0	15	0
   108469	2021-11-08 07:56:10	1	0	15	0
   108598	2021-11-08 07:56:36	1	0	15	0
   108663	2021-11-08 07:56:42	1	0	15	0
   108619	2021-11-08 07:57:44	1	0	15	0
    10309	2021-11-08 07:58:43	1	0	15	0
   108658	2021-11-08 07:59:32	1	0	15	0
   108662	2021-11-08 07:59:38	1	0	15	0
    19980	2021-11-08 07:59:49	1	0	15	0
   108591	2021-11-08 08:01:42	1	0	15	0
    10080	2021-11-08 08:03:05	1	0	15	0
   108579	2021-11-08 08:03:30	1	0	15	0
   108678	2021-11-08 08:04:09	1	0	15	0
    10149	2021-11-08 08:10:17	1	0	15	0
    10063	2021-11-08 08:10:29	1	0	15	0
   108671	2021-11-08 08:10:44	1	0	15	0
    10076	2021-11-08 08:10:58	1	0	15	0
   108666	2021-11-08 08:11:24	1	0	15	0
    10348	2021-11-08 08:13:09	1	0	15	0
   108611	2021-11-08 08:17:24	1	0	15	0
   108667	2021-11-08 08:23:49	1	0	15	0
   102579	2021-11-08 08:33:31	1	0	15	0
    10073	2021-11-08 08:57:59	1	0	15	0
   108515	2021-11-08 09:12:28	1	0	15	0
    10550	2021-11-08 09:51:37	1	0	15	0
   108654	2021-11-08 16:01:04	1	1	15	0
   101437	2021-11-08 16:02:38	1	1	15	0
    10324	2021-11-08 16:02:47	1	1	15	0
    10324	2021-11-08 16:02:50	1	1	15	0
   108619	2021-11-08 16:02:57	1	1	15	0
    10214	2021-11-08 16:03:05	1	1	15	0
    10356	2021-11-08 16:03:15	1	1	15	0
    10284	2021-11-08 16:03:21	1	1	15	0
    10456	2021-11-08 16:04:09	1	1	15	0
    10278	2021-11-08 16:04:28	1	1	15	0
    10228	2021-11-08 16:06:19	1	1	15	0
    10309	2021-11-08 16:08:27	1	1	15	0
   108469	2021-11-08 16:14:26	1	1	15	0
   108613	2021-11-08 17:01:37	1	1	15	0
    10458	2021-11-08 17:02:19	1	1	15	0
    10080	2021-11-08 17:02:57	1	1	15	0
    10080	2021-11-08 17:03:00	1	1	15	0
   108617	2021-11-08 17:04:30	1	1	15	0
    10221	2021-11-08 17:04:39	1	1	15	0
    10550	2021-11-08 17:05:01	1	1	15	0
   101432	2021-11-08 17:05:37	1	1	15	0
   102524	2021-11-08 17:05:47	1	1	15	0
   108579	2021-11-08 17:05:54	1	1	15	0
   108677	2021-11-08 17:06:03	1	1	15	0
   108673	2021-11-08 17:06:12	1	1	15	0
    10073	2021-11-08 17:06:18	1	1	15	0
   108489	2021-11-08 17:06:29	1	1	15	0
   108611	2021-11-08 17:06:46	1	1	15	0
    10065	2021-11-08 17:06:58	1	1	15	0
   108669	2021-11-08 17:07:09	1	1	15	0
   108556	2021-11-08 17:07:22	1	1	15	0
   108591	2021-11-08 17:07:32	1	1	15	0
    10033	2021-11-08 17:09:47	1	1	15	0
   108667	2021-11-08 17:15:31	1	1	15	0
   108662	2021-11-08 17:15:37	1	1	15	0
   108638	2021-11-08 17:18:17	1	1	15	0
   500001	2021-11-08 17:20:03	1	1	15	0
   500001	2021-11-08 17:20:05	1	1	15	0
   108678	2021-11-08 17:20:34	1	1	15	0
    10032	2021-11-08 17:24:38	1	1	15	0
    10159	2021-11-08 17:27:42	1	1	15	0
    10159	2021-11-08 17:27:45	1	1	15	0
   102544	2021-11-08 17:29:47	1	1	15	0
   108666	2021-11-08 17:32:38	1	1	15	0
   108672	2021-11-08 17:36:21	1	1	15	0
   108663	2021-11-08 17:45:33	1	1	15	0
   108523	2021-11-08 17:45:42	1	1	15	0
   102579	2021-11-08 17:57:34	1	1	15	0
    10076	2021-11-08 18:00:33	1	1	15	0
   108671	2021-11-08 18:00:43	1	1	15	0
    10063	2021-11-08 18:01:57	1	1	15	0
   108658	2021-11-08 18:04:22	1	1	15	0
   108610	2021-11-08 18:04:33	1	1	15	0
   108674	2021-11-08 18:05:02	1	1	15	0
   108515	2021-11-08 18:05:51	1	1	15	0
   108568	2021-11-08 18:27:50	1	1	15	0
    10149	2021-11-08 18:33:10	1	1	15	0
    10129	2021-11-08 19:01:10	1	1	15	0
   108538	2021-11-08 19:36:35	1	1	15	0
    10348	2021-11-08 19:37:16	1	1	15	0
    10138	2021-11-08 19:41:18	1	1	15	0
    10138	2021-11-08 19:41:20	1	1	15	0
   108593	2021-11-08 21:00:15	1	1	15	0
   102542	2021-11-08 21:00:33	1	1	15	0
   101437	2021-11-09 06:14:25	1	0	15	0
   102526	2021-11-09 06:15:13	1	0	15	0
    10456	2021-11-09 06:18:20	1	0	15	0
    10159	2021-11-09 06:29:11	1	0	15	0
   108617	2021-11-09 06:35:10	1	0	15	0
    10372	2021-11-09 06:56:58	1	0	15	0
   108556	2021-11-09 06:58:05	1	0	15	0
   108630	2021-11-09 06:58:37	1	0	15	0
   108587	2021-11-09 07:00:07	1	0	15	0
   108587	2021-11-09 07:00:09	1	0	15	0
   108533	2021-11-09 07:15:54	1	0	15	0
   108593	2021-11-09 07:17:46	1	0	15	0
    10065	2021-11-09 07:18:33	1	0	15	0
    10214	2021-11-09 07:20:23	1	0	15	0
    10356	2021-11-09 07:20:50	1	0	15	0
   108472	2021-11-09 07:21:34	1	0	15	0
   108610	2021-11-09 07:24:27	1	0	15	0
   108662	2021-11-09 07:24:43	1	0	15	0
    10324	2021-11-09 07:24:52	1	0	15	0
   108549	2021-11-09 07:28:40	1	0	15	0
   108654	2021-11-09 07:29:49	1	0	15	0
   108523	2021-11-09 07:30:27	1	0	15	0
    10278	2021-11-09 07:32:54	1	0	15	0
   108619	2021-11-09 07:33:15	1	0	15	0
    10033	2021-11-09 07:34:57	1	0	15	0
    10033	2021-11-09 07:35:00	1	0	15	0
   108638	2021-11-09 07:36:03	1	0	15	0
   108674	2021-11-09 07:39:08	1	0	15	0
   108669	2021-11-09 07:40:52	1	0	15	0
   102542	2021-11-09 07:42:31	1	0	15	0
   108489	2021-11-09 07:43:16	1	0	15	0
   102524	2021-11-09 07:43:32	1	0	15	0
   108585	2021-11-09 07:43:50	1	0	15	0
    10228	2021-11-09 07:44:11	1	0	15	0
    10284	2021-11-09 07:44:38	1	0	15	0
   108672	2021-11-09 07:44:56	1	0	15	0
   108591	2021-11-09 07:45:05	1	0	15	0
   108568	2021-11-09 07:45:53	1	0	15	0
    10221	2021-11-09 07:46:09	1	0	15	0
   108538	2021-11-09 07:47:23	1	0	15	0
   108673	2021-11-09 07:47:32	1	0	15	0
   108673	2021-11-09 07:47:34	1	0	15	0
   108667	2021-11-09 07:48:42	1	0	15	0
   108663	2021-11-09 07:49:06	1	0	15	0
   108469	2021-11-09 07:49:52	1	0	15	0
    10129	2021-11-09 07:51:24	1	0	15	0
   108658	2021-11-09 07:52:09	1	0	15	0
   108677	2021-11-09 07:52:49	1	0	15	0
    19980	2021-11-09 07:53:09	1	0	15	0
   102544	2021-11-09 07:54:22	1	0	15	0
   500001	2021-11-09 07:54:37	1	0	15	0
   101432	2021-11-09 07:56:56	1	0	15	0
    10309	2021-11-09 07:58:54	1	0	15	0
   108598	2021-11-09 07:59:24	1	0	15	0
   108579	2021-11-09 08:01:14	1	0	15	0
   108613	2021-11-09 08:01:42	1	0	15	0
   108678	2021-11-09 08:02:53	1	0	15	0
    10032	2021-11-09 08:03:03	1	0	15	0
   108635	2021-11-09 08:04:05	1	0	15	0
   108666	2021-11-09 08:04:12	1	0	15	0
    10138	2021-11-09 08:08:42	1	0	15	0
    10550	2021-11-09 08:12:53	1	0	15	0
    10458	2021-11-09 08:15:45	1	0	15	0
    10063	2021-11-09 08:16:51	1	0	15	0
    10149	2021-11-09 08:16:57	1	0	15	0
    10149	2021-11-09 08:16:59	1	0	15	0
   108671	2021-11-09 08:17:07	1	0	15	0
    10076	2021-11-09 08:17:13	1	0	15	0
    10076	2021-11-09 08:17:15	1	0	15	0
   108611	2021-11-09 08:17:27	1	0	15	0
    10073	2021-11-09 08:43:48	1	0	15	0
