   108662	2020-11-26 06:06:26	1	1	15	0
   108662	2020-11-26 06:06:28	1	1	15	0
   108608	2020-11-26 06:16:19	1	1	15	0
    10456	2020-11-26 06:23:59	1	0	15	0
   101437	2020-11-26 06:24:55	1	0	15	0
   102542	2020-11-26 06:47:05	1	0	15	0
   102526	2020-11-26 06:49:33	1	0	15	0
    10080	2020-11-26 06:49:48	1	0	15	0
   108663	2020-11-26 06:53:06	1	0	15	0
    10065	2020-11-26 06:55:16	1	0	15	0
    10372	2020-11-26 07:04:58	1	0	15	0
   108630	2020-11-26 07:07:34	1	0	15	0
   108654	2020-11-26 07:08:53	1	0	15	0
    10356	2020-11-26 07:13:56	1	0	15	0
   108587	2020-11-26 07:16:01	1	0	15	0
   108612	2020-11-26 07:16:49	1	0	15	0
   108610	2020-11-26 07:17:42	1	0	15	0
   108593	2020-11-26 07:22:54	1	0	15	0
    10221	2020-11-26 07:26:08	1	0	15	0
   108650	2020-11-26 07:26:55	1	0	15	0
   108538	2020-11-26 07:27:10	1	0	15	0
   108577	2020-11-26 07:27:30	1	0	15	0
   101451	2020-11-26 07:28:16	1	0	15	0
   108568	2020-11-26 07:28:55	1	0	15	0
   108523	2020-11-26 07:33:22	1	0	15	0
   108556	2020-11-26 07:34:12	1	0	15	0
   108585	2020-11-26 07:34:27	1	0	15	0
   108570	2020-11-26 07:35:54	1	0	15	0
   108658	2020-11-26 07:36:46	1	0	15	0
    10127	2020-11-26 07:37:06	1	0	15	0
    10398	2020-11-26 07:38:04	1	0	15	0
   101432	2020-11-26 07:38:56	1	0	15	0
   108554	2020-11-26 07:40:03	1	0	15	0
    10025	2020-11-26 07:41:02	1	0	15	0
   108661	2020-11-26 07:42:18	1	0	15	0
   108472	2020-11-26 07:43:35	1	0	15	0
    10033	2020-11-26 07:45:14	1	0	15	0
   108471	2020-11-26 07:45:33	1	0	15	0
   108469	2020-11-26 07:46:35	1	0	15	0
   108644	2020-11-26 07:46:58	1	0	15	0
    10309	2020-11-26 07:49:21	1	0	15	0
   108598	2020-11-26 07:50:16	1	0	15	0
   108598	2020-11-26 07:50:18	1	0	15	0
   108619	2020-11-26 07:52:21	1	0	15	0
    19980	2020-11-26 07:53:37	1	0	15	0
   108549	2020-11-26 07:54:12	1	0	15	0
   108505	2020-11-26 07:54:31	1	0	15	0
    10228	2020-11-26 07:54:46	1	0	15	0
   108638	2020-11-26 07:55:04	1	0	15	0
    10032	2020-11-26 07:58:29	1	0	15	0
   108636	2020-11-26 07:59:14	1	0	15	0
    10348	2020-11-26 08:00:05	1	0	15	0
   108489	2020-11-26 08:01:22	1	0	15	0
    10149	2020-11-26 08:01:30	1	0	15	0
    10076	2020-11-26 08:01:37	1	0	15	0
    10063	2020-11-26 08:01:47	1	0	15	0
   102524	2020-11-26 08:01:57	1	0	15	0
    10458	2020-11-26 08:02:19	1	0	15	0
   108591	2020-11-26 08:02:38	1	0	15	0
   108635	2020-11-26 08:06:37	1	0	15	0
   108613	2020-11-26 08:10:18	1	0	15	0
   102525	2020-11-26 08:22:16	1	0	15	0
   108617	2020-11-26 08:58:11	1	0	15	0
    10025	2020-11-26 12:05:24	1	0	15	0
    10129	2020-11-26 12:12:12	1	0	15	0
   108629	2020-11-26 12:23:50	1	0	15	0
    10033	2020-11-26 14:08:26	1	0	15	0
   108553	2020-11-26 16:01:28	1	0	15	0
   108613	2020-11-26 16:01:41	1	0	15	0
   108577	2020-11-26 16:02:08	1	0	15	0
   108630	2020-11-26 16:02:15	1	0	15	0
   108471	2020-11-26 16:02:21	1	0	15	0
    10214	2020-11-26 16:02:37	1	0	15	0
    10214	2020-11-26 16:02:39	1	0	15	0
   108570	2020-11-26 16:02:45	1	0	15	0
   101451	2020-11-26 16:02:53	1	0	15	0
   101437	2020-11-26 16:03:04	1	0	15	0
   108612	2020-11-26 16:03:20	1	0	15	0
    10356	2020-11-26 16:03:46	1	0	15	0
   108644	2020-11-26 16:03:59	1	0	15	0
   102526	2020-11-26 16:04:08	1	0	15	0
    10309	2020-11-26 16:04:16	1	0	15	0
    19980	2020-11-26 16:04:26	1	0	15	0
   108469	2020-11-26 16:04:55	1	0	15	0
   108554	2020-11-26 16:05:06	1	0	15	0
    10228	2020-11-26 16:08:23	1	0	15	0
   108472	2020-11-26 16:13:50	1	0	15	0
   108538	2020-11-26 16:14:28	1	0	15	0
   108638	2020-11-26 16:30:35	1	0	15	0
   102542	2020-11-26 16:31:45	1	0	15	0
   101432	2020-11-26 17:00:36	1	0	15	0
   108654	2020-11-26 17:00:48	1	1	15	0
    10456	2020-11-26 17:00:55	1	1	15	0
   102525	2020-11-26 17:01:07	1	1	15	0
   108619	2020-11-26 17:01:15	1	1	15	0
   108619	2020-11-26 17:01:17	1	1	15	0
    10372	2020-11-26 17:01:21	1	1	15	0
    10372	2020-11-26 17:01:23	1	1	15	0
   108636	2020-11-26 17:01:37	1	1	15	0
   108636	2020-11-26 17:01:39	1	1	15	0
   108593	2020-11-26 17:01:57	1	1	15	0
    10221	2020-11-26 17:02:04	1	1	15	0
   108549	2020-11-26 17:02:23	1	1	15	0
   108505	2020-11-26 17:02:41	1	1	15	0
   108505	2020-11-26 17:02:43	1	1	15	0
    10080	2020-11-26 17:02:51	1	1	15	0
   108568	2020-11-26 17:03:00	1	1	15	0
   108650	2020-11-26 17:03:32	1	1	15	0
   108661	2020-11-26 17:03:45	1	1	15	0
   108585	2020-11-26 17:03:52	1	1	15	0
   102524	2020-11-26 17:04:06	1	1	15	0
   108608	2020-11-26 17:04:13	1	1	15	0
   108617	2020-11-26 17:04:21	1	1	15	0
   108556	2020-11-26 17:04:31	1	1	15	0
   108489	2020-11-26 17:04:40	1	1	15	0
   108489	2020-11-26 17:04:42	1	1	15	0
    10458	2020-11-26 17:05:07	1	1	15	0
   108591	2020-11-26 17:05:17	1	1	15	0
   108635	2020-11-26 17:06:13	1	1	15	0
   108598	2020-11-26 17:10:23	1	1	15	0
   108658	2020-11-26 17:10:31	1	1	15	0
   108629	2020-11-26 17:10:46	1	1	15	0
    10065	2020-11-26 17:12:21	1	1	15	0
   108663	2020-11-26 17:12:34	1	1	15	0
   108662	2020-11-26 17:12:40	1	1	15	0
   108662	2020-11-26 17:12:43	1	1	15	0
    10149	2020-11-26 17:17:01	1	1	15	0
    10149	2020-11-26 17:17:03	1	1	15	0
    10149	2020-11-26 17:17:18	1	1	15	0
    10063	2020-11-26 17:27:03	1	1	15	0
    10076	2020-11-26 17:28:38	1	1	15	0
    10032	2020-11-26 17:35:27	1	1	15	0
    10129	2020-11-26 18:16:31	1	1	15	0
   108523	2020-11-26 18:31:17	1	1	15	0
   108610	2020-11-26 19:21:54	1	1	15	0
    10127	2020-11-26 19:23:12	1	1	15	0
   101437	2020-11-27 06:26:12	1	1	15	0
   108662	2020-11-27 06:32:27	1	1	15	0
   108662	2020-11-27 06:32:29	1	1	15	0
   108556	2020-11-27 06:55:46	1	1	15	0
   108556	2020-11-27 06:55:49	1	1	15	0
    10080	2020-11-27 07:08:01	1	1	15	0
   102542	2020-11-27 07:08:36	1	1	15	0
    10065	2020-11-27 07:13:09	1	1	15	0
   108654	2020-11-27 07:13:41	1	0	15	0
   108654	2020-11-27 07:13:44	1	0	15	0
   101451	2020-11-27 07:15:36	1	0	15	0
   108650	2020-11-27 07:19:50	1	0	15	0
    10033	2020-11-27 07:21:55	1	0	15	0
   108593	2020-11-27 07:25:58	1	0	15	0
   108538	2020-11-27 07:28:33	1	0	15	0
   108577	2020-11-27 07:28:47	1	0	15	0
   108585	2020-11-27 07:28:55	1	0	15	0
    10120	2020-11-27 07:29:23	1	0	15	0
   108472	2020-11-27 07:32:56	1	0	15	0
   108472	2020-11-27 07:32:58	1	0	15	0
   108610	2020-11-27 07:37:55	1	0	15	0
   108658	2020-11-27 07:38:08	1	0	15	0
    10372	2020-11-27 07:38:24	1	0	15	0
    10372	2020-11-27 07:38:26	1	0	15	0
   108568	2020-11-27 07:40:01	1	0	15	0
    10129	2020-11-27 07:41:17	1	0	15	0
    10025	2020-11-27 07:43:18	1	0	15	0
   108663	2020-11-27 07:44:02	1	0	15	0
   108471	2020-11-27 07:44:26	1	0	15	0
   108661	2020-11-27 07:45:09	1	0	15	0
   108638	2020-11-27 07:47:52	1	0	15	0
   108613	2020-11-27 07:48:54	1	0	15	0
   108505	2020-11-27 07:49:11	1	0	15	0
   101432	2020-11-27 07:49:21	1	0	15	0
    10228	2020-11-27 07:51:36	1	0	15	0
    10228	2020-11-27 07:51:38	1	0	15	0
    10138	2020-11-27 07:53:07	1	0	15	0
   108619	2020-11-27 07:54:10	1	0	15	0
   108598	2020-11-27 07:55:32	1	0	15	0
   108629	2020-11-27 07:55:44	1	0	15	0
    10284	2020-11-27 07:56:31	1	0	15	0
    10284	2020-11-27 07:56:34	1	0	15	0
    10221	2020-11-27 07:57:13	1	0	15	0
    10032	2020-11-27 07:57:24	1	0	15	0
   108611	2020-11-27 08:02:09	1	0	15	0
    10458	2020-11-27 08:05:01	1	0	15	0
   108636	2020-11-27 08:05:43	1	0	15	0
   108635	2020-11-27 08:08:43	1	0	15	0
    10127	2020-11-27 08:10:11	1	0	15	0
   108489	2020-11-27 08:10:34	1	0	15	0
    10076	2020-11-27 08:10:42	1	0	15	0
   102524	2020-11-27 08:11:11	1	0	15	0
   108591	2020-11-27 08:11:52	1	0	15	0
   108608	2020-11-27 10:13:41	1	0	15	0
   108629	2020-11-27 14:14:42	1	0	15	0
    10398	2020-11-27 15:03:28	1	0	15	0
    10398	2020-11-27 15:03:31	1	0	15	0
   108587	2020-11-27 15:05:36	1	0	15	0
   108587	2020-11-27 15:05:38	1	0	15	0
   101437	2020-11-27 16:01:48	1	0	15	0
   108471	2020-11-27 16:03:03	1	0	15	0
   108538	2020-11-27 16:04:07	1	0	15	0
   108472	2020-11-27 16:04:15	1	0	15	0
   108577	2020-11-27 16:04:25	1	0	15	0
   108577	2020-11-27 16:04:27	1	0	15	0
   108469	2020-11-27 16:05:53	1	0	15	0
    10228	2020-11-27 16:06:44	1	0	15	0
    10138	2020-11-27 16:26:51	1	0	15	0
    10284	2020-11-27 16:29:02	1	0	15	0
    10284	2020-11-27 16:29:04	1	0	15	0
   102542	2020-11-27 16:33:05	1	0	15	0
   101432	2020-11-27 17:00:16	1	0	15	0
    10025	2020-11-27 17:00:25	1	0	15	0
   108593	2020-11-27 17:00:30	1	0	15	0
    10033	2020-11-27 17:00:36	1	0	15	0
   108619	2020-11-27 17:00:44	1	0	15	0
   108613	2020-11-27 17:00:54	1	0	15	0
   108638	2020-11-27 17:01:08	1	0	15	0
   108654	2020-11-27 17:01:15	1	0	15	0
    10372	2020-11-27 17:01:38	1	0	15	0
   102525	2020-11-27 17:01:49	1	0	15	0
   108636	2020-11-27 17:01:56	1	0	15	0
    10080	2020-11-27 17:02:06	1	0	15	0
   108608	2020-11-27 17:02:29	1	0	15	0
   108661	2020-11-27 17:02:37	1	0	15	0
   101451	2020-11-27 17:02:44	1	0	15	0
   108662	2020-11-27 17:02:53	1	0	15	0
   108662	2020-11-27 17:02:55	1	0	15	0
   108611	2020-11-27 17:03:20	1	0	15	0
    10065	2020-11-27 17:03:29	1	0	15	0
    10221	2020-11-27 17:03:58	1	0	15	0
   108489	2020-11-27 17:04:07	1	0	15	0
    10458	2020-11-27 17:04:44	1	0	15	0
   108591	2020-11-27 17:04:55	1	0	15	0
   108650	2020-11-27 17:05:21	1	0	15	0
   108585	2020-11-27 17:05:29	1	0	15	0
   108515	2020-11-27 17:08:55	1	0	15	0
    10127	2020-11-27 17:09:06	1	0	15	0
    10076	2020-11-27 17:10:00	1	0	15	0
   108635	2020-11-27 17:10:20	1	0	15	0
   102524	2020-11-27 17:12:36	1	0	15	0
   108658	2020-11-27 17:19:51	1	0	15	0
   108663	2020-11-27 17:19:58	1	0	15	0
   108610	2020-11-27 17:20:05	1	0	15	0
    10149	2020-11-27 17:27:58	1	0	15	0
    10129	2020-11-27 18:12:56	1	0	15	0
    10032	2020-11-27 18:36:33	1	0	15	0
   108472	2020-11-28 06:46:06	1	0	15	0
    10228	2020-11-28 06:49:18	1	0	15	0
   108577	2020-11-28 06:51:11	1	0	15	0
   108471	2020-11-28 07:07:11	1	0	15	0
   108654	2020-11-28 07:14:56	1	0	15	0
    10120	2020-11-28 07:16:34	1	0	15	0
   108587	2020-11-28 07:17:28	1	0	15	0
    10372	2020-11-28 07:21:22	1	0	15	0
    10278	2020-11-28 07:30:11	1	0	15	0
   108538	2020-11-28 07:32:52	1	0	15	0
    10033	2020-11-28 07:39:19	1	0	15	0
   108469	2020-11-28 07:42:24	1	0	15	0
    10129	2020-11-28 07:45:17	1	0	15	0
    10398	2020-11-28 07:50:39	1	0	15	0
    10138	2020-11-28 08:01:53	1	0	15	0
    10032	2020-11-28 08:13:25	1	0	15	0
    10032	2020-11-28 08:13:28	1	0	15	0
    10032	2020-11-28 12:13:01	1	0	15	0
    10033	2020-11-28 14:00:30	1	0	15	0
    10033	2020-11-28 14:00:31	1	0	15	0
   108472	2020-11-28 15:06:31	1	0	15	0
    10228	2020-11-28 15:08:43	1	0	15	0
    10120	2020-11-28 16:01:54	1	0	15	0
   108471	2020-11-28 16:03:28	1	0	15	0
    10398	2020-11-28 16:03:36	1	0	15	0
   108538	2020-11-28 16:03:51	1	0	15	0
   108587	2020-11-28 16:04:35	1	0	15	0
   108577	2020-11-28 16:05:31	1	0	15	0
   108654	2020-11-28 16:05:46	1	1	15	0
    10372	2020-11-28 16:06:57	1	1	15	0
    10372	2020-11-28 16:06:59	1	1	15	0
   108469	2020-11-28 16:08:29	1	1	15	0
    10278	2020-11-28 17:02:10	1	1	15	0
    10138	2020-11-28 17:02:23	1	1	15	0
    10129	2020-11-28 18:20:01	1	1	15	0
   108549	2020-11-29 07:43:23	1	1	15	0
   108549	2020-11-29 16:02:22	1	1	15	0
   108549	2020-11-29 16:02:24	1	1	15	0
    10348	2020-11-30 06:25:35	1	1	15	0
   108472	2020-11-30 07:11:28	1	1	15	0
   108577	2020-11-30 07:24:15	1	1	15	0
   108577	2020-11-30 07:24:18	1	1	15	0
   108538	2020-11-30 07:40:16	1	1	15	0
   108469	2020-11-30 07:46:04	1	1	15	0
    10033	2020-11-30 07:54:11	1	1	15	0
    10033	2020-11-30 10:00:59	1	1	15	0
   108538	2020-11-30 15:01:51	1	1	15	0
   108538	2020-11-30 15:01:54	1	1	15	0
   108472	2020-11-30 15:02:15	1	1	15	0
   108577	2020-11-30 16:07:40	1	1	15	0
   108577	2020-11-30 16:07:42	1	1	15	0
    10348	2020-11-30 16:07:59	1	1	15	0
   108469	2020-11-30 16:08:58	1	1	15	0
   108608	2020-12-01 06:09:54	1	1	15	0
   108662	2020-12-01 06:21:03	1	1	15	0
   101437	2020-12-01 06:33:53	1	1	15	0
    10456	2020-12-01 06:37:58	1	0	15	0
   108533	2020-12-01 06:46:49	1	0	15	0
   108610	2020-12-01 06:51:41	1	0	15	0
   108598	2020-12-01 06:52:23	1	0	15	0
   108617	2020-12-01 07:01:08	1	0	15	0
   108593	2020-12-01 07:05:38	1	0	15	0
   108587	2020-12-01 07:08:15	1	0	15	0
    10372	2020-12-01 07:11:50	1	0	15	0
    10065	2020-12-01 07:12:07	1	0	15	0
    10398	2020-12-01 07:17:54	1	0	15	0
   108654	2020-12-01 07:18:07	1	0	15	0
   108523	2020-12-01 07:18:57	1	0	15	0
   108658	2020-12-01 07:19:03	1	0	15	0
   108630	2020-12-01 07:19:54	1	0	15	0
   101451	2020-12-01 07:24:00	1	0	15	0
   108505	2020-12-01 07:24:52	1	0	15	0
   108472	2020-12-01 07:29:25	1	0	15	0
   108585	2020-12-01 07:29:38	1	0	15	0
   108554	2020-12-01 07:31:41	1	0	15	0
   108613	2020-12-01 07:32:07	1	0	15	0
    10278	2020-12-01 07:32:36	1	0	15	0
   108556	2020-12-01 07:32:53	1	0	15	0
   102542	2020-12-01 07:33:32	1	0	15	0
    10033	2020-12-01 07:35:38	1	0	15	0
   108663	2020-12-01 07:37:19	1	0	15	0
   102525	2020-12-01 07:37:30	1	0	15	0
    10080	2020-12-01 07:37:39	1	0	15	0
   108471	2020-12-01 07:38:10	1	0	15	0
    10025	2020-12-01 07:38:28	1	0	15	0
   108650	2020-12-01 07:39:48	1	0	15	0
   108644	2020-12-01 07:43:28	1	0	15	0
   108612	2020-12-01 07:46:06	1	0	15	0
    10284	2020-12-01 07:47:09	1	0	15	0
    10284	2020-12-01 07:47:11	1	0	15	0
    10129	2020-12-01 07:47:18	1	0	15	0
    10228	2020-12-01 07:47:54	1	0	15	0
    10127	2020-12-01 07:48:45	1	0	15	0
   108469	2020-12-01 07:48:55	1	0	15	0
   108469	2020-12-01 07:48:57	1	0	15	0
   108629	2020-12-01 07:52:03	1	0	15	0
   108661	2020-12-01 07:52:47	1	0	15	0
    10221	2020-12-01 07:53:07	1	0	15	0
   101432	2020-12-01 07:54:08	1	0	15	0
   102544	2020-12-01 07:55:10	1	0	15	0
    19980	2020-12-01 07:56:41	1	0	15	0
   108549	2020-12-01 07:57:29	1	0	15	0
    10348	2020-12-01 07:58:03	1	0	15	0
    10032	2020-12-01 07:59:01	1	0	15	0
   108619	2020-12-01 07:59:55	1	0	15	0
   108638	2020-12-01 08:00:49	1	0	15	0
   108638	2020-12-01 08:00:51	1	0	15	0
    10138	2020-12-01 08:03:40	1	0	15	0
   108611	2020-12-01 08:07:23	1	0	15	0
    10063	2020-12-01 08:09:18	1	0	15	0
   108489	2020-12-01 08:09:27	1	0	15	0
   108489	2020-12-01 08:09:29	1	0	15	0
    10149	2020-12-01 08:09:37	1	0	15	0
    10076	2020-12-01 08:09:49	1	0	15	0
   102524	2020-12-01 08:09:59	1	0	15	0
    10458	2020-12-01 08:10:29	1	0	15	0
   108570	2020-12-01 08:41:53	1	0	15	0
   500001	2020-12-01 09:06:08	1	0	15	0
   108617	2020-12-01 14:32:50	1	0	15	0
    10120	2020-12-01 16:01:40	1	0	15	0
   101437	2020-12-01 16:01:56	1	0	15	0
   108549	2020-12-01 16:02:18	1	0	15	0
   108533	2020-12-01 16:02:26	1	0	15	0
   108570	2020-12-01 16:02:35	1	0	15	0
    10398	2020-12-01 16:02:45	1	0	15	0
    10348	2020-12-01 16:02:55	1	0	15	0
   108472	2020-12-01 16:03:05	1	0	15	0
   108612	2020-12-01 16:03:14	1	0	15	0
   108644	2020-12-01 16:03:32	1	0	15	0
   108469	2020-12-01 16:04:41	1	0	15	0
    10278	2020-12-01 16:04:51	1	0	15	0
    10278	2020-12-01 16:04:53	1	0	15	0
   108554	2020-12-01 16:05:09	1	0	15	0
    10138	2020-12-01 16:05:20	1	0	15	0
    10228	2020-12-01 16:08:48	1	0	15	0
   108585	2020-12-01 16:27:31	1	0	15	0
   108630	2020-12-01 16:29:05	1	0	15	0
   108613	2020-12-01 16:32:36	1	0	15	0
   101451	2020-12-01 16:35:33	1	0	15	0
   101432	2020-12-01 17:00:14	1	0	15	0
   108654	2020-12-01 17:01:27	1	1	15	0
   102544	2020-12-01 17:01:46	1	1	15	0
   108593	2020-12-01 17:01:51	1	1	15	0
    10025	2020-12-01 17:02:03	1	1	15	0
    10284	2020-12-01 17:02:22	1	1	15	0
    10080	2020-12-01 17:02:29	1	1	15	0
    10033	2020-12-01 17:02:39	1	1	15	0
    10065	2020-12-01 17:02:47	1	1	15	0
    10065	2020-12-01 17:02:50	1	1	15	0
    10065	2020-12-01 17:03:01	1	1	15	0
   108619	2020-12-01 17:04:02	1	1	15	0
   108619	2020-12-01 17:04:04	1	1	15	0
    10456	2020-12-01 17:04:34	1	1	15	0
   102525	2020-12-01 17:04:52	1	1	15	0
   108608	2020-12-01 17:04:59	1	1	15	0
   108505	2020-12-01 17:05:13	1	1	15	0
   108556	2020-12-01 17:05:21	1	1	15	0
    19980	2020-12-01 17:05:32	1	1	15	0
   500001	2020-12-01 17:05:37	1	1	15	0
   108650	2020-12-01 17:05:44	1	1	15	0
   108587	2020-12-01 17:06:02	1	1	15	0
   102542	2020-12-01 17:06:17	1	1	15	0
   108611	2020-12-01 17:06:38	1	1	15	0
   108636	2020-12-01 17:06:48	1	1	15	0
   108515	2020-12-01 17:06:56	1	1	15	0
    10221	2020-12-01 17:07:08	1	1	15	0
   108489	2020-12-01 17:07:21	1	1	15	0
   108489	2020-12-01 17:07:24	1	1	15	0
    10458	2020-12-01 17:07:38	1	1	15	0
   108638	2020-12-01 17:07:54	1	1	15	0
   108663	2020-12-01 17:08:14	1	1	15	0
   108662	2020-12-01 17:08:20	1	1	15	0
   108662	2020-12-01 17:08:23	1	1	15	0
   108629	2020-12-01 17:28:18	1	1	15	0
   108598	2020-12-01 17:29:02	1	1	15	0
   108658	2020-12-01 17:29:13	1	1	15	0
   102524	2020-12-01 17:48:46	1	1	15	0
    10129	2020-12-01 18:04:43	1	1	15	0
    10063	2020-12-01 18:17:35	1	1	15	0
    10149	2020-12-01 18:32:02	1	1	15	0
   108523	2020-12-01 18:57:32	1	1	15	0
    10076	2020-12-01 19:05:54	1	1	15	0
    10127	2020-12-01 19:06:05	1	1	15	0
   108610	2020-12-01 19:06:11	1	1	15	0
   108469	2020-12-02 06:20:12	1	1	15	0
   108608	2020-12-02 06:20:27	1	1	15	0
    10456	2020-12-02 06:30:34	1	0	15	0
   108662	2020-12-02 06:43:41	1	0	15	0
   102542	2020-12-02 06:58:18	1	0	15	0
   102526	2020-12-02 07:00:30	1	0	15	0
    10080	2020-12-02 07:05:20	1	0	15	0
    10080	2020-12-02 07:05:22	1	0	15	0
    10080	2020-12-02 07:05:36	1	0	15	0
    10065	2020-12-02 07:09:27	1	0	15	0
   108612	2020-12-02 07:13:33	1	0	15	0
    10127	2020-12-02 07:18:10	1	0	15	0
   108556	2020-12-02 07:20:34	1	0	15	0
   108654	2020-12-02 07:21:36	1	0	15	0
    10278	2020-12-02 07:22:22	1	0	15	0
   108538	2020-12-02 07:23:17	1	0	15	0
    10221	2020-12-02 07:24:25	1	0	15	0
   108587	2020-12-02 07:25:10	1	0	15	0
    10348	2020-12-02 07:25:52	1	0	15	0
   108617	2020-12-02 07:29:31	1	0	15	0
    10309	2020-12-02 07:29:41	1	0	15	0
   108471	2020-12-02 07:31:11	1	0	15	0
    10033	2020-12-02 07:32:28	1	0	15	0
   101451	2020-12-02 07:34:17	1	0	15	0
   108650	2020-12-02 07:36:06	1	0	15	0
   108658	2020-12-02 07:36:34	1	0	15	0
   108523	2020-12-02 07:36:40	1	0	15	0
    10398	2020-12-02 07:37:39	1	0	15	0
   108568	2020-12-02 07:40:57	1	0	15	0
   108570	2020-12-02 07:43:26	1	0	15	0
    10372	2020-12-02 07:45:26	1	0	15	0
    10372	2020-12-02 07:45:29	1	0	15	0
   108577	2020-12-02 07:47:39	1	0	15	0
    10025	2020-12-02 07:47:50	1	0	15	0
   108472	2020-12-02 07:48:02	1	0	15	0
   108610	2020-12-02 07:50:51	1	0	15	0
   108593	2020-12-02 07:51:39	1	0	15	0
   108644	2020-12-02 07:52:45	1	0	15	0
   108554	2020-12-02 07:54:26	1	0	15	0
    10129	2020-12-02 07:55:55	1	0	15	0
   101432	2020-12-02 07:56:04	1	0	15	0
   108638	2020-12-02 07:57:05	1	0	15	0
   108661	2020-12-02 07:58:33	1	0	15	0
   108591	2020-12-02 07:59:37	1	0	15	0
   108619	2020-12-02 08:00:00	1	0	15	0
    10228	2020-12-02 08:00:09	1	0	15	0
   108549	2020-12-02 08:06:47	1	0	15	0
    10284	2020-12-02 08:07:18	1	0	15	0
    10458	2020-12-02 08:11:01	1	0	15	0
    10458	2020-12-02 08:11:04	1	0	15	0
   108663	2020-12-02 08:11:19	1	0	15	0
    19980	2020-12-02 08:14:23	1	0	15	0
   108635	2020-12-02 08:22:25	1	0	15	0
   108611	2020-12-02 08:23:06	1	0	15	0
   108629	2020-12-02 08:24:56	1	0	15	0
    10063	2020-12-02 08:26:31	1	0	15	0
    10149	2020-12-02 08:26:44	1	0	15	0
    10076	2020-12-02 08:26:50	1	0	15	0
   108489	2020-12-02 08:26:57	1	0	15	0
   102524	2020-12-02 08:27:16	1	0	15	0
    10550	2020-12-02 09:09:52	1	0	15	0
   102525	2020-12-02 09:12:28	1	0	15	0
   108505	2020-12-02 10:12:50	1	0	15	0
   101451	2020-12-02 12:00:17	1	0	15	0
   108629	2020-12-02 12:28:38	1	0	15	0
   108598	2020-12-02 12:52:02	1	0	15	0
   108585	2020-12-02 13:24:29	1	0	15	0
   108644	2020-12-02 16:01:44	1	0	15	0
   108538	2020-12-02 16:01:53	1	0	15	0
    10120	2020-12-02 16:02:47	1	0	15	0
   108549	2020-12-02 16:02:59	1	0	15	0
   102526	2020-12-02 16:03:29	1	0	15	0
   108587	2020-12-02 16:03:39	1	0	15	0
    10398	2020-12-02 16:04:36	1	0	15	0
    10278	2020-12-02 16:04:44	1	0	15	0
    10309	2020-12-02 16:04:55	1	0	15	0
   108471	2020-12-02 16:05:16	1	0	15	0
   108570	2020-12-02 16:05:35	1	0	15	0
    10228	2020-12-02 16:06:00	1	0	15	0
   108554	2020-12-02 16:08:19	1	0	15	0
   108577	2020-12-02 16:08:48	1	0	15	0
   108472	2020-12-02 16:12:21	1	0	15	0
   101432	2020-12-02 17:00:42	1	1	15	0
    10065	2020-12-02 17:00:51	1	1	15	0
    10065	2020-12-02 17:00:54	1	1	15	0
    10065	2020-12-02 17:01:05	1	1	15	0
   102525	2020-12-02 17:01:15	1	1	15	0
   108568	2020-12-02 17:01:20	1	1	15	0
   108619	2020-12-02 17:01:36	1	1	15	0
    10221	2020-12-02 17:02:03	1	1	15	0
   108636	2020-12-02 17:02:16	1	1	15	0
   108556	2020-12-02 17:02:32	1	1	15	0
   108556	2020-12-02 17:02:34	1	1	15	0
   108617	2020-12-02 17:03:01	1	1	15	0
    10025	2020-12-02 17:03:14	1	1	15	0
    10080	2020-12-02 17:03:21	1	1	15	0
    10033	2020-12-02 17:03:35	1	1	15	0
   108638	2020-12-02 17:04:20	1	1	15	0
   108515	2020-12-02 17:04:26	1	1	15	0
    19980	2020-12-02 17:04:42	1	1	15	0
    19980	2020-12-02 17:04:45	1	1	15	0
   108593	2020-12-02 17:05:07	1	1	15	0
   108650	2020-12-02 17:05:16	1	1	15	0
    10550	2020-12-02 17:05:28	1	1	15	0
   108608	2020-12-02 17:06:18	1	1	15	0
   108661	2020-12-02 17:06:30	1	1	15	0
    10284	2020-12-02 17:06:37	1	1	15	0
   108654	2020-12-02 17:06:52	1	1	15	0
   108635	2020-12-02 17:07:49	1	1	15	0
   108585	2020-12-02 17:07:57	1	1	15	0
    10456	2020-12-02 17:08:15	1	1	15	0
    10372	2020-12-02 17:09:09	1	1	15	0
    10372	2020-12-02 17:09:11	1	1	15	0
   108611	2020-12-02 17:09:40	1	1	15	0
   108611	2020-12-02 17:09:42	1	1	15	0
   108591	2020-12-02 17:11:44	1	1	15	0
   108658	2020-12-02 17:14:46	1	1	15	0
   108598	2020-12-02 17:16:25	1	1	15	0
   108610	2020-12-02 17:16:32	1	1	15	0
   108663	2020-12-02 17:16:41	1	1	15	0
   108662	2020-12-02 17:16:47	1	1	15	0
   102542	2020-12-02 17:21:29	1	1	15	0
   102524	2020-12-02 17:21:45	1	1	15	0
   108489	2020-12-02 17:22:05	1	1	15	0
    10063	2020-12-02 17:55:35	1	1	15	0
    10129	2020-12-02 18:12:58	1	1	15	0
    10149	2020-12-02 18:17:13	1	1	15	0
    10127	2020-12-02 18:36:19	1	1	15	0
    10127	2020-12-02 18:36:22	1	1	15	0
    10076	2020-12-02 18:36:34	1	1	15	0
   108523	2020-12-02 19:08:36	1	1	15	0
   108612	2020-12-02 21:05:11	1	1	15	0
   108469	2020-12-02 21:05:24	1	1	15	0
    10348	2020-12-02 21:05:38	1	1	15	0
    10456	2020-12-03 06:17:46	1	0	15	0
   108608	2020-12-03 06:18:17	1	0	15	0
   108662	2020-12-03 06:19:59	1	0	15	0
   101437	2020-12-03 06:31:35	1	0	15	0
   102526	2020-12-03 06:33:58	1	0	15	0
   108533	2020-12-03 06:43:20	1	0	15	0
    10080	2020-12-03 07:02:09	1	0	15	0
    10065	2020-12-03 07:06:24	1	0	15	0
   108570	2020-12-03 07:09:15	1	0	15	0
   108663	2020-12-03 07:10:43	1	0	15	0
   108587	2020-12-03 07:11:09	1	0	15	0
   108587	2020-12-03 07:11:11	1	0	15	0
   108556	2020-12-03 07:15:17	1	0	15	0
   108617	2020-12-03 07:15:42	1	0	15	0
   101451	2020-12-03 07:16:54	1	0	15	0
   108654	2020-12-03 07:18:26	1	0	15	0
    10221	2020-12-03 07:21:53	1	0	15	0
    10033	2020-12-03 07:25:55	1	0	15	0
    10278	2020-12-03 07:26:07	1	0	15	0
    10372	2020-12-03 07:27:21	1	0	15	0
    10372	2020-12-03 07:27:24	1	0	15	0
   108658	2020-12-03 07:28:31	1	0	15	0
   108630	2020-12-03 07:29:29	1	0	15	0
   108505	2020-12-03 07:31:54	1	0	15	0
   108472	2020-12-03 07:35:11	1	0	15	0
   108523	2020-12-03 07:35:40	1	0	15	0
   108568	2020-12-03 07:36:27	1	0	15	0
   108538	2020-12-03 07:36:50	1	0	15	0
   108577	2020-12-03 07:36:57	1	0	15	0
   108471	2020-12-03 07:37:09	1	0	15	0
   108469	2020-12-03 07:37:56	1	0	15	0
   108613	2020-12-03 07:39:11	1	0	15	0
   108613	2020-12-03 07:39:13	1	0	15	0
    10127	2020-12-03 07:42:39	1	0	15	0
   108593	2020-12-03 07:42:55	1	0	15	0
   108650	2020-12-03 07:43:09	1	0	15	0
   108585	2020-12-03 07:45:10	1	0	15	0
   108585	2020-12-03 07:45:12	1	0	15	0
   108644	2020-12-03 07:45:42	1	0	15	0
   108644	2020-12-03 07:45:44	1	0	15	0
   108554	2020-12-03 07:47:44	1	0	15	0
    10398	2020-12-03 07:49:08	1	0	15	0
   108612	2020-12-03 07:49:35	1	0	15	0
    10025	2020-12-03 07:49:45	1	0	15	0
   108598	2020-12-03 07:50:19	1	0	15	0
   108629	2020-12-03 07:50:28	1	0	15	0
   108638	2020-12-03 07:54:19	1	0	15	0
    10348	2020-12-03 07:55:24	1	0	15	0
    10309	2020-12-03 07:56:10	1	0	15	0
    10129	2020-12-03 07:56:41	1	0	15	0
    10032	2020-12-03 07:57:00	1	0	15	0
   108619	2020-12-03 07:58:24	1	0	15	0
   101432	2020-12-03 07:59:16	1	0	15	0
    19980	2020-12-03 07:59:38	1	0	15	0
   108661	2020-12-03 08:01:59	1	0	15	0
   108515	2020-12-03 08:03:47	1	0	15	0
   108611	2020-12-03 08:04:32	1	0	15	0
    10458	2020-12-03 08:08:04	1	0	15	0
   108549	2020-12-03 08:08:33	1	0	15	0
   108635	2020-12-03 08:08:59	1	0	15	0
    10138	2020-12-03 08:10:39	1	0	15	0
    10063	2020-12-03 08:12:12	1	0	15	0
    10149	2020-12-03 08:12:30	1	0	15	0
   108489	2020-12-03 08:12:40	1	0	15	0
   102524	2020-12-03 08:13:08	1	0	15	0
    10076	2020-12-03 08:13:33	1	0	15	0
   102544	2020-12-03 08:13:46	1	0	15	0
   102544	2020-12-03 08:13:49	1	0	15	0
    10550	2020-12-03 08:15:31	1	0	15	0
   108591	2020-12-03 08:21:24	1	0	15	0
   102525	2020-12-03 08:49:22	1	0	15	0
   108630	2020-12-03 12:01:56	1	0	15	0
    10120	2020-12-03 16:01:18	1	0	15	0
   108570	2020-12-03 16:02:54	1	0	15	0
   108471	2020-12-03 16:03:57	1	0	15	0
   102526	2020-12-03 16:04:06	1	0	15	0
   101437	2020-12-03 16:04:33	1	0	15	0
   108587	2020-12-03 16:04:46	1	0	15	0
   108533	2020-12-03 16:04:57	1	0	15	0
    10398	2020-12-03 16:05:23	1	0	15	0
    10309	2020-12-03 16:06:33	1	0	15	0
    10278	2020-12-03 16:07:23	1	0	15	0
   108654	2020-12-03 16:07:48	1	1	15	0
    10372	2020-12-03 16:08:16	1	1	15	0
    10372	2020-12-03 16:08:19	1	1	15	0
   108644	2020-12-03 16:10:58	1	1	15	0
    10348	2020-12-03 16:12:22	1	1	15	0
   108554	2020-12-03 16:18:57	1	1	15	0
   108472	2020-12-03 16:19:10	1	1	15	0
   108538	2020-12-03 16:20:30	1	1	15	0
   108469	2020-12-03 16:24:36	1	1	15	0
   101432	2020-12-03 17:00:18	1	1	15	0
   108613	2020-12-03 17:00:41	1	1	15	0
   101451	2020-12-03 17:00:53	1	1	15	0
   108515	2020-12-03 17:00:58	1	1	15	0
   108593	2020-12-03 17:01:07	1	1	15	0
   108619	2020-12-03 17:01:14	1	1	15	0
   108619	2020-12-03 17:01:16	1	1	15	0
    10456	2020-12-03 17:01:21	1	1	15	0
   108617	2020-12-03 17:01:28	1	1	15	0
    10080	2020-12-03 17:01:48	1	1	15	0
    10221	2020-12-03 17:02:10	1	1	15	0
   108638	2020-12-03 17:02:23	1	1	15	0
   102525	2020-12-03 17:02:40	1	1	15	0
    10065	2020-12-03 17:02:47	1	1	15	0
   108556	2020-12-03 17:03:15	1	1	15	0
    10550	2020-12-03 17:03:30	1	1	15	0
    19980	2020-12-03 17:03:45	1	1	15	0
    10033	2020-12-03 17:03:55	1	1	15	0
   108591	2020-12-03 17:04:04	1	1	15	0
   108608	2020-12-03 17:04:34	1	1	15	0
   108636	2020-12-03 17:05:25	1	1	15	0
    10025	2020-12-03 17:05:35	1	1	15	0
   108611	2020-12-03 17:06:23	1	1	15	0
   108489	2020-12-03 17:06:39	1	1	15	0
   108635	2020-12-03 17:08:11	1	1	15	0
    10127	2020-12-03 17:08:29	1	1	15	0
   108658	2020-12-03 17:08:36	1	1	15	0
   108661	2020-12-03 17:08:55	1	1	15	0
   108598	2020-12-03 17:09:03	1	1	15	0
   108663	2020-12-03 17:09:17	1	1	15	0
   108662	2020-12-03 17:09:28	1	1	15	0
   108523	2020-12-03 17:09:46	1	1	15	0
   108650	2020-12-03 17:28:49	1	1	15	0
    10129	2020-12-03 18:24:46	1	1	15	0
   108585	2020-12-03 18:32:45	1	1	15	0
   108585	2020-12-03 18:32:47	1	1	15	0
    10063	2020-12-03 18:33:18	1	1	15	0
    10149	2020-12-03 18:42:10	1	1	15	0
   102524	2020-12-03 18:57:11	1	1	15	0
    10076	2020-12-03 19:00:14	1	1	15	0
   108612	2020-12-03 20:31:29	1	1	15	0
    10138	2020-12-03 20:34:39	1	1	15	0
   108549	2020-12-03 20:40:42	1	1	15	0
   108549	2020-12-03 20:40:45	1	1	15	0
   108505	2020-12-04 07:29:32	1	1	15	0
   108549	2020-12-04 08:08:07	1	1	15	0
    10138	2020-12-04 08:33:07	1	1	15	0
   108538	2020-12-04 08:53:06	1	1	15	0
   108549	2020-12-04 15:47:17	1	1	15	0
   108538	2020-12-04 16:02:02	1	1	15	0
    10138	2020-12-04 16:02:12	1	1	15	0
    10278	2020-12-04 16:02:21	1	1	15	0
   108505	2020-12-04 16:36:41	1	1	15	0
   102526	2020-12-05 06:37:29	1	1	15	0
   102526	2020-12-05 06:37:32	1	1	15	0
    10348	2020-12-05 06:37:42	1	1	15	0
   108612	2020-12-05 07:04:47	1	1	15	0
   108612	2020-12-05 07:04:49	1	1	15	0
    10372	2020-12-05 07:13:49	1	1	15	0
    10372	2020-12-05 07:13:52	1	1	15	0
   108654	2020-12-05 07:26:00	1	0	15	0
   108472	2020-12-05 07:40:41	1	0	15	0
   108471	2020-12-05 07:40:58	1	0	15	0
   108577	2020-12-05 07:43:43	1	0	15	0
   108644	2020-12-05 07:43:54	1	0	15	0
    10033	2020-12-05 07:44:43	1	0	15	0
    10228	2020-12-05 07:55:24	1	0	15	0
    10309	2020-12-05 07:58:54	1	0	15	0
   108629	2020-12-05 12:00:32	1	0	15	0
    10033	2020-12-05 12:01:02	1	0	15	0
   108577	2020-12-05 16:00:51	1	0	15	0
   102526	2020-12-05 16:00:57	1	0	15	0
    10309	2020-12-05 16:01:05	1	0	15	0
   108654	2020-12-05 16:01:34	1	1	15	0
   108472	2020-12-05 16:03:02	1	1	15	0
   108553	2020-12-05 16:03:28	1	1	15	0
    10372	2020-12-05 16:03:33	1	1	15	0
    10372	2020-12-05 16:03:35	1	1	15	0
    10120	2020-12-05 16:05:02	1	1	15	0
    10228	2020-12-05 16:09:41	1	1	15	0
   108471	2020-12-05 16:10:50	1	1	15	0
   108612	2020-12-05 21:04:59	1	1	15	0
   108644	2020-12-05 21:05:30	1	1	15	0
    10348	2020-12-05 21:05:46	1	1	15	0
    10348	2020-12-05 21:05:49	1	1	15	0
   108608	2020-12-07 06:12:11	1	1	15	0
    10456	2020-12-07 06:26:16	1	0	15	0
   108523	2020-12-07 06:42:36	1	0	15	0
   102542	2020-12-07 06:54:49	1	0	15	0
   102526	2020-12-07 06:58:12	1	0	15	0
    10372	2020-12-07 07:08:11	1	0	15	0
   108662	2020-12-07 07:12:36	1	0	15	0
   108662	2020-12-07 07:12:38	1	0	15	0
   108556	2020-12-07 07:21:29	1	0	15	0
    10080	2020-12-07 07:22:00	1	0	15	0
    10065	2020-12-07 07:26:56	1	0	15	0
    10065	2020-12-07 07:26:58	1	0	15	0
    10065	2020-12-07 07:27:07	1	0	15	0
   108612	2020-12-07 07:28:39	1	0	15	0
   108654	2020-12-07 07:31:15	1	1	15	0
   108471	2020-12-07 07:31:45	1	1	15	0
   101451	2020-12-07 07:32:17	1	1	15	0
   108568	2020-12-07 07:33:06	1	1	15	0
   108658	2020-12-07 07:33:14	1	1	15	0
    10032	2020-12-07 07:33:36	1	1	15	0
    10033	2020-12-07 07:35:51	1	1	15	0
    10278	2020-12-07 07:37:11	1	1	15	0
    10278	2020-12-07 07:37:13	1	1	15	0
   108505	2020-12-07 07:37:49	1	1	15	0
   108554	2020-12-07 07:38:26	1	1	15	0
   108593	2020-12-07 07:39:12	1	1	15	0
   108585	2020-12-07 07:42:56	1	1	15	0
   108610	2020-12-07 07:43:07	1	1	15	0
   108644	2020-12-07 07:43:22	1	1	15	0
   108469	2020-12-07 07:49:58	1	1	15	0
    10221	2020-12-07 07:52:09	1	1	15	0
   101436	2020-12-07 07:54:51	1	1	15	0
    10129	2020-12-07 07:55:02	1	1	15	0
   108635	2020-12-07 07:56:27	1	1	15	0
   101432	2020-12-07 07:56:50	1	1	15	0
    10458	2020-12-07 07:58:32	1	1	15	0
   108619	2020-12-07 07:58:41	1	1	15	0
    10284	2020-12-07 07:59:46	1	1	15	0
   108549	2020-12-07 08:00:27	1	1	15	0
   108598	2020-12-07 08:00:56	1	1	15	0
   108629	2020-12-07 08:01:06	1	1	15	0
   108636	2020-12-07 08:01:26	1	1	15	0
   102544	2020-12-07 08:05:47	1	1	15	0
   102544	2020-12-07 08:05:49	1	1	15	0
   108661	2020-12-07 08:06:03	1	1	15	0
   108638	2020-12-07 08:06:45	1	1	15	0
   500001	2020-12-07 08:07:28	1	1	15	0
   102525	2020-12-07 08:07:38	1	1	15	0
    10063	2020-12-07 08:08:26	1	1	15	0
    10149	2020-12-07 08:08:42	1	1	15	0
    10076	2020-12-07 08:08:58	1	1	15	0
   108489	2020-12-07 08:09:06	1	1	15	0
   102524	2020-12-07 08:09:16	1	1	15	0
   108515	2020-12-07 08:09:22	1	1	15	0
    19980	2020-12-07 08:09:33	1	1	15	0
    19980	2020-12-07 08:09:35	1	1	15	0
    10348	2020-12-07 08:13:14	1	1	15	0
    10138	2020-12-07 08:13:48	1	1	15	0
    10127	2020-12-07 08:15:02	1	1	15	0
   108663	2020-12-07 08:20:56	1	1	15	0
   108611	2020-12-07 08:22:15	1	1	15	0
   108617	2020-12-07 08:45:06	1	1	15	0
    10550	2020-12-07 09:42:43	1	1	15	0
   108629	2020-12-07 12:10:26	1	1	15	0
    10550	2020-12-07 15:45:19	1	1	15	0
    10456	2020-12-07 16:04:13	1	1	15	0
   108471	2020-12-07 16:07:23	1	1	15	0
   102542	2020-12-07 16:09:25	1	1	15	0
   108554	2020-12-07 16:13:17	1	1	15	0
   102544	2020-12-07 16:24:02	1	1	15	0
   500001	2020-12-07 16:36:53	1	1	15	0
   108593	2020-12-07 17:01:02	1	1	15	0
   108636	2020-12-07 17:01:11	1	1	15	0
    10065	2020-12-07 17:01:19	1	1	15	0
   101451	2020-12-07 17:01:26	1	1	15	0
   108654	2020-12-07 17:01:46	1	1	15	0
    10372	2020-12-07 17:01:51	1	1	15	0
    10372	2020-12-07 17:01:53	1	1	15	0
    10284	2020-12-07 17:01:59	1	1	15	0
   108617	2020-12-07 17:02:10	1	1	15	0
   102526	2020-12-07 17:02:16	1	1	15	0
    10080	2020-12-07 17:02:24	1	1	15	0
    10033	2020-12-07 17:02:38	1	1	15	0
   108619	2020-12-07 17:02:55	1	1	15	0
   108619	2020-12-07 17:02:57	1	1	15	0
    19980	2020-12-07 17:03:15	1	1	15	0
   108608	2020-12-07 17:03:24	1	1	15	0
   108505	2020-12-07 17:03:38	1	1	15	0
   101432	2020-12-07 17:03:47	1	1	15	0
    10221	2020-12-07 17:03:57	1	1	15	0
   108549	2020-12-07 17:04:13	1	1	15	0
    10138	2020-12-07 17:04:41	1	1	15	0
    10458	2020-12-07 17:05:12	1	1	15	0
   108556	2020-12-07 17:05:26	1	1	15	0
   108556	2020-12-07 17:05:28	1	1	15	0
   108635	2020-12-07 17:06:43	1	1	15	0
    10278	2020-12-07 17:06:55	1	1	15	0
   108611	2020-12-07 17:07:09	1	1	15	0
   108658	2020-12-07 17:07:25	1	1	15	0
   108663	2020-12-07 17:07:34	1	1	15	0
   108650	2020-12-07 17:08:06	1	1	15	0
   108662	2020-12-07 17:08:29	1	1	15	0
   102525	2020-12-07 17:09:02	1	1	15	0
   102525	2020-12-07 17:09:04	1	1	15	0
   108568	2020-12-07 17:09:12	1	1	15	0
   108638	2020-12-07 17:11:40	1	1	15	0
   108489	2020-12-07 17:18:25	1	1	15	0
   108489	2020-12-07 17:18:27	1	1	15	0
   108585	2020-12-07 17:37:49	1	1	15	0
   108661	2020-12-07 17:55:52	1	1	15	0
    10129	2020-12-07 18:25:05	1	1	15	0
   108610	2020-12-07 18:35:56	1	1	15	0
    10076	2020-12-07 18:37:55	1	1	15	0
    10127	2020-12-07 18:38:04	1	1	15	0
    10063	2020-12-07 18:38:32	1	1	15	0
   102524	2020-12-07 18:39:09	1	1	15	0
   108523	2020-12-07 18:47:13	1	1	15	0
   108523	2020-12-07 18:47:16	1	1	15	0
   108515	2020-12-07 18:52:11	1	1	15	0
   108612	2020-12-07 20:39:43	1	1	15	0
   108612	2020-12-07 20:39:45	1	1	15	0
   108472	2020-12-08 07:27:17	1	1	15	0
    10033	2020-12-08 07:29:52	1	1	15	0
   108538	2020-12-08 07:30:33	1	1	15	0
    10309	2020-12-08 07:55:49	1	1	15	0
   108538	2020-12-08 16:01:25	1	1	15	0
   108472	2020-12-08 16:01:42	1	1	15	0
   108608	2020-12-09 06:22:58	1	1	15	0
    10456	2020-12-09 06:24:38	1	1	15	0
    10456	2020-12-09 06:24:40	1	1	15	0
    10456	2020-12-09 06:24:53	1	0	15	0
   108662	2020-12-09 06:31:17	1	0	15	0
   108533	2020-12-09 06:40:32	1	0	15	0
   108533	2020-12-09 06:40:34	1	0	15	0
   102526	2020-12-09 06:40:55	1	0	15	0
   108663	2020-12-09 06:43:20	1	0	15	0
   108556	2020-12-09 06:53:39	1	0	15	0
   108556	2020-12-09 06:53:42	1	0	15	0
   108654	2020-12-09 06:59:33	1	1	15	0
   108617	2020-12-09 06:59:51	1	1	15	0
    10372	2020-12-09 07:00:06	1	1	15	0
   102524	2020-12-09 07:04:00	1	1	15	0
   108587	2020-12-09 07:10:13	1	1	15	0
   108630	2020-12-09 07:13:16	1	1	15	0
   101451	2020-12-09 07:14:24	1	1	15	0
   108472	2020-12-09 07:15:42	1	1	15	0
    10080	2020-12-09 07:17:26	1	1	15	0
    10065	2020-12-09 07:17:51	1	1	15	0
    10065	2020-12-09 07:17:53	1	1	15	0
    10065	2020-12-09 07:18:02	1	1	15	0
   108505	2020-12-09 07:18:17	1	1	15	0
   108612	2020-12-09 07:18:37	1	1	15	0
   108523	2020-12-09 07:22:33	1	1	15	0
   102542	2020-12-09 07:24:41	1	1	15	0
   108585	2020-12-09 07:24:49	1	1	15	0
   108593	2020-12-09 07:27:00	1	0	15	0
   108568	2020-12-09 07:28:04	1	0	15	0
   108471	2020-12-09 07:28:51	1	0	15	0
    10278	2020-12-09 07:31:05	1	0	15	0
   108570	2020-12-09 07:31:16	1	0	15	0
   108538	2020-12-09 07:33:56	1	0	15	0
   108658	2020-12-09 07:34:15	1	0	15	0
   108613	2020-12-09 07:42:02	1	0	15	0
   108629	2020-12-09 07:43:14	1	0	15	0
   108598	2020-12-09 07:43:32	1	0	15	0
    10221	2020-12-09 07:44:22	1	0	15	0
    10033	2020-12-09 07:45:28	1	0	15	0
    10284	2020-12-09 07:46:32	1	0	15	0
   108636	2020-12-09 07:46:49	1	0	15	0
   108636	2020-12-09 07:46:51	1	0	15	0
   108650	2020-12-09 07:47:06	1	0	15	0
   108469	2020-12-09 07:47:16	1	0	15	0
    10129	2020-12-09 07:49:57	1	0	15	0
   108644	2020-12-09 07:50:04	1	0	15	0
   108610	2020-12-09 07:50:17	1	0	15	0
   108610	2020-12-09 07:50:19	1	0	15	0
   108554	2020-12-09 07:50:49	1	0	15	0
   108591	2020-12-09 07:51:06	1	0	15	0
    10348	2020-12-09 07:53:20	1	0	15	0
    10228	2020-12-09 07:53:30	1	0	15	0
   108638	2020-12-09 07:54:32	1	0	15	0
   101432	2020-12-09 07:55:18	1	0	15	0
    10309	2020-12-09 07:56:25	1	0	15	0
   108619	2020-12-09 08:00:16	1	0	15	0
    19980	2020-12-09 08:01:12	1	0	15	0
    10032	2020-12-09 08:01:56	1	0	15	0
   108661	2020-12-09 08:02:49	1	0	15	0
    10458	2020-12-09 08:03:56	1	0	15	0
    10138	2020-12-09 08:04:14	1	0	15	0
    10063	2020-12-09 08:07:57	1	0	15	0
    10149	2020-12-09 08:08:25	1	0	15	0
    10076	2020-12-09 08:08:31	1	0	15	0
    10550	2020-12-09 08:08:37	1	0	15	0
   108611	2020-12-09 08:11:59	1	0	15	0
   108635	2020-12-09 08:14:16	1	0	15	0
   102544	2020-12-09 08:14:22	1	0	15	0
   108515	2020-12-09 08:17:10	1	0	15	0
   500001	2020-12-09 08:29:34	1	0	15	0
   102525	2020-12-09 08:31:19	1	0	15	0
   108629	2020-12-09 12:01:51	1	0	15	0
   500001	2020-12-09 13:54:00	1	0	15	0
   108549	2020-12-09 16:01:57	1	0	15	0
    10120	2020-12-09 16:02:05	1	0	15	0
    10309	2020-12-09 16:02:16	1	0	15	0
   108538	2020-12-09 16:02:25	1	0	15	0
   108472	2020-12-09 16:02:35	1	0	15	0
   108533	2020-12-09 16:02:44	1	0	15	0
   102526	2020-12-09 16:02:53	1	0	15	0
    10278	2020-12-09 16:03:59	1	0	15	0
    10138	2020-12-09 16:05:14	1	0	15	0
   108471	2020-12-09 16:05:43	1	0	15	0
   108612	2020-12-09 16:08:28	1	0	15	0
   108570	2020-12-09 16:10:36	1	0	15	0
    10348	2020-12-09 16:11:25	1	0	15	0
    10228	2020-12-09 16:13:05	1	0	15	0
   108554	2020-12-09 16:13:43	1	0	15	0
   108469	2020-12-09 16:13:52	1	0	15	0
   101432	2020-12-09 17:00:32	1	0	15	0
   108644	2020-12-09 17:00:48	1	0	15	0
   108654	2020-12-09 17:01:19	1	1	15	0
    10033	2020-12-09 17:01:25	1	1	15	0
    10372	2020-12-09 17:01:43	1	1	15	0
    10372	2020-12-09 17:01:46	1	1	15	0
   101451	2020-12-09 17:01:49	1	1	15	0
    10284	2020-12-09 17:02:02	1	1	15	0
   108617	2020-12-09 17:02:14	1	1	15	0
   108619	2020-12-09 17:02:24	1	1	15	0
   102525	2020-12-09 17:02:31	1	1	15	0
    10080	2020-12-09 17:02:37	1	1	15	0
   108636	2020-12-09 17:02:49	1	1	15	0
    10456	2020-12-09 17:02:56	1	1	15	0
   108608	2020-12-09 17:03:06	1	1	15	0
   108505	2020-12-09 17:03:18	1	1	15	0
   108515	2020-12-09 17:03:24	1	1	15	0
   102542	2020-12-09 17:03:31	1	1	15	0
    10550	2020-12-09 17:03:43	1	1	15	0
   108556	2020-12-09 17:04:09	1	1	15	0
   108568	2020-12-09 17:04:28	1	1	15	0
    10221	2020-12-09 17:04:43	1	1	15	0
   108611	2020-12-09 17:05:02	1	1	15	0
    10065	2020-12-09 17:05:18	1	1	15	0
   108638	2020-12-09 17:05:27	1	1	15	0
    19980	2020-12-09 17:05:36	1	1	15	0
   108658	2020-12-09 17:05:44	1	1	15	0
   108598	2020-12-09 17:06:41	1	1	15	0
   108591	2020-12-09 17:06:52	1	1	15	0
   108650	2020-12-09 17:08:42	1	1	15	0
   102524	2020-12-09 17:09:18	1	1	15	0
   108585	2020-12-09 17:09:38	1	1	15	0
   108661	2020-12-09 17:10:02	1	1	15	0
   108663	2020-12-09 17:10:10	1	1	15	0
   108662	2020-12-09 17:10:21	1	1	15	0
   108635	2020-12-09 17:11:54	1	1	15	0
    10032	2020-12-09 17:18:09	1	1	15	0
    10032	2020-12-09 17:18:11	1	1	15	0
    10149	2020-12-09 17:27:14	1	1	15	0
    10458	2020-12-09 17:27:43	1	1	15	0
    10076	2020-12-09 17:31:44	1	1	15	0
   108610	2020-12-09 17:32:53	1	1	15	0
    10063	2020-12-09 17:33:54	1	1	15	0
   108523	2020-12-09 18:04:59	1	1	15	0
    10129	2020-12-09 18:20:53	1	1	15	0
   108630	2020-12-09 19:00:28	1	1	15	0
   108613	2020-12-09 19:00:40	1	1	15	0
   102544	2020-12-09 19:00:53	1	1	15	0
   108593	2020-12-09 19:01:18	1	1	15	0
   108593	2020-12-10 06:20:58	1	1	15	0
   108662	2020-12-10 06:25:16	1	1	15	0
   108662	2020-12-10 06:25:18	1	1	15	0
   108608	2020-12-10 06:29:19	1	1	15	0
    10456	2020-12-10 06:30:23	1	1	15	0
   108663	2020-12-10 06:40:01	1	1	15	0
   102526	2020-12-10 06:44:32	1	1	15	0
   102544	2020-12-10 06:50:10	1	1	15	0
   102544	2020-12-10 06:50:12	1	1	15	0
    10356	2020-12-10 07:00:35	1	1	15	0
    10372	2020-12-10 07:05:22	1	1	15	0
   108556	2020-12-10 07:09:02	1	1	15	0
   108617	2020-12-10 07:09:40	1	1	15	0
   108654	2020-12-10 07:10:02	1	0	15	0
   108613	2020-12-10 07:11:08	1	0	15	0
   108630	2020-12-10 07:11:13	1	0	15	0
   108533	2020-12-10 07:16:12	1	0	15	0
   108585	2020-12-10 07:17:06	1	0	15	0
   108538	2020-12-10 07:17:51	1	0	15	0
   108587	2020-12-10 07:18:21	1	0	15	0
   101451	2020-12-10 07:20:37	1	0	15	0
    10080	2020-12-10 07:23:00	1	0	15	0
    10278	2020-12-10 07:23:22	1	0	15	0
   108570	2020-12-10 07:23:29	1	0	15	0
   108612	2020-12-10 07:26:03	1	0	15	0
   102525	2020-12-10 07:26:12	1	0	15	0
    10065	2020-12-10 07:26:51	1	0	15	0
   108523	2020-12-10 07:27:38	1	0	15	0
   108568	2020-12-10 07:30:36	1	0	15	0
   108658	2020-12-10 07:30:46	1	0	15	0
   108471	2020-12-10 07:35:44	1	0	15	0
   102542	2020-12-10 07:37:41	1	0	15	0
   108554	2020-12-10 07:38:04	1	0	15	0
    10033	2020-12-10 07:38:48	1	0	15	0
   108505	2020-12-10 07:39:13	1	0	15	0
    10221	2020-12-10 07:40:17	1	0	15	0
   108650	2020-12-10 07:40:29	1	0	15	0
   108549	2020-12-10 07:41:09	1	0	15	0
   108549	2020-12-10 07:41:11	1	0	15	0
   108472	2020-12-10 07:41:53	1	0	15	0
   108644	2020-12-10 07:44:34	1	0	15	0
   108644	2020-12-10 07:44:36	1	0	15	0
   108636	2020-12-10 07:47:49	1	0	15	0
    10309	2020-12-10 07:50:02	1	0	15	0
    10025	2020-12-10 07:50:36	1	0	15	0
   108577	2020-12-10 07:52:59	1	0	15	0
   101432	2020-12-10 07:53:49	1	0	15	0
   108638	2020-12-10 07:54:06	1	0	15	0
   108469	2020-12-10 07:54:23	1	0	15	0
   108610	2020-12-10 07:54:37	1	0	15	0
   108598	2020-12-10 07:55:20	1	0	15	0
   108629	2020-12-10 07:55:31	1	0	15	0
    10129	2020-12-10 07:56:25	1	0	15	0
    10348	2020-12-10 07:57:45	1	0	15	0
    10228	2020-12-10 07:58:56	1	0	15	0
   108515	2020-12-10 08:00:46	1	0	15	0
   108515	2020-12-10 08:00:48	1	0	15	0
    10032	2020-12-10 08:02:38	1	0	15	0
    10138	2020-12-10 08:02:59	1	0	15	0
   108619	2020-12-10 08:03:12	1	0	15	0
    10063	2020-12-10 08:07:11	1	0	15	0
    10076	2020-12-10 08:07:25	1	0	15	0
   108489	2020-12-10 08:07:34	1	0	15	0
   108489	2020-12-10 08:07:36	1	0	15	0
   102524	2020-12-10 08:07:48	1	0	15	0
   108611	2020-12-10 08:08:01	1	0	15	0
    10398	2020-12-10 08:08:37	1	0	15	0
   108661	2020-12-10 08:11:54	1	0	15	0
    10458	2020-12-10 08:12:03	1	0	15	0
    19980	2020-12-10 08:15:53	1	0	15	0
    10550	2020-12-10 08:16:18	1	0	15	0
   108591	2020-12-10 08:20:09	1	0	15	0
   108635	2020-12-10 08:35:41	1	0	15	0
   108629	2020-12-10 12:03:45	1	0	15	0
   108585	2020-12-10 12:08:48	1	0	15	0
    10076	2020-12-10 12:44:59	1	0	15	0
   108549	2020-12-10 16:04:03	1	0	15	0
    10278	2020-12-10 16:04:33	1	0	15	0
   108538	2020-12-10 16:04:38	1	0	15	0
   108533	2020-12-10 16:04:48	1	0	15	0
   102526	2020-12-10 16:04:56	1	0	15	0
   108472	2020-12-10 16:05:03	1	0	15	0
    10356	2020-12-10 16:05:23	1	0	15	0
    10398	2020-12-10 16:05:31	1	0	15	0
   108469	2020-12-10 16:05:55	1	0	15	0
   108554	2020-12-10 16:06:31	1	0	15	0
   108554	2020-12-10 16:06:33	1	0	15	0
   108570	2020-12-10 16:07:36	1	0	15	0
    10309	2020-12-10 16:08:36	1	0	15	0
    10228	2020-12-10 16:08:42	1	0	15	0
   108471	2020-12-10 16:14:27	1	0	15	0
   101432	2020-12-10 17:01:05	1	0	15	0
   108654	2020-12-10 17:01:24	1	1	15	0
   108644	2020-12-10 17:01:41	1	1	15	0
   102525	2020-12-10 17:01:56	1	1	15	0
   108515	2020-12-10 17:02:03	1	1	15	0
   108619	2020-12-10 17:02:09	1	1	15	0
   108577	2020-12-10 17:02:16	1	1	15	0
    10025	2020-12-10 17:02:25	1	1	15	0
    10372	2020-12-10 17:02:35	1	1	15	0
   108617	2020-12-10 17:02:41	1	1	15	0
    10456	2020-12-10 17:02:49	1	1	15	0
    10550	2020-12-10 17:02:55	1	1	15	0
   101451	2020-12-10 17:03:00	1	1	15	0
    10080	2020-12-10 17:03:08	1	1	15	0
    10065	2020-12-10 17:03:19	1	1	15	0
   108608	2020-12-10 17:03:39	1	1	15	0
   108505	2020-12-10 17:03:49	1	1	15	0
   108591	2020-12-10 17:03:57	1	1	15	0
   108650	2020-12-10 17:04:03	1	1	15	0
    10033	2020-12-10 17:04:09	1	1	15	0
    19980	2020-12-10 17:04:23	1	1	15	0
    10138	2020-12-10 17:04:35	1	1	15	0
   108612	2020-12-10 17:04:44	1	1	15	0
    10221	2020-12-10 17:05:15	1	1	15	0
   108556	2020-12-10 17:05:28	1	1	15	0
   108661	2020-12-10 17:05:39	1	1	15	0
   108568	2020-12-10 17:05:47	1	1	15	0
   108638	2020-12-10 17:05:56	1	1	15	0
   108611	2020-12-10 17:06:20	1	1	15	0
    10458	2020-12-10 17:06:27	1	1	15	0
   102542	2020-12-10 17:06:57	1	1	15	0
   108636	2020-12-10 17:07:46	1	1	15	0
   108635	2020-12-10 17:07:55	1	1	15	0
   108489	2020-12-10 17:08:53	1	1	15	0
   108598	2020-12-10 17:10:32	1	1	15	0
   108658	2020-12-10 17:10:43	1	1	15	0
   108662	2020-12-10 17:16:56	1	1	15	0
   108663	2020-12-10 17:17:13	1	1	15	0
   102524	2020-12-10 17:26:34	1	1	15	0
    10032	2020-12-10 17:59:27	1	1	15	0
    10129	2020-12-10 18:21:54	1	1	15	0
    10063	2020-12-10 18:22:10	1	1	15	0
   108610	2020-12-10 18:22:54	1	1	15	0
    10127	2020-12-10 19:03:56	1	1	15	0
   108630	2020-12-10 19:11:27	1	1	15	0
   108593	2020-12-10 19:11:38	1	1	15	0
   108613	2020-12-10 19:12:18	1	1	15	0
   102544	2020-12-10 19:12:30	1	1	15	0
   108523	2020-12-10 20:17:41	1	1	15	0
