   101437	2021-06-11 06:17:48	1	0	15	0
   108654	2021-06-11 06:17:58	1	0	15	0
   108587	2021-06-11 06:18:21	1	0	15	0
   108587	2021-06-11 06:18:23	1	0	15	0
   102526	2021-06-11 06:19:58	1	0	15	0
    10372	2021-06-11 06:26:45	1	0	15	0
    10456	2021-06-11 06:30:04	1	0	15	0
   108662	2021-06-11 06:46:10	1	0	15	0
   108617	2021-06-11 06:53:44	1	0	15	0
   108533	2021-06-11 07:06:30	1	0	15	0
    10214	2021-06-11 07:14:44	1	0	15	0
    10356	2021-06-11 07:14:59	1	0	15	0
    10080	2021-06-11 07:17:20	1	0	15	0
    10080	2021-06-11 07:17:23	1	0	15	0
   108674	2021-06-11 07:20:14	1	0	15	0
   108670	2021-06-11 07:22:15	1	0	15	0
   108668	2021-06-11 07:22:30	1	0	15	0
   108593	2021-06-11 07:25:38	1	0	15	0
   108523	2021-06-11 07:27:02	1	0	15	0
   108568	2021-06-11 07:29:42	1	0	15	0
   108673	2021-06-11 07:31:56	1	0	15	0
    10278	2021-06-11 07:32:04	1	0	15	0
    10025	2021-06-11 07:34:32	1	0	15	0
    10221	2021-06-11 07:34:54	1	0	15	0
    10127	2021-06-11 07:35:36	1	0	15	0
   108610	2021-06-11 07:36:26	1	0	15	0
   108667	2021-06-11 07:37:09	1	0	15	0
    10033	2021-06-11 07:39:29	1	0	15	0
   108658	2021-06-11 07:39:37	1	0	15	0
   108669	2021-06-11 07:40:19	1	0	15	0
   101432	2021-06-11 07:40:48	1	0	15	0
   108585	2021-06-11 07:41:55	1	0	15	0
   108469	2021-06-11 07:42:29	1	0	15	0
    10159	2021-06-11 07:42:46	1	0	15	0
    10159	2021-06-11 07:42:48	1	0	15	0
   108472	2021-06-11 07:45:39	1	0	15	0
    10065	2021-06-11 07:47:54	1	0	15	0
    10284	2021-06-11 07:48:14	1	0	15	0
   108638	2021-06-11 07:48:24	1	0	15	0
    10138	2021-06-11 07:48:40	1	0	15	0
   108549	2021-06-11 07:50:04	1	0	15	0
    19980	2021-06-11 07:51:57	1	0	15	0
   108538	2021-06-11 07:52:49	1	0	15	0
   108579	2021-06-11 07:53:43	1	0	15	0
   108666	2021-06-11 07:53:59	1	0	15	0
   108672	2021-06-11 07:55:58	1	0	15	0
   108613	2021-06-11 07:56:38	1	0	15	0
   102542	2021-06-11 07:56:47	1	0	15	0
   108598	2021-06-11 07:57:17	1	0	15	0
    10063	2021-06-11 07:57:37	1	0	15	0
    10149	2021-06-11 07:57:47	1	0	15	0
   108671	2021-06-11 07:57:53	1	0	15	0
    10228	2021-06-11 07:58:49	1	0	15	0
   102544	2021-06-11 07:59:00	1	0	15	0
   108619	2021-06-11 07:59:18	1	0	15	0
   108663	2021-06-11 07:59:58	1	0	15	0
    10309	2021-06-11 08:00:07	1	0	15	0
    10032	2021-06-11 08:00:39	1	0	15	0
    10129	2021-06-11 08:01:23	1	0	15	0
   108635	2021-06-11 08:10:07	1	0	15	0
   108611	2021-06-11 08:14:46	1	0	15	0
   102524	2021-06-11 08:14:57	1	0	15	0
    10458	2021-06-11 08:23:28	1	0	15	0
   108515	2021-06-11 08:24:33	1	0	15	0
   108591	2021-06-11 08:53:12	1	0	15	0
   108619	2021-06-11 09:05:15	1	0	15	0
   108668	2021-06-11 12:03:17	1	0	15	0
   108587	2021-06-11 14:01:35	1	0	15	0
   101432	2021-06-11 14:54:10	1	0	15	0
   108593	2021-06-11 16:00:31	1	0	15	0
   102544	2021-06-11 16:00:59	1	0	15	0
    10456	2021-06-11 16:01:13	1	1	15	0
   108538	2021-06-11 16:01:22	1	1	15	0
   108472	2021-06-11 16:02:07	1	1	15	0
   108613	2021-06-11 16:02:20	1	1	15	0
   101437	2021-06-11 16:02:31	1	1	15	0
   102526	2021-06-11 16:02:56	1	1	15	0
   102526	2021-06-11 16:02:58	1	1	15	0
    10278	2021-06-11 16:03:30	1	1	15	0
   108654	2021-06-11 16:04:59	1	1	15	0
    10372	2021-06-11 16:05:51	1	1	15	0
    10309	2021-06-11 16:06:17	1	1	15	0
    10284	2021-06-11 16:10:36	1	1	15	0
    10228	2021-06-11 16:13:21	1	1	15	0
   108469	2021-06-11 16:14:14	1	1	15	0
   108549	2021-06-11 16:32:42	1	1	15	0
    10138	2021-06-11 16:34:39	1	1	15	0
    10348	2021-06-11 16:35:07	1	1	15	0
   108533	2021-06-11 17:01:22	1	1	15	0
    10080	2021-06-11 17:01:31	1	1	15	0
    10025	2021-06-11 17:01:55	1	1	15	0
    10032	2021-06-11 17:02:03	1	1	15	0
   108670	2021-06-11 17:02:12	1	1	15	0
   108617	2021-06-11 17:02:22	1	1	15	0
   102524	2021-06-11 17:02:35	1	1	15	0
   108579	2021-06-11 17:03:01	1	1	15	0
   108669	2021-06-11 17:03:38	1	1	15	0
   108568	2021-06-11 17:03:50	1	1	15	0
    10221	2021-06-11 17:04:10	1	1	15	0
    10033	2021-06-11 17:04:24	1	1	15	0
   108515	2021-06-11 17:04:35	1	1	15	0
    19980	2021-06-11 17:04:55	1	1	15	0
   108611	2021-06-11 17:05:04	1	1	15	0
   108667	2021-06-11 17:05:39	1	1	15	0
    10065	2021-06-11 17:06:15	1	1	15	0
   108591	2021-06-11 17:09:14	1	1	15	0
   108674	2021-06-11 17:11:01	1	1	15	0
    10073	2021-06-11 17:12:23	1	1	15	0
   108673	2021-06-11 17:21:59	1	1	15	0
   108671	2021-06-11 17:23:30	1	1	15	0
    10127	2021-06-11 17:23:39	1	1	15	0
   108610	2021-06-11 17:23:46	1	1	15	0
    10076	2021-06-11 17:25:23	1	1	15	0
   102579	2021-06-11 17:25:43	1	1	15	0
   102542	2021-06-11 17:25:53	1	1	15	0
   108663	2021-06-11 17:27:42	1	1	15	0
   108658	2021-06-11 17:28:02	1	1	15	0
    10063	2021-06-11 17:28:09	1	1	15	0
    10149	2021-06-11 17:28:17	1	1	15	0
    10458	2021-06-11 17:31:53	1	1	15	0
   108662	2021-06-11 17:37:31	1	1	15	0
   108585	2021-06-11 17:39:37	1	1	15	0
   108635	2021-06-11 17:45:35	1	1	15	0
   108638	2021-06-11 18:05:39	1	1	15	0
    10159	2021-06-11 18:09:47	1	1	15	0
    10129	2021-06-11 18:22:18	1	1	15	0
   108598	2021-06-11 18:22:38	1	1	15	0
   108523	2021-06-11 18:25:22	1	1	15	0
   108672	2021-06-11 18:25:29	1	1	15	0
    10214	2021-06-11 19:34:11	1	1	15	0
    10356	2021-06-11 19:34:23	1	1	15	0
    10456	2021-06-14 05:55:01	1	0	15	0
   101437	2021-06-14 06:01:27	1	0	15	0
   102526	2021-06-14 06:30:45	1	0	15	0
   108654	2021-06-14 06:39:41	1	0	15	0
   108617	2021-06-14 06:44:30	1	0	15	0
    10372	2021-06-14 06:47:17	1	0	15	0
   108662	2021-06-14 06:50:02	1	0	15	0
   108662	2021-06-14 06:50:04	1	0	15	0
   108670	2021-06-14 07:02:42	1	0	15	0
    10080	2021-06-14 07:03:04	1	0	15	0
   108556	2021-06-14 07:06:54	1	0	15	0
    10214	2021-06-14 07:08:59	1	0	15	0
   108533	2021-06-14 07:09:27	1	0	15	0
    10356	2021-06-14 07:09:41	1	0	15	0
   108630	2021-06-14 07:10:18	1	0	15	0
   108630	2021-06-14 07:10:21	1	0	15	0
    10278	2021-06-14 07:14:24	1	0	15	0
    10065	2021-06-14 07:16:59	1	0	15	0
   108587	2021-06-14 07:18:46	1	0	15	0
   108587	2021-06-14 07:18:48	1	0	15	0
    10033	2021-06-14 07:21:01	1	0	15	0
   108669	2021-06-14 07:21:14	1	0	15	0
   101451	2021-06-14 07:21:23	1	0	15	0
   108585	2021-06-14 07:23:52	1	0	15	0
    10127	2021-06-14 07:28:18	1	0	15	0
   108674	2021-06-14 07:28:47	1	0	15	0
   108667	2021-06-14 07:29:08	1	0	15	0
   108549	2021-06-14 07:29:23	1	0	15	0
   108610	2021-06-14 07:29:33	1	0	15	0
   108610	2021-06-14 07:29:35	1	0	15	0
   108472	2021-06-14 07:31:02	1	0	15	0
   108672	2021-06-14 07:31:55	1	0	15	0
   108568	2021-06-14 07:36:11	1	0	15	0
   108658	2021-06-14 07:36:52	1	0	15	0
   108668	2021-06-14 07:37:21	1	0	15	0
    10138	2021-06-14 07:37:53	1	0	15	0
   102524	2021-06-14 07:39:23	1	0	15	0
    10025	2021-06-14 07:44:02	1	0	15	0
   108538	2021-06-14 07:44:17	1	0	15	0
   102542	2021-06-14 07:44:24	1	0	15	0
    10348	2021-06-14 07:46:50	1	0	15	0
    10228	2021-06-14 07:47:13	1	0	15	0
    10309	2021-06-14 07:48:40	1	0	15	0
    10159	2021-06-14 07:50:36	1	0	15	0
    10284	2021-06-14 07:51:25	1	0	15	0
   102544	2021-06-14 07:51:36	1	0	15	0
   108469	2021-06-14 07:51:48	1	0	15	0
    10032	2021-06-14 07:52:27	1	0	15	0
   108613	2021-06-14 07:54:11	1	0	15	0
    10129	2021-06-14 07:55:07	1	0	15	0
    19980	2021-06-14 07:56:26	1	0	15	0
   108619	2021-06-14 07:58:29	1	0	15	0
    10550	2021-06-14 08:00:03	1	0	15	0
    10550	2021-06-14 08:00:07	1	0	15	0
    10550	2021-06-14 08:00:12	1	0	15	0
    10550	2021-06-14 08:00:14	1	0	15	0
    10149	2021-06-14 08:01:53	1	0	15	0
    10149	2021-06-14 08:01:55	1	0	15	0
   108671	2021-06-14 08:02:16	1	0	15	0
   108523	2021-06-14 08:02:39	1	0	15	0
    10076	2021-06-14 08:03:12	1	0	15	0
   500001	2021-06-14 08:07:05	1	0	15	0
   108635	2021-06-14 08:10:45	1	0	15	0
   108591	2021-06-14 08:12:42	1	0	15	0
   108611	2021-06-14 08:14:09	1	0	15	0
    10221	2021-06-14 08:16:45	1	0	15	0
   108663	2021-06-14 08:22:12	1	0	15	0
    10073	2021-06-14 08:27:15	1	0	15	0
    10073	2021-06-14 08:27:17	1	0	15	0
    10458	2021-06-14 08:35:52	1	0	15	0
   108515	2021-06-14 09:08:23	1	0	15	0
   108598	2021-06-14 09:50:23	1	0	15	0
    10063	2021-06-14 12:18:58	1	0	15	0
   108654	2021-06-14 16:00:10	1	1	15	0
   102526	2021-06-14 16:00:17	1	1	15	0
   101451	2021-06-14 16:00:24	1	1	15	0
   101451	2021-06-14 16:00:26	1	1	15	0
    10309	2021-06-14 16:00:40	1	1	15	0
    10456	2021-06-14 16:00:52	1	1	15	0
    10214	2021-06-14 16:01:01	1	1	15	0
    10214	2021-06-14 16:01:03	1	1	15	0
   101437	2021-06-14 16:01:13	1	1	15	0
   108472	2021-06-14 16:01:19	1	1	15	0
   108538	2021-06-14 16:01:27	1	1	15	0
   102542	2021-06-14 16:01:43	1	1	15	0
   108533	2021-06-14 16:01:57	1	1	15	0
   108549	2021-06-14 16:02:10	1	1	15	0
   108587	2021-06-14 16:02:18	1	1	15	0
    10356	2021-06-14 16:02:41	1	1	15	0
    10372	2021-06-14 16:03:11	1	1	15	0
    10278	2021-06-14 16:03:19	1	1	15	0
    10138	2021-06-14 16:03:28	1	1	15	0
   108469	2021-06-14 16:05:32	1	1	15	0
    10348	2021-06-14 16:08:44	1	1	15	0
    10228	2021-06-14 16:38:51	1	1	15	0
    10284	2021-06-14 16:39:50	1	1	15	0
   108613	2021-06-14 17:00:15	1	1	15	0
   108630	2021-06-14 17:00:21	1	1	15	0
    10080	2021-06-14 17:00:40	1	1	15	0
    10025	2021-06-14 17:01:21	1	1	15	0
   102544	2021-06-14 17:02:25	1	1	15	0
    10550	2021-06-14 17:02:40	1	1	15	0
    19980	2021-06-14 17:02:58	1	1	15	0
    10033	2021-06-14 17:03:05	1	1	15	0
   108667	2021-06-14 17:03:41	1	1	15	0
   108669	2021-06-14 17:04:38	1	1	15	0
   108670	2021-06-14 17:05:13	1	1	15	0
   102524	2021-06-14 17:05:25	1	1	15	0
    10065	2021-06-14 17:05:35	1	1	15	0
    10073	2021-06-14 17:05:46	1	1	15	0
   108617	2021-06-14 17:05:52	1	1	15	0
    10221	2021-06-14 17:06:34	1	1	15	0
   108556	2021-06-14 17:06:53	1	1	15	0
   108611	2021-06-14 17:07:04	1	1	15	0
   108635	2021-06-14 17:08:17	1	1	15	0
   500001	2021-06-14 17:08:41	1	1	15	0
    10159	2021-06-14 17:12:13	1	1	15	0
   108674	2021-06-14 17:13:59	1	1	15	0
   108619	2021-06-14 17:15:17	1	1	15	0
   108591	2021-06-14 17:17:25	1	1	15	0
    10458	2021-06-14 17:20:58	1	1	15	0
   108515	2021-06-14 17:31:11	1	1	15	0
   108585	2021-06-14 17:31:37	1	1	15	0
   108666	2021-06-14 17:35:32	1	1	15	0
   108672	2021-06-14 17:36:42	1	1	15	0
   108671	2021-06-14 17:47:17	1	1	15	0
   108668	2021-06-14 17:48:36	1	1	15	0
    10076	2021-06-14 17:50:13	1	1	15	0
   108568	2021-06-14 17:51:14	1	1	15	0
    10149	2021-06-14 17:54:20	1	1	15	0
    10063	2021-06-14 17:55:23	1	1	15	0
    10129	2021-06-14 18:35:31	1	1	15	0
   108523	2021-06-14 19:50:55	1	1	15	0
   108610	2021-06-14 20:37:05	1	1	15	0
   108663	2021-06-14 20:37:14	1	1	15	0
   108598	2021-06-14 20:37:21	1	1	15	0
   108658	2021-06-14 20:37:29	1	1	15	0
    10127	2021-06-14 22:43:29	1	1	15	0
   108662	2021-06-14 22:43:40	1	1	15	0
   101437	2021-06-15 05:58:59	1	1	15	0
   101437	2021-06-15 05:59:13	1	1	15	0
   101437	2021-06-15 06:00:15	1	0	15	0
    10456	2021-06-15 06:08:53	1	0	15	0
   102526	2021-06-15 06:20:53	1	0	15	0
   108593	2021-06-15 06:41:52	1	0	15	0
   108549	2021-06-15 06:46:27	1	0	15	0
   108617	2021-06-15 06:47:36	1	0	15	0
   108658	2021-06-15 06:48:04	1	0	15	0
    10214	2021-06-15 06:50:55	1	0	15	0
    10214	2021-06-15 06:50:57	1	0	15	0
    10356	2021-06-15 06:51:36	1	0	15	0
    10372	2021-06-15 06:59:28	1	0	15	0
   108587	2021-06-15 06:59:42	1	0	15	0
   101451	2021-06-15 07:06:39	1	0	15	0
   108533	2021-06-15 07:06:53	1	0	15	0
    10033	2021-06-15 07:08:36	1	0	15	0
    10033	2021-06-15 07:08:38	1	0	15	0
   108630	2021-06-15 07:13:32	1	0	15	0
    10080	2021-06-15 07:15:35	1	0	15	0
   108610	2021-06-15 07:15:54	1	0	15	0
    10065	2021-06-15 07:17:37	1	0	15	0
   108670	2021-06-15 07:17:49	1	0	15	0
   108523	2021-06-15 07:19:00	1	0	15	0
   108523	2021-06-15 07:19:02	1	0	15	0
    10278	2021-06-15 07:19:26	1	0	15	0
   101432	2021-06-15 07:24:39	1	0	15	0
   108556	2021-06-15 07:25:04	1	0	15	0
   108667	2021-06-15 07:25:57	1	0	15	0
   108674	2021-06-15 07:29:14	1	0	15	0
   108669	2021-06-15 07:29:47	1	0	15	0
   108668	2021-06-15 07:34:09	1	0	15	0
   108585	2021-06-15 07:34:17	1	0	15	0
    10221	2021-06-15 07:34:32	1	0	15	0
    10127	2021-06-15 07:35:48	1	0	15	0
   108568	2021-06-15 07:36:53	1	0	15	0
   108662	2021-06-15 07:39:30	1	0	15	0
   102544	2021-06-15 07:41:23	1	0	15	0
    10159	2021-06-15 07:42:08	1	0	15	0
    10309	2021-06-15 07:42:32	1	0	15	0
   108472	2021-06-15 07:44:59	1	0	15	0
    10228	2021-06-15 07:46:40	1	0	15	0
    10550	2021-06-15 07:47:14	1	0	15	0
    10348	2021-06-15 07:48:23	1	0	15	0
   108469	2021-06-15 07:49:15	1	0	15	0
    10284	2021-06-15 07:49:28	1	0	15	0
   108638	2021-06-15 07:49:59	1	0	15	0
   108538	2021-06-15 07:50:16	1	0	15	0
   108579	2021-06-15 07:51:16	1	0	15	0
   108663	2021-06-15 07:51:22	1	0	15	0
   108672	2021-06-15 07:51:37	1	0	15	0
   102542	2021-06-15 07:52:19	1	0	15	0
    10063	2021-06-15 07:53:38	1	0	15	0
    10149	2021-06-15 07:53:55	1	0	15	0
    10149	2021-06-15 07:53:57	1	0	15	0
   108671	2021-06-15 07:54:39	1	0	15	0
   108673	2021-06-15 07:54:46	1	0	15	0
    10025	2021-06-15 07:54:56	1	0	15	0
    10076	2021-06-15 07:56:01	1	0	15	0
    10129	2021-06-15 07:56:09	1	0	15	0
   108619	2021-06-15 07:56:55	1	0	15	0
   108598	2021-06-15 07:58:08	1	0	15	0
   102579	2021-06-15 07:59:14	1	0	15	0
   500001	2021-06-15 07:59:22	1	0	15	0
    19980	2021-06-15 07:59:41	1	0	15	0
    19980	2021-06-15 07:59:44	1	0	15	0
   108635	2021-06-15 08:03:57	1	0	15	0
    10073	2021-06-15 08:08:23	1	0	15	0
   108591	2021-06-15 08:08:32	1	0	15	0
    10138	2021-06-15 08:09:06	1	0	15	0
   108611	2021-06-15 08:13:38	1	0	15	0
   108515	2021-06-15 08:32:40	1	0	15	0
    10458	2021-06-15 08:38:05	1	0	15	0
    10456	2021-06-15 16:01:14	1	1	15	0
   101437	2021-06-15 16:01:51	1	1	15	0
   101437	2021-06-15 16:01:54	1	1	15	0
   102526	2021-06-15 16:02:09	1	1	15	0
    10284	2021-06-15 16:02:23	1	1	15	0
   108533	2021-06-15 16:02:36	1	1	15	0
   108587	2021-06-15 16:03:15	1	1	15	0
    10309	2021-06-15 16:03:57	1	1	15	0
    10372	2021-06-15 16:04:32	1	1	15	0
   101451	2021-06-15 16:04:40	1	1	15	0
   108469	2021-06-15 16:05:49	1	1	15	0
    10278	2021-06-15 16:06:20	1	1	15	0
    10278	2021-06-15 16:06:22	1	1	15	0
   102542	2021-06-15 16:06:45	1	1	15	0
   108549	2021-06-15 16:07:32	1	1	15	0
    10138	2021-06-15 16:08:31	1	1	15	0
    10228	2021-06-15 16:09:29	1	1	15	0
   102544	2021-06-15 16:13:27	1	1	15	0
   108593	2021-06-15 17:00:08	1	1	15	0
   108630	2021-06-15 17:00:30	1	1	15	0
   108619	2021-06-15 17:00:41	1	1	15	0
    10025	2021-06-15 17:00:54	1	1	15	0
    10080	2021-06-15 17:01:02	1	1	15	0
    19980	2021-06-15 17:01:46	1	1	15	0
   108617	2021-06-15 17:01:53	1	1	15	0
    10550	2021-06-15 17:02:38	1	1	15	0
   108670	2021-06-15 17:03:29	1	1	15	0
   108670	2021-06-15 17:03:31	1	1	15	0
   108670	2021-06-15 17:03:39	1	1	15	0
   108669	2021-06-15 17:03:51	1	1	15	0
   101432	2021-06-15 17:04:13	1	1	15	0
    10073	2021-06-15 17:04:21	1	1	15	0
    10065	2021-06-15 17:04:29	1	1	15	0
    10458	2021-06-15 17:04:40	1	1	15	0
    10033	2021-06-15 17:05:15	1	1	15	0
    10221	2021-06-15 17:05:43	1	1	15	0
   108579	2021-06-15 17:05:50	1	1	15	0
   108556	2021-06-15 17:06:09	1	1	15	0
   108673	2021-06-15 17:06:17	1	1	15	0
   108635	2021-06-15 17:06:35	1	1	15	0
   108611	2021-06-15 17:06:47	1	1	15	0
   108658	2021-06-15 17:06:59	1	1	15	0
   108663	2021-06-15 17:07:05	1	1	15	0
   108638	2021-06-15 17:07:57	1	1	15	0
   108591	2021-06-15 17:08:27	1	1	15	0
   108668	2021-06-15 17:08:36	1	1	15	0
   108668	2021-06-15 17:08:38	1	1	15	0
   108585	2021-06-15 17:09:19	1	1	15	0
   108674	2021-06-15 17:10:36	1	1	15	0
   500001	2021-06-15 17:12:35	1	1	15	0
   108662	2021-06-15 17:13:42	1	1	15	0
   108667	2021-06-15 17:13:51	1	1	15	0
   108672	2021-06-15 17:18:40	1	1	15	0
   108666	2021-06-15 17:20:38	1	1	15	0
    10159	2021-06-15 17:21:41	1	1	15	0
   108610	2021-06-15 17:21:54	1	1	15	0
    10063	2021-06-15 17:24:15	1	1	15	0
   108568	2021-06-15 17:24:27	1	1	15	0
   108671	2021-06-15 17:25:51	1	1	15	0
   102579	2021-06-15 17:25:57	1	1	15	0
    10076	2021-06-15 17:26:11	1	1	15	0
    10149	2021-06-15 17:29:01	1	1	15	0
   108598	2021-06-15 17:35:45	1	1	15	0
   108472	2021-06-15 18:02:07	1	1	15	0
   108538	2021-06-15 18:02:18	1	1	15	0
    10129	2021-06-15 18:34:04	1	1	15	0
   108515	2021-06-15 19:01:05	1	1	15	0
   108523	2021-06-15 19:37:26	1	1	15	0
    10127	2021-06-15 19:37:55	1	1	15	0
   101437	2021-06-16 06:09:41	1	0	15	0
    10456	2021-06-16 06:13:40	1	0	15	0
    10456	2021-06-16 06:13:42	1	0	15	0
   102526	2021-06-16 06:18:02	1	0	15	0
    10278	2021-06-16 06:32:27	1	0	15	0
   108617	2021-06-16 06:41:27	1	0	15	0
   108654	2021-06-16 06:44:43	1	0	15	0
   108662	2021-06-16 06:52:22	1	0	15	0
   108587	2021-06-16 06:56:39	1	0	15	0
   108533	2021-06-16 07:01:36	1	0	15	0
   108630	2021-06-16 07:13:02	1	0	15	0
   108670	2021-06-16 07:16:43	1	0	15	0
   108523	2021-06-16 07:16:56	1	0	15	0
   101451	2021-06-16 07:17:21	1	0	15	0
   108593	2021-06-16 07:17:47	1	0	15	0
    10080	2021-06-16 07:18:54	1	0	15	0
   108674	2021-06-16 07:19:42	1	0	15	0
    10356	2021-06-16 07:21:19	1	0	15	0
    10372	2021-06-16 07:23:41	1	0	15	0
   108568	2021-06-16 07:27:41	1	0	15	0
   108673	2021-06-16 07:30:23	1	0	15	0
   101432	2021-06-16 07:31:06	1	0	15	0
    10033	2021-06-16 07:31:52	1	0	15	0
    10033	2021-06-16 07:31:54	1	0	15	0
   108585	2021-06-16 07:32:46	1	0	15	0
   108585	2021-06-16 07:32:49	1	0	15	0
   108669	2021-06-16 07:33:14	1	0	15	0
   108556	2021-06-16 07:33:49	1	0	15	0
   108658	2021-06-16 07:34:37	1	0	15	0
   108538	2021-06-16 07:35:42	1	0	15	0
   108663	2021-06-16 07:35:51	1	0	15	0
   108672	2021-06-16 07:36:08	1	0	15	0
    10065	2021-06-16 07:36:20	1	0	15	0
    10065	2021-06-16 07:36:22	1	0	15	0
    10065	2021-06-16 07:36:32	1	0	15	0
   108668	2021-06-16 07:38:50	1	0	15	0
   108613	2021-06-16 07:40:55	1	0	15	0
   102542	2021-06-16 07:42:07	1	0	15	0
    10159	2021-06-16 07:42:17	1	0	15	0
   108472	2021-06-16 07:43:05	1	0	15	0
    10221	2021-06-16 07:44:01	1	0	15	0
   108549	2021-06-16 07:44:53	1	0	15	0
   108579	2021-06-16 07:44:59	1	0	15	0
   108667	2021-06-16 07:46:40	1	0	15	0
   108638	2021-06-16 07:49:00	1	0	15	0
    10129	2021-06-16 07:49:09	1	0	15	0
   102524	2021-06-16 07:49:51	1	0	15	0
    10228	2021-06-16 07:50:34	1	0	15	0
    10284	2021-06-16 07:51:55	1	0	15	0
    19980	2021-06-16 07:55:16	1	0	15	0
   108515	2021-06-16 07:56:31	1	0	15	0
   108635	2021-06-16 07:57:18	1	0	15	0
    10550	2021-06-16 07:57:24	1	0	15	0
   108611	2021-06-16 07:57:35	1	0	15	0
    10149	2021-06-16 07:57:51	1	0	15	0
    10063	2021-06-16 07:58:01	1	0	15	0
    10127	2021-06-16 07:58:11	1	0	15	0
   108610	2021-06-16 07:58:16	1	0	15	0
   108671	2021-06-16 07:58:23	1	0	15	0
   108619	2021-06-16 07:58:50	1	0	15	0
    10076	2021-06-16 07:59:53	1	0	15	0
   108598	2021-06-16 08:01:23	1	0	15	0
    10138	2021-06-16 08:03:19	1	0	15	0
    10309	2021-06-16 08:05:28	1	0	15	0
   500001	2021-06-16 08:09:52	1	0	15	0
    10073	2021-06-16 08:33:43	1	0	15	0
    10458	2021-06-16 08:33:53	1	0	15	0
   108591	2021-06-16 08:50:05	1	0	15	0
   108666	2021-06-16 09:24:07	1	0	15	0
   108666	2021-06-16 09:24:09	1	0	15	0
   108666	2021-06-16 09:24:13	1	0	15	0
   108666	2021-06-16 09:24:16	1	0	15	0
   102579	2021-06-16 10:13:07	1	0	15	0
   108515	2021-06-16 11:01:20	1	0	15	0
   108523	2021-06-16 12:01:31	1	0	15	0
   108662	2021-06-16 12:01:56	1	0	15	0
   108667	2021-06-16 12:02:03	1	0	15	0
   108663	2021-06-16 12:03:27	1	0	15	0
   108610	2021-06-16 12:03:34	1	0	15	0
   108598	2021-06-16 12:03:58	1	0	15	0
   108593	2021-06-16 12:04:25	1	1	15	0
   108515	2021-06-16 13:06:33	1	1	15	0
   108556	2021-06-16 15:23:02	1	1	15	0
   101437	2021-06-16 16:00:42	1	1	15	0
   108630	2021-06-16 16:00:47	1	1	15	0
    10284	2021-06-16 16:01:19	1	1	15	0
    10284	2021-06-16 16:01:21	1	1	15	0
    10356	2021-06-16 16:04:08	1	1	15	0
    10214	2021-06-16 16:04:15	1	1	15	0
    10309	2021-06-16 16:04:25	1	1	15	0
    10228	2021-06-16 16:07:19	1	1	15	0
    10348	2021-06-16 16:33:05	1	1	15	0
    10348	2021-06-16 16:33:07	1	1	15	0
   108619	2021-06-16 17:00:55	1	1	15	0
   108515	2021-06-16 17:01:02	1	1	15	0
    10080	2021-06-16 17:01:12	1	1	15	0
   102524	2021-06-16 17:01:32	1	1	15	0
    10159	2021-06-16 17:01:45	1	1	15	0
   108617	2021-06-16 17:02:01	1	1	15	0
   108591	2021-06-16 17:02:12	1	1	15	0
    10065	2021-06-16 17:02:21	1	1	15	0
   108658	2021-06-16 17:02:40	1	1	15	0
    10033	2021-06-16 17:02:47	1	1	15	0
    10033	2021-06-16 17:02:49	1	1	15	0
   108673	2021-06-16 17:03:00	1	1	15	0
   108670	2021-06-16 17:03:09	1	1	15	0
   108579	2021-06-16 17:03:15	1	1	15	0
   108611	2021-06-16 17:03:49	1	1	15	0
   500001	2021-06-16 17:04:37	1	1	15	0
    10221	2021-06-16 17:04:48	1	1	15	0
    10138	2021-06-16 17:05:01	1	1	15	0
   108556	2021-06-16 17:05:27	1	1	15	0
   108669	2021-06-16 17:06:00	1	1	15	0
   108674	2021-06-16 17:06:09	1	1	15	0
   108568	2021-06-16 17:07:44	1	1	15	0
   108585	2021-06-16 17:09:40	1	1	15	0
   108638	2021-06-16 17:10:01	1	1	15	0
   108635	2021-06-16 17:13:37	1	1	15	0
   108672	2021-06-16 17:14:36	1	1	15	0
    10073	2021-06-16 17:15:15	1	1	15	0
    10458	2021-06-16 17:20:34	1	1	15	0
   108668	2021-06-16 17:23:45	1	1	15	0
   108610	2021-06-16 17:24:12	1	1	15	0
   108671	2021-06-16 17:40:38	1	1	15	0
   102579	2021-06-16 17:41:39	1	1	15	0
    10063	2021-06-16 17:41:51	1	1	15	0
    10149	2021-06-16 17:42:33	1	1	15	0
    10076	2021-06-16 17:43:23	1	1	15	0
   108666	2021-06-16 19:50:25	1	1	15	0
   108666	2021-06-16 19:50:28	1	1	15	0
    10127	2021-06-16 19:50:35	1	1	15	0
    10456	2021-06-17 06:07:44	1	0	15	0
   101437	2021-06-17 06:08:25	1	0	15	0
   102526	2021-06-17 06:26:56	1	0	15	0
   108617	2021-06-17 06:46:00	1	0	15	0
    10372	2021-06-17 06:49:48	1	0	15	0
   108587	2021-06-17 06:56:51	1	0	15	0
   108587	2021-06-17 06:56:53	1	0	15	0
   108662	2021-06-17 06:57:27	1	0	15	0
   108593	2021-06-17 07:04:37	1	0	15	0
   108630	2021-06-17 07:06:13	1	0	15	0
   108638	2021-06-17 07:07:38	1	0	15	0
   108667	2021-06-17 07:15:56	1	0	15	0
   108674	2021-06-17 07:16:06	1	0	15	0
    10356	2021-06-17 07:16:54	1	0	15	0
    10033	2021-06-17 07:22:25	1	0	15	0
   108523	2021-06-17 07:22:58	1	0	15	0
   108670	2021-06-17 07:23:20	1	0	15	0
    10080	2021-06-17 07:24:41	1	0	15	0
   101451	2021-06-17 07:25:35	1	0	15	0
   108568	2021-06-17 07:26:07	1	0	15	0
   108654	2021-06-17 07:28:05	1	0	15	0
    10025	2021-06-17 07:28:24	1	0	15	0
   108673	2021-06-17 07:29:24	1	0	15	0
   108549	2021-06-17 07:30:06	1	0	15	0
    10159	2021-06-17 07:31:42	1	0	15	0
   108613	2021-06-17 07:32:53	1	0	15	0
   108669	2021-06-17 07:33:35	1	0	15	0
   108538	2021-06-17 07:35:14	1	0	15	0
   102542	2021-06-17 07:35:49	1	0	15	0
   108533	2021-06-17 07:36:53	1	0	15	0
    10348	2021-06-17 07:37:12	1	0	15	0
   101432	2021-06-17 07:37:28	1	0	15	0
    10221	2021-06-17 07:37:57	1	0	15	0
    10278	2021-06-17 07:38:34	1	0	15	0
   108663	2021-06-17 07:40:51	1	0	15	0
   108658	2021-06-17 07:41:58	1	0	15	0
    10127	2021-06-17 07:43:34	1	0	15	0
    10127	2021-06-17 07:43:36	1	0	15	0
   108579	2021-06-17 07:45:07	1	0	15	0
   108469	2021-06-17 07:45:43	1	0	15	0
    10284	2021-06-17 07:46:02	1	0	15	0
   102524	2021-06-17 07:46:42	1	0	15	0
    10129	2021-06-17 07:47:57	1	0	15	0
    10065	2021-06-17 07:49:10	1	0	15	0
   108672	2021-06-17 07:50:44	1	0	15	0
   108668	2021-06-17 07:52:25	1	0	15	0
    10063	2021-06-17 07:53:59	1	0	15	0
    10149	2021-06-17 07:54:07	1	0	15	0
   108610	2021-06-17 07:54:14	1	0	15	0
   108671	2021-06-17 07:54:20	1	0	15	0
    10076	2021-06-17 07:54:29	1	0	15	0
    10228	2021-06-17 07:55:05	1	0	15	0
    19980	2021-06-17 07:56:39	1	0	15	0
    19980	2021-06-17 07:56:41	1	0	15	0
   108666	2021-06-17 07:57:50	1	0	15	0
    10550	2021-06-17 07:58:17	1	0	15	0
    10309	2021-06-17 07:59:16	1	0	15	0
   108619	2021-06-17 08:00:19	1	0	15	0
    10138	2021-06-17 08:03:51	1	0	15	0
   108635	2021-06-17 08:03:59	1	0	15	0
   108585	2021-06-17 08:04:30	1	0	15	0
   108611	2021-06-17 08:05:57	1	0	15	0
   108598	2021-06-17 08:07:12	1	0	15	0
    10073	2021-06-17 08:10:00	1	0	15	0
   500001	2021-06-17 08:29:21	1	0	15	0
   108591	2021-06-17 08:29:36	1	0	15	0
    10458	2021-06-17 08:35:42	1	0	15	0
   108515	2021-06-17 09:21:55	1	0	15	0
   108556	2021-06-17 11:43:28	1	0	15	0
    10063	2021-06-17 12:03:43	1	0	15	0
    10063	2021-06-17 13:04:38	1	0	15	0
   108668	2021-06-17 15:20:06	1	0	15	0
   108593	2021-06-17 16:00:06	1	1	15	0
   108613	2021-06-17 16:00:14	1	1	15	0
   108630	2021-06-17 16:00:21	1	1	15	0
   101451	2021-06-17 16:00:30	1	1	15	0
   101451	2021-06-17 16:00:32	1	1	15	0
    10456	2021-06-17 16:00:43	1	1	15	0
   101437	2021-06-17 16:00:51	1	1	15	0
   108654	2021-06-17 16:01:01	1	1	15	0
   108533	2021-06-17 16:01:09	1	1	15	0
    10372	2021-06-17 16:01:32	1	1	15	0
   102526	2021-06-17 16:02:44	1	1	15	0
   108587	2021-06-17 16:03:36	1	1	15	0
   108587	2021-06-17 16:03:38	1	1	15	0
    10550	2021-06-17 16:04:32	1	1	15	0
   500001	2021-06-17 16:05:40	1	1	15	0
    10309	2021-06-17 16:05:53	1	1	15	0
    10284	2021-06-17 16:06:47	1	1	15	0
    10278	2021-06-17 16:07:42	1	1	15	0
    10138	2021-06-17 16:10:58	1	1	15	0
   108549	2021-06-17 16:11:17	1	1	15	0
   102542	2021-06-17 16:11:44	1	1	15	0
   108538	2021-06-17 16:13:35	1	1	15	0
    10228	2021-06-17 16:16:28	1	1	15	0
   108515	2021-06-17 17:00:22	1	1	15	0
   108619	2021-06-17 17:01:06	1	1	15	0
    10080	2021-06-17 17:01:22	1	1	15	0
    10458	2021-06-17 17:01:39	1	1	15	0
   108617	2021-06-17 17:01:49	1	1	15	0
   108591	2021-06-17 17:02:21	1	1	15	0
   108670	2021-06-17 17:02:32	1	1	15	0
   108579	2021-06-17 17:02:41	1	1	15	0
   108673	2021-06-17 17:02:52	1	1	15	0
   108669	2021-06-17 17:03:20	1	1	15	0
   108667	2021-06-17 17:03:31	1	1	15	0
    19980	2021-06-17 17:03:55	1	1	15	0
    10221	2021-06-17 17:04:19	1	1	15	0
    10065	2021-06-17 17:04:48	1	1	15	0
    10033	2021-06-17 17:05:18	1	1	15	0
   108611	2021-06-17 17:05:36	1	1	15	0
   108610	2021-06-17 17:05:43	1	1	15	0
   108598	2021-06-17 17:06:03	1	1	15	0
   108663	2021-06-17 17:06:11	1	1	15	0
   102524	2021-06-17 17:07:16	1	1	15	0
   101432	2021-06-17 17:07:38	1	1	15	0
    10025	2021-06-17 17:08:56	1	1	15	0
   108556	2021-06-17 17:09:27	1	1	15	0
   108585	2021-06-17 17:12:07	1	1	15	0
   108638	2021-06-17 17:12:24	1	1	15	0
   108638	2021-06-17 17:12:27	1	1	15	0
   108638	2021-06-17 17:12:33	1	1	15	0
   108674	2021-06-17 17:13:42	1	1	15	0
   108635	2021-06-17 17:14:15	1	1	15	0
    10159	2021-06-17 17:24:36	1	1	15	0
   108568	2021-06-17 17:48:51	1	1	15	0
    10356	2021-06-17 18:03:00	1	1	15	0
   108469	2021-06-17 18:03:12	1	1	15	0
    10348	2021-06-17 18:03:21	1	1	15	0
    10348	2021-06-17 18:03:23	1	1	15	0
   108672	2021-06-17 18:05:24	1	1	15	0
    10129	2021-06-17 18:10:13	1	1	15	0
   102579	2021-06-17 18:19:54	1	1	15	0
   108671	2021-06-17 18:25:54	1	1	15	0
    10063	2021-06-17 18:26:12	1	1	15	0
    10076	2021-06-17 18:27:28	1	1	15	0
   108666	2021-06-17 18:28:18	1	1	15	0
    10149	2021-06-17 18:29:47	1	1	15	0
   108523	2021-06-17 19:00:53	1	0	15	0
   108658	2021-06-17 19:01:02	1	0	15	0
    10127	2021-06-17 20:25:59	1	0	15	0
   108662	2021-06-17 20:26:07	1	0	15	0
   101437	2021-06-18 05:57:59	1	0	15	0
   102526	2021-06-18 06:23:00	1	0	15	0
    10456	2021-06-18 06:25:52	1	0	15	0
   108617	2021-06-18 06:45:11	1	0	15	0
   108533	2021-06-18 06:58:46	1	0	15	0
   108630	2021-06-18 06:59:27	1	0	15	0
   108662	2021-06-18 06:59:53	1	0	15	0
   108587	2021-06-18 07:02:28	1	0	15	0
    10065	2021-06-18 07:08:53	1	0	15	0
   108593	2021-06-18 07:09:03	1	0	15	0
    10372	2021-06-18 07:11:14	1	0	15	0
   108670	2021-06-18 07:18:09	1	0	15	0
    10080	2021-06-18 07:18:42	1	0	15	0
    10033	2021-06-18 07:21:14	1	0	15	0
   108556	2021-06-18 07:23:33	1	0	15	0
   108556	2021-06-18 07:23:35	1	0	15	0
   108568	2021-06-18 07:24:14	1	0	15	0
    10278	2021-06-18 07:24:29	1	0	15	0
   108654	2021-06-18 07:24:42	1	0	15	0
   108523	2021-06-18 07:25:58	1	0	15	0
   108638	2021-06-18 07:28:11	1	0	15	0
   108673	2021-06-18 07:28:49	1	0	15	0
   108472	2021-06-18 07:30:21	1	0	15	0
   108668	2021-06-18 07:35:46	1	0	15	0
   108669	2021-06-18 07:35:54	1	0	15	0
   108667	2021-06-18 07:36:02	1	0	15	0
   108674	2021-06-18 07:36:30	1	0	15	0
    10025	2021-06-18 07:37:39	1	0	15	0
   101432	2021-06-18 07:38:45	1	0	15	0
   108658	2021-06-18 07:39:34	1	0	15	0
   108538	2021-06-18 07:39:49	1	0	15	0
   108585	2021-06-18 07:42:52	1	0	15	0
   108585	2021-06-18 07:42:54	1	0	15	0
    10348	2021-06-18 07:43:21	1	0	15	0
   108579	2021-06-18 07:43:43	1	0	15	0
   108469	2021-06-18 07:44:45	1	0	15	0
    10221	2021-06-18 07:45:41	1	0	15	0
   102542	2021-06-18 07:45:49	1	0	15	0
   102524	2021-06-18 07:46:40	1	0	15	0
    10129	2021-06-18 07:47:44	1	0	15	0
   108672	2021-06-18 07:50:28	1	0	15	0
   108671	2021-06-18 07:50:34	1	0	15	0
    10076	2021-06-18 07:50:44	1	0	15	0
    10127	2021-06-18 07:50:54	1	0	15	0
    10063	2021-06-18 07:51:04	1	0	15	0
    10149	2021-06-18 07:51:13	1	0	15	0
   108619	2021-06-18 07:53:41	1	0	15	0
    10159	2021-06-18 07:54:25	1	0	15	0
   108549	2021-06-18 07:59:11	1	0	15	0
    10309	2021-06-18 07:59:24	1	0	15	0
   108598	2021-06-18 08:00:27	1	0	15	0
    10228	2021-06-18 08:01:40	1	0	15	0
    10138	2021-06-18 08:07:12	1	0	15	0
   108666	2021-06-18 08:07:43	1	0	15	0
   108635	2021-06-18 08:08:45	1	0	15	0
   108663	2021-06-18 08:09:17	1	0	15	0
   102544	2021-06-18 08:11:52	1	0	15	0
    10073	2021-06-18 08:15:57	1	0	15	0
   108611	2021-06-18 08:18:00	1	0	15	0
   108591	2021-06-18 08:20:11	1	0	15	0
    10458	2021-06-18 08:31:02	1	0	15	0
   102579	2021-06-18 08:44:29	1	0	15	0
   500001	2021-06-18 08:45:19	1	0	15	0
   108515	2021-06-18 08:49:18	1	0	15	0
    10127	2021-06-18 12:33:03	1	0	15	0
    10127	2021-06-18 13:18:11	1	0	15	0
    10033	2021-06-18 13:24:38	1	0	15	0
   108619	2021-06-18 14:30:37	1	0	15	0
   108654	2021-06-18 16:00:51	1	1	15	0
   108533	2021-06-18 16:00:59	1	1	15	0
   101437	2021-06-18 16:01:05	1	1	15	0
    10456	2021-06-18 16:01:16	1	1	15	0
    10278	2021-06-18 16:01:23	1	1	15	0
    10278	2021-06-18 16:01:26	1	1	15	0
   102526	2021-06-18 16:01:30	1	1	15	0
   108472	2021-06-18 16:01:38	1	1	15	0
    10372	2021-06-18 16:01:45	1	1	15	0
    10309	2021-06-18 16:02:02	1	1	15	0
   108538	2021-06-18 16:02:47	1	1	15	0
   108587	2021-06-18 16:03:24	1	1	15	0
   108587	2021-06-18 16:03:27	1	1	15	0
    10228	2021-06-18 16:07:55	1	1	15	0
   102542	2021-06-18 16:10:38	1	1	15	0
   108593	2021-06-18 17:00:06	1	1	15	0
   108630	2021-06-18 17:00:10	1	1	15	0
   102544	2021-06-18 17:00:16	1	1	15	0
    10080	2021-06-18 17:01:09	1	1	15	0
   500001	2021-06-18 17:01:48	1	1	15	0
   108670	2021-06-18 17:01:56	1	1	15	0
   102579	2021-06-18 17:02:09	1	1	15	0
   108617	2021-06-18 17:02:25	1	1	15	0
   101432	2021-06-18 17:03:07	1	1	15	0
   108598	2021-06-18 17:03:21	1	1	15	0
   108658	2021-06-18 17:03:28	1	1	15	0
   108663	2021-06-18 17:03:33	1	1	15	0
    10025	2021-06-18 17:03:45	1	1	15	0
   108591	2021-06-18 17:03:55	1	1	15	0
    10550	2021-06-18 17:04:04	1	1	15	0
   108549	2021-06-18 17:04:12	1	1	15	0
   108579	2021-06-18 17:04:20	1	1	15	0
   108669	2021-06-18 17:04:32	1	1	15	0
   108673	2021-06-18 17:04:41	1	1	15	0
   108611	2021-06-18 17:05:00	1	1	15	0
    10065	2021-06-18 17:05:10	1	1	15	0
    10076	2021-06-18 17:05:31	1	1	15	0
   108668	2021-06-18 17:05:40	1	1	15	0
    10127	2021-06-18 17:05:51	1	1	15	0
   108671	2021-06-18 17:06:00	1	1	15	0
   108523	2021-06-18 17:06:05	1	1	15	0
    10073	2021-06-18 17:06:26	1	1	15	0
    10221	2021-06-18 17:06:54	1	1	15	0
   108515	2021-06-18 17:06:58	1	1	15	0
   108674	2021-06-18 17:07:14	1	1	15	0
   108635	2021-06-18 17:07:43	1	1	15	0
   108568	2021-06-18 17:08:17	1	1	15	0
   102524	2021-06-18 17:08:29	1	1	15	0
    10458	2021-06-18 17:08:41	1	1	15	0
   108469	2021-06-18 17:09:22	1	1	15	0
   108638	2021-06-18 17:09:41	1	1	15	0
    10063	2021-06-18 17:10:12	1	1	15	0
   108672	2021-06-18 17:10:25	1	1	15	0
   108556	2021-06-18 17:10:50	1	1	15	0
   108585	2021-06-18 17:10:57	1	1	15	0
    10159	2021-06-18 17:11:24	1	1	15	0
    10149	2021-06-18 17:11:43	1	1	15	0
   108666	2021-06-18 17:14:49	1	1	15	0
   108667	2021-06-18 17:43:33	1	1	15	0
   108662	2021-06-18 17:43:41	1	1	15	0
    10129	2021-06-18 18:53:55	1	1	15	0
    10138	2021-06-18 21:04:04	1	1	15	0
   108630	2021-06-19 06:17:33	1	1	15	0
   108630	2021-06-19 06:17:35	1	1	15	0
   102526	2021-06-19 06:18:10	1	1	15	0
   108593	2021-06-19 06:48:27	1	1	15	0
   108538	2021-06-19 06:55:58	1	0	15	0
   108587	2021-06-19 07:01:12	1	0	15	0
   108472	2021-06-19 07:02:59	1	0	15	0
   102542	2021-06-19 07:41:37	1	0	15	0
    10309	2021-06-19 07:51:26	1	0	15	0
   108593	2021-06-19 15:00:09	1	1	15	0
   108630	2021-06-19 15:00:15	1	1	15	0
   108538	2021-06-19 15:18:33	1	1	15	0
   108472	2021-06-19 15:19:05	1	1	15	0
   102526	2021-06-19 15:34:11	1	1	15	0
   108587	2021-06-19 15:35:13	1	1	15	0
   108587	2021-06-19 15:35:15	1	1	15	0
    10309	2021-06-19 16:00:08	1	1	15	0
   102542	2021-06-19 16:00:32	1	1	15	0
    10456	2021-06-21 06:03:37	1	0	15	0
    10372	2021-06-21 06:16:39	1	0	15	0
   102526	2021-06-21 06:21:08	1	0	15	0
   101437	2021-06-21 06:21:36	1	0	15	0
   108654	2021-06-21 06:43:49	1	0	15	0
    10214	2021-06-21 06:45:15	1	0	15	0
    10214	2021-06-21 06:45:17	1	0	15	0
   108662	2021-06-21 06:50:18	1	0	15	0
   108533	2021-06-21 06:56:39	1	0	15	0
   108630	2021-06-21 06:56:48	1	0	15	0
   108668	2021-06-21 07:15:56	1	0	15	0
   108593	2021-06-21 07:17:41	1	0	15	0
   108556	2021-06-21 07:18:55	1	0	15	0
    10033	2021-06-21 07:19:31	1	0	15	0
   108568	2021-06-21 07:22:59	1	0	15	0
   108670	2021-06-21 07:23:14	1	0	15	0
   108472	2021-06-21 07:24:44	1	0	15	0
    10278	2021-06-21 07:29:14	1	0	15	0
    10032	2021-06-21 07:29:58	1	0	15	0
    10080	2021-06-21 07:32:01	1	0	15	0
   108667	2021-06-21 07:32:48	1	0	15	0
   108669	2021-06-21 07:33:46	1	0	15	0
    10159	2021-06-21 07:35:57	1	0	15	0
   101451	2021-06-21 07:36:41	1	0	15	0
   102524	2021-06-21 07:38:05	1	0	15	0
   108585	2021-06-21 07:38:17	1	0	15	0
   108674	2021-06-21 07:39:37	1	0	15	0
   108658	2021-06-21 07:39:52	1	0	15	0
    10221	2021-06-21 07:40:59	1	0	15	0
    10065	2021-06-21 07:41:57	1	0	15	0
   108591	2021-06-21 07:42:16	1	0	15	0
   108469	2021-06-21 07:43:10	1	0	15	0
   108638	2021-06-21 07:44:22	1	0	15	0
    10284	2021-06-21 07:44:54	1	0	15	0
    10284	2021-06-21 07:44:56	1	0	15	0
    10025	2021-06-21 07:47:41	1	0	15	0
   101432	2021-06-21 07:50:15	1	0	15	0
   108579	2021-06-21 07:54:11	1	0	15	0
    10129	2021-06-21 07:55:19	1	0	15	0
    10309	2021-06-21 07:55:30	1	0	15	0
   108598	2021-06-21 07:56:31	1	0	15	0
    10063	2021-06-21 07:59:22	1	0	15	0
    10149	2021-06-21 07:59:31	1	0	15	0
   108610	2021-06-21 07:59:38	1	0	15	0
   108523	2021-06-21 07:59:44	1	0	15	0
    10076	2021-06-21 07:59:59	1	0	15	0
   108671	2021-06-21 08:00:07	1	0	15	0
   108673	2021-06-21 08:00:12	1	0	15	0
   108515	2021-06-21 08:00:20	1	0	15	0
   108619	2021-06-21 08:00:54	1	0	15	0
   108672	2021-06-21 08:01:14	1	0	15	0
   108666	2021-06-21 08:01:23	1	0	15	0
    19980	2021-06-21 08:01:45	1	0	15	0
   102542	2021-06-21 08:01:54	1	0	15	0
   102542	2021-06-21 08:01:56	1	0	15	0
   108617	2021-06-21 08:04:22	1	0	15	0
   102544	2021-06-21 08:06:15	1	0	15	0
    10138	2021-06-21 08:06:28	1	0	15	0
   500001	2021-06-21 08:08:11	1	0	15	0
   108663	2021-06-21 08:08:53	1	0	15	0
   108549	2021-06-21 08:12:56	1	0	15	0
   108635	2021-06-21 08:17:14	1	0	15	0
    10127	2021-06-21 08:19:47	1	0	15	0
   108611	2021-06-21 08:22:28	1	0	15	0
    10458	2021-06-21 09:02:43	1	0	15	0
    10550	2021-06-21 12:25:08	1	0	15	0
   102526	2021-06-21 16:00:46	1	0	15	0
    10284	2021-06-21 16:01:12	1	0	15	0
   101437	2021-06-21 16:01:22	1	0	15	0
   101437	2021-06-21 16:01:26	1	0	15	0
   101437	2021-06-21 16:01:28	1	0	15	0
   108472	2021-06-21 16:01:47	1	1	15	0
    10214	2021-06-21 16:01:54	1	1	15	0
   108654	2021-06-21 16:02:03	1	1	15	0
   108619	2021-06-21 16:02:09	1	1	15	0
    10138	2021-06-21 16:02:17	1	1	15	0
    10309	2021-06-21 16:02:26	1	1	15	0
   108469	2021-06-21 16:02:35	1	1	15	0
    10372	2021-06-21 16:02:41	1	1	15	0
   108533	2021-06-21 16:02:51	1	1	15	0
   101451	2021-06-21 16:02:57	1	1	15	0
   101451	2021-06-21 16:02:59	1	1	15	0
   108549	2021-06-21 16:03:46	1	1	15	0
    10278	2021-06-21 16:07:16	1	1	15	0
    10456	2021-06-21 16:08:40	1	1	15	0
   102542	2021-06-21 16:16:09	1	1	15	0
    10080	2021-06-21 17:00:30	1	1	15	0
   108593	2021-06-21 17:00:45	1	1	15	0
   108630	2021-06-21 17:00:58	1	1	15	0
   108617	2021-06-21 17:01:49	1	1	15	0
   108668	2021-06-21 17:02:01	1	1	15	0
    10458	2021-06-21 17:02:11	1	1	15	0
    10065	2021-06-21 17:02:28	1	1	15	0
    10550	2021-06-21 17:02:54	1	1	15	0
   108515	2021-06-21 17:03:07	1	1	15	0
    19980	2021-06-21 17:03:17	1	1	15	0
   101432	2021-06-21 17:03:25	1	1	15	0
   108670	2021-06-21 17:03:37	1	1	15	0
    10033	2021-06-21 17:04:12	1	1	15	0
   500001	2021-06-21 17:04:25	1	1	15	0
   102524	2021-06-21 17:04:36	1	1	15	0
   108611	2021-06-21 17:05:00	1	1	15	0
   108669	2021-06-21 17:05:14	1	1	15	0
   108638	2021-06-21 17:05:25	1	1	15	0
   108591	2021-06-21 17:05:37	1	1	15	0
   108673	2021-06-21 17:05:50	1	1	15	0
   108579	2021-06-21 17:05:59	1	1	15	0
    10025	2021-06-21 17:06:10	1	1	15	0
   108635	2021-06-21 17:06:23	1	1	15	0
   108556	2021-06-21 17:08:16	1	1	15	0
    10073	2021-06-21 17:08:39	1	1	15	0
    10221	2021-06-21 17:09:06	1	1	15	0
   108585	2021-06-21 17:09:27	1	1	15	0
   108674	2021-06-21 17:11:12	1	1	15	0
    10159	2021-06-21 17:13:15	1	1	15	0
   102544	2021-06-21 17:13:51	1	1	15	0
   108667	2021-06-21 17:19:52	1	1	15	0
   108666	2021-06-21 17:24:41	1	1	15	0
    10032	2021-06-21 17:27:14	1	1	15	0
    10032	2021-06-21 17:27:16	1	1	15	0
   108568	2021-06-21 17:34:19	1	1	15	0
    10063	2021-06-21 17:54:33	1	1	15	0
   102579	2021-06-21 17:54:53	1	1	15	0
   108671	2021-06-21 17:55:09	1	1	15	0
    10076	2021-06-21 17:55:42	1	1	15	0
    10149	2021-06-21 17:55:52	1	1	15	0
   108672	2021-06-21 17:58:18	1	1	15	0
   108672	2021-06-21 17:58:21	1	1	15	0
   108672	2021-06-21 17:58:29	1	1	15	0
    10129	2021-06-21 18:23:40	1	1	15	0
   108610	2021-06-21 18:46:17	1	1	15	0
   108523	2021-06-21 19:48:07	1	1	15	0
    10127	2021-06-21 20:14:23	1	1	15	0
   108663	2021-06-21 20:14:32	1	1	15	0
   108662	2021-06-21 20:14:39	1	1	15	0
   108598	2021-06-21 22:00:37	1	1	15	0
   108658	2021-06-21 22:00:54	1	1	15	0
    10456	2021-06-22 05:54:05	1	0	15	0
   101437	2021-06-22 06:02:25	1	0	15	0
   101437	2021-06-22 06:02:27	1	0	15	0
   108662	2021-06-22 06:34:45	1	0	15	0
   108617	2021-06-22 06:49:36	1	0	15	0
    10159	2021-06-22 06:54:24	1	0	15	0
    10372	2021-06-22 06:54:47	1	0	15	0
   108587	2021-06-22 06:56:47	1	0	15	0
   108630	2021-06-22 07:01:01	1	0	15	0
   108630	2021-06-22 07:01:04	1	0	15	0
    10214	2021-06-22 07:05:06	1	0	15	0
    10356	2021-06-22 07:05:42	1	0	15	0
   108533	2021-06-22 07:09:10	1	0	15	0
   108593	2021-06-22 07:09:51	1	0	15	0
   108523	2021-06-22 07:11:38	1	0	15	0
   108668	2021-06-22 07:12:26	1	0	15	0
   108670	2021-06-22 07:15:59	1	0	15	0
   108549	2021-06-22 07:16:45	1	0	15	0
    10080	2021-06-22 07:20:08	1	0	15	0
   101451	2021-06-22 07:21:02	1	0	15	0
   108654	2021-06-22 07:23:59	1	0	15	0
   108568	2021-06-22 07:24:27	1	0	15	0
   108472	2021-06-22 07:25:28	1	0	15	0
   108673	2021-06-22 07:26:35	1	0	15	0
   108556	2021-06-22 07:28:42	1	0	15	0
   108610	2021-06-22 07:28:54	1	0	15	0
    10065	2021-06-22 07:32:06	1	0	15	0
    10278	2021-06-22 07:35:34	1	0	15	0
    10278	2021-06-22 07:35:36	1	0	15	0
   108669	2021-06-22 07:36:34	1	0	15	0
   108674	2021-06-22 07:37:57	1	0	15	0
    10033	2021-06-22 07:38:41	1	0	15	0
   108667	2021-06-22 07:39:45	1	0	15	0
   108658	2021-06-22 07:40:03	1	0	15	0
   108598	2021-06-22 07:40:47	1	0	15	0
   102544	2021-06-22 07:41:01	1	0	15	0
   108585	2021-06-22 07:41:37	1	0	15	0
   108538	2021-06-22 07:42:04	1	0	15	0
   102542	2021-06-22 07:42:16	1	0	15	0
   108613	2021-06-22 07:46:19	1	0	15	0
   108579	2021-06-22 07:46:27	1	0	15	0
    10348	2021-06-22 07:46:45	1	0	15	0
    10284	2021-06-22 07:46:53	1	0	15	0
    10284	2021-06-22 07:46:55	1	0	15	0
   108638	2021-06-22 07:47:09	1	0	15	0
   108663	2021-06-22 07:48:48	1	0	15	0
   101432	2021-06-22 07:50:52	1	0	15	0
    10127	2021-06-22 07:51:35	1	0	15	0
   108515	2021-06-22 07:51:53	1	0	15	0
   108469	2021-06-22 07:52:00	1	0	15	0
    10309	2021-06-22 07:52:10	1	0	15	0
   102524	2021-06-22 07:52:52	1	0	15	0
    10025	2021-06-22 07:53:35	1	0	15	0
   108672	2021-06-22 07:54:02	1	0	15	0
   108672	2021-06-22 07:54:04	1	0	15	0
    10221	2021-06-22 07:54:30	1	0	15	0
    10129	2021-06-22 07:54:44	1	0	15	0
    10550	2021-06-22 07:55:24	1	0	15	0
    10032	2021-06-22 07:56:20	1	0	15	0
    10138	2021-06-22 07:56:58	1	0	15	0
    19980	2021-06-22 07:58:31	1	0	15	0
   108611	2021-06-22 07:58:52	1	0	15	0
   108619	2021-06-22 07:58:59	1	0	15	0
   108619	2021-06-22 07:59:01	1	0	15	0
    10063	2021-06-22 08:00:46	1	0	15	0
    10149	2021-06-22 08:00:54	1	0	15	0
   108671	2021-06-22 08:01:09	1	0	15	0
    10076	2021-06-22 08:01:15	1	0	15	0
   108635	2021-06-22 08:08:17	1	0	15	0
    10073	2021-06-22 08:13:46	1	0	15	0
   500001	2021-06-22 08:21:48	1	0	15	0
   108591	2021-06-22 08:31:30	1	0	15	0
    10458	2021-06-22 08:51:02	1	0	15	0
   108654	2021-06-22 12:00:30	1	1	15	0
    10033	2021-06-22 12:01:47	1	1	15	0
   108591	2021-06-22 14:37:39	1	1	15	0
   108591	2021-06-22 14:37:41	1	1	15	0
   108587	2021-06-22 16:19:09	1	1	15	0
   108587	2021-06-22 16:19:11	1	1	15	0
   108538	2021-06-22 16:31:26	1	1	15	0
    10278	2021-06-22 16:31:34	1	1	15	0
    10278	2021-06-22 16:31:36	1	1	15	0
   108472	2021-06-22 16:31:56	1	1	15	0
    10456	2021-06-22 16:32:11	1	1	15	0
   108549	2021-06-22 16:35:07	1	1	15	0
   108619	2021-06-22 16:37:12	1	1	15	0
    10356	2021-06-22 16:39:34	1	1	15	0
    10214	2021-06-22 16:39:43	1	1	15	0
    10214	2021-06-22 16:39:45	1	1	15	0
    10348	2021-06-22 16:46:58	1	1	15	0
    10138	2021-06-22 16:47:29	1	1	15	0
   108533	2021-06-22 16:47:47	1	1	15	0
    10284	2021-06-22 16:49:36	1	1	15	0
    10284	2021-06-22 16:49:39	1	1	15	0
   102542	2021-06-22 16:50:42	1	1	15	0
   101437	2021-06-22 16:54:26	1	1	15	0
   101437	2021-06-22 16:54:28	1	1	15	0
    10309	2021-06-22 16:56:40	1	1	15	0
    10159	2021-06-22 17:00:33	1	1	15	0
    10080	2021-06-22 17:00:42	1	1	15	0
   108630	2021-06-22 17:00:55	1	1	15	0
    10372	2021-06-22 17:01:13	1	1	15	0
    10372	2021-06-22 17:01:15	1	1	15	0
   108593	2021-06-22 17:01:40	1	1	15	0
   108617	2021-06-22 17:01:52	1	1	15	0
   102544	2021-06-22 17:02:22	1	1	15	0
   101451	2021-06-22 17:02:37	1	1	15	0
   108613	2021-06-22 17:02:55	1	1	15	0
   108670	2021-06-22 17:03:04	1	1	15	0
    10065	2021-06-22 17:03:13	1	1	15	0
    19980	2021-06-22 17:03:29	1	1	15	0
   108669	2021-06-22 17:03:38	1	1	15	0
   108469	2021-06-22 17:04:00	1	1	15	0
    10025	2021-06-22 17:04:09	1	1	15	0
    10221	2021-06-22 17:04:23	1	1	15	0
   108673	2021-06-22 17:04:33	1	1	15	0
   108579	2021-06-22 17:04:41	1	1	15	0
   108668	2021-06-22 17:04:50	1	1	15	0
   101432	2021-06-22 17:06:00	1	1	15	0
    10550	2021-06-22 17:06:09	1	1	15	0
   108556	2021-06-22 17:06:52	1	1	15	0
   108662	2021-06-22 17:07:01	1	1	15	0
    10127	2021-06-22 17:07:08	1	1	15	0
   108667	2021-06-22 17:07:18	1	1	15	0
   108611	2021-06-22 17:07:47	1	1	15	0
   108638	2021-06-22 17:08:16	1	1	15	0
   102524	2021-06-22 17:08:28	1	1	15	0
   500001	2021-06-22 17:09:18	1	1	15	0
   108635	2021-06-22 17:12:31	1	1	15	0
   108568	2021-06-22 17:15:53	1	1	15	0
   108674	2021-06-22 17:16:06	1	1	15	0
   108515	2021-06-22 17:16:55	1	1	15	0
   108663	2021-06-22 17:17:47	1	1	15	0
    10032	2021-06-22 17:21:17	1	1	15	0
   108585	2021-06-22 17:23:49	1	1	15	0
   108672	2021-06-22 18:01:06	1	1	15	0
   108610	2021-06-22 18:03:02	1	1	15	0
    10149	2021-06-22 18:04:07	1	1	15	0
    10063	2021-06-22 18:04:41	1	1	15	0
    10458	2021-06-22 18:04:54	1	1	15	0
   108671	2021-06-22 18:05:20	1	1	15	0
    10076	2021-06-22 18:05:35	1	1	15	0
   108662	2021-06-22 18:06:06	1	1	15	0
    10129	2021-06-22 18:26:44	1	1	15	0
   108523	2021-06-22 19:15:46	1	1	15	0
    10127	2021-06-22 20:42:04	1	1	15	0
   108662	2021-06-22 20:42:15	1	1	15	0
   108658	2021-06-22 22:00:06	1	1	15	0
   108598	2021-06-22 22:00:18	1	1	15	0
    10456	2021-06-23 05:52:52	1	0	15	0
   101437	2021-06-23 06:14:11	1	0	15	0
   101437	2021-06-23 06:14:13	1	0	15	0
   102526	2021-06-23 06:14:51	1	0	15	0
   108662	2021-06-23 06:20:19	1	0	15	0
   108617	2021-06-23 06:52:36	1	0	15	0
   108593	2021-06-23 06:57:05	1	0	15	0
    10372	2021-06-23 07:04:28	1	0	15	0
   108533	2021-06-23 07:08:24	1	0	15	0
   108630	2021-06-23 07:09:10	1	0	15	0
   108587	2021-06-23 07:10:50	1	0	15	0
   108587	2021-06-23 07:11:08	1	0	15	0
    10080	2021-06-23 07:16:29	1	0	15	0
    10356	2021-06-23 07:19:19	1	0	15	0
    10214	2021-06-23 07:19:57	1	0	15	0
    10214	2021-06-23 07:20:00	1	0	15	0
   108523	2021-06-23 07:21:34	1	0	15	0
   108472	2021-06-23 07:21:59	1	0	15	0
   108670	2021-06-23 07:22:47	1	0	15	0
   101451	2021-06-23 07:23:33	1	0	15	0
    10065	2021-06-23 07:24:25	1	0	15	0
    10065	2021-06-23 07:24:27	1	0	15	0
    10065	2021-06-23 07:24:35	1	0	15	0
   108663	2021-06-23 07:27:24	1	0	15	0
   108568	2021-06-23 07:30:27	1	0	15	0
   108674	2021-06-23 07:31:34	1	0	15	0
   108673	2021-06-23 07:31:43	1	0	15	0
   102524	2021-06-23 07:33:08	1	0	15	0
   108669	2021-06-23 07:34:21	1	0	15	0
   108585	2021-06-23 07:34:30	1	0	15	0
   108538	2021-06-23 07:35:16	1	0	15	0
   108668	2021-06-23 07:35:46	1	0	15	0
   108667	2021-06-23 07:36:49	1	0	15	0
   108666	2021-06-23 07:40:41	1	0	15	0
    10033	2021-06-23 07:41:08	1	0	15	0
    10278	2021-06-23 07:43:14	1	0	15	0
   102579	2021-06-23 07:43:51	1	0	15	0
   108549	2021-06-23 07:45:35	1	0	15	0
   108658	2021-06-23 07:45:47	1	0	15	0
   108598	2021-06-23 07:45:59	1	0	15	0
   108638	2021-06-23 07:46:14	1	0	15	0
    10025	2021-06-23 07:47:10	1	0	15	0
   108556	2021-06-23 07:47:19	1	0	15	0
   108579	2021-06-23 07:47:30	1	0	15	0
    10284	2021-06-23 07:48:06	1	0	15	0
    10309	2021-06-23 07:49:20	1	0	15	0
    10032	2021-06-23 07:51:17	1	0	15	0
    10221	2021-06-23 07:53:42	1	0	15	0
   101432	2021-06-23 07:54:09	1	0	15	0
    10129	2021-06-23 07:54:14	1	0	15	0
    10159	2021-06-23 07:54:39	1	0	15	0
   500001	2021-06-23 07:56:10	1	0	15	0
   102544	2021-06-23 07:56:23	1	0	15	0
    19980	2021-06-23 07:56:34	1	0	15	0
   108619	2021-06-23 07:56:47	1	0	15	0
   102542	2021-06-23 07:56:57	1	0	15	0
    10127	2021-06-23 07:57:06	1	0	15	0
    10550	2021-06-23 07:58:00	1	0	15	0
   108469	2021-06-23 08:01:08	1	0	15	0
    10149	2021-06-23 08:05:49	1	0	15	0
    10149	2021-06-23 08:05:51	1	0	15	0
   108610	2021-06-23 08:05:55	1	0	15	0
   108671	2021-06-23 08:06:01	1	0	15	0
    10076	2021-06-23 08:06:10	1	0	15	0
   108613	2021-06-23 08:06:59	1	0	15	0
    10073	2021-06-23 08:11:50	1	0	15	0
   108635	2021-06-23 08:12:44	1	0	15	0
   108672	2021-06-23 08:13:40	1	0	15	0
   108611	2021-06-23 08:15:21	1	0	15	0
   108515	2021-06-23 08:20:02	1	0	15	0
   108591	2021-06-23 08:23:01	1	0	15	0
    10458	2021-06-23 08:54:04	1	0	15	0
   108593	2021-06-23 12:02:31	1	1	15	0
    10372	2021-06-23 12:02:50	1	1	15	0
   102526	2021-06-23 16:01:24	1	1	15	0
    10456	2021-06-23 16:02:02	1	1	15	0
   108472	2021-06-23 16:02:23	1	1	15	0
    10278	2021-06-23 16:02:36	1	1	15	0
   108533	2021-06-23 16:03:21	1	1	15	0
   101437	2021-06-23 16:03:34	1	1	15	0
   108587	2021-06-23 16:03:45	1	1	15	0
   108538	2021-06-23 16:04:52	1	1	15	0
   108549	2021-06-23 16:07:32	1	1	15	0
    10356	2021-06-23 16:08:08	1	1	15	0
    10214	2021-06-23 16:09:38	1	1	15	0
    10309	2021-06-23 16:11:24	1	1	15	0
   102542	2021-06-23 16:18:21	1	1	15	0
   108469	2021-06-23 16:29:33	1	1	15	0
   500001	2021-06-23 16:50:13	1	1	15	0
   108613	2021-06-23 17:00:56	1	1	15	0
   108613	2021-06-23 17:00:59	1	1	15	0
   108630	2021-06-23 17:01:12	1	1	15	0
   102544	2021-06-23 17:01:19	1	1	15	0
    10080	2021-06-23 17:01:28	1	1	15	0
    10284	2021-06-23 17:01:40	1	1	15	0
   108619	2021-06-23 17:01:49	1	1	15	0
   101451	2021-06-23 17:01:57	1	1	15	0
   108668	2021-06-23 17:02:06	1	1	15	0
   101432	2021-06-23 17:02:30	1	1	15	0
   108617	2021-06-23 17:02:39	1	1	15	0
   108515	2021-06-23 17:02:46	1	1	15	0
   108670	2021-06-23 17:02:52	1	1	15	0
    10550	2021-06-23 17:03:05	1	1	15	0
    10033	2021-06-23 17:04:33	1	1	15	0
   108669	2021-06-23 17:05:04	1	1	15	0
    19980	2021-06-23 17:05:53	1	1	15	0
    10458	2021-06-23 17:06:02	1	1	15	0
   108611	2021-06-23 17:06:14	1	1	15	0
    10025	2021-06-23 17:06:32	1	1	15	0
   108635	2021-06-23 17:06:42	1	1	15	0
   108673	2021-06-23 17:06:48	1	1	15	0
   108579	2021-06-23 17:06:56	1	1	15	0
    10221	2021-06-23 17:07:10	1	1	15	0
   108591	2021-06-23 17:07:24	1	1	15	0
    10073	2021-06-23 17:08:02	1	1	15	0
   102524	2021-06-23 17:08:26	1	1	15	0
   108556	2021-06-23 17:08:40	1	1	15	0
    10065	2021-06-23 17:08:53	1	1	15	0
   108667	2021-06-23 17:09:59	1	1	15	0
   108585	2021-06-23 17:10:08	1	1	15	0
   108638	2021-06-23 17:10:35	1	1	15	0
    10159	2021-06-23 17:19:15	1	1	15	0
    10032	2021-06-23 17:22:34	1	1	15	0
   108568	2021-06-23 17:22:55	1	1	15	0
   108674	2021-06-23 17:24:02	1	1	15	0
   108610	2021-06-23 17:24:22	1	1	15	0
   108610	2021-06-23 17:24:24	1	1	15	0
   108671	2021-06-23 17:27:46	1	1	15	0
   102579	2021-06-23 17:28:15	1	1	15	0
    10076	2021-06-23 17:29:21	1	1	15	0
    10149	2021-06-23 17:32:22	1	1	15	0
   108672	2021-06-23 17:44:32	1	1	15	0
   108672	2021-06-23 17:44:34	1	1	15	0
   108523	2021-06-23 18:25:57	1	1	15	0
    10129	2021-06-23 18:36:05	1	1	15	0
    10127	2021-06-23 19:22:22	1	1	15	0
   108662	2021-06-23 19:22:32	1	1	15	0
   108666	2021-06-23 19:45:04	1	1	15	0
   108663	2021-06-23 20:32:20	1	1	15	0
   108658	2021-06-23 20:32:30	1	1	15	0
   108598	2021-06-23 20:32:53	1	1	15	0
   108538	2021-06-24 02:53:42	1	0	15	0
    10214	2021-06-24 03:25:53	1	0	15	0
    10214	2021-06-24 03:25:56	1	0	15	0
    10356	2021-06-24 03:26:36	1	0	15	0
    10356	2021-06-24 03:26:38	1	0	15	0
    10456	2021-06-24 06:00:41	1	0	15	0
   101437	2021-06-24 06:13:44	1	0	15	0
   102526	2021-06-24 06:20:22	1	0	15	0
   108617	2021-06-24 06:52:11	1	0	15	0
   108630	2021-06-24 06:56:18	1	0	15	0
   108587	2021-06-24 06:58:32	1	0	15	0
   108593	2021-06-24 07:01:23	1	0	15	0
    10372	2021-06-24 07:01:48	1	0	15	0
   108533	2021-06-24 07:04:56	1	0	15	0
   108472	2021-06-24 07:18:26	1	0	15	0
   108654	2021-06-24 07:19:02	1	0	15	0
   108670	2021-06-24 07:21:10	1	0	15	0
   108674	2021-06-24 07:24:36	1	0	15	0
   108662	2021-06-24 07:25:51	1	0	15	0
    10278	2021-06-24 07:27:18	1	0	15	0
    10278	2021-06-24 07:27:20	1	0	15	0
   108673	2021-06-24 07:28:12	1	0	15	0
   108672	2021-06-24 07:29:48	1	0	15	0
   108585	2021-06-24 07:31:01	1	0	15	0
    10033	2021-06-24 07:31:25	1	0	15	0
   108668	2021-06-24 07:31:34	1	0	15	0
   108667	2021-06-24 07:31:46	1	0	15	0
   108523	2021-06-24 07:32:00	1	0	15	0
    10080	2021-06-24 07:32:31	1	0	15	0
   101451	2021-06-24 07:33:15	1	0	15	0
   108669	2021-06-24 07:34:01	1	0	15	0
   108663	2021-06-24 07:35:05	1	0	15	0
   108663	2021-06-24 07:35:08	1	0	15	0
   108610	2021-06-24 07:37:06	1	0	15	0
    10127	2021-06-24 07:37:12	1	0	15	0
    10221	2021-06-24 07:40:14	1	0	15	0
   101432	2021-06-24 07:41:06	1	0	15	0
    10159	2021-06-24 07:42:46	1	0	15	0
   108613	2021-06-24 07:43:49	1	0	15	0
   108549	2021-06-24 07:46:11	1	0	15	0
   102542	2021-06-24 07:46:39	1	0	15	0
   102524	2021-06-24 07:47:18	1	0	15	0
    10284	2021-06-24 07:47:37	1	0	15	0
   108579	2021-06-24 07:47:44	1	0	15	0
    10348	2021-06-24 07:47:57	1	0	15	0
   108638	2021-06-24 07:49:19	1	0	15	0
    10025	2021-06-24 07:52:26	1	0	15	0
    10309	2021-06-24 07:52:34	1	0	15	0
   108469	2021-06-24 07:53:02	1	0	15	0
   108658	2021-06-24 07:53:18	1	0	15	0
    10063	2021-06-24 07:53:41	1	0	15	0
    10149	2021-06-24 07:53:48	1	0	15	0
    10149	2021-06-24 07:53:50	1	0	15	0
   108671	2021-06-24 07:53:54	1	0	15	0
    10076	2021-06-24 07:54:02	1	0	15	0
    10129	2021-06-24 07:54:13	1	0	15	0
   102544	2021-06-24 07:54:31	1	0	15	0
    10032	2021-06-24 07:55:32	1	0	15	0
    19980	2021-06-24 07:56:41	1	0	15	0
   108635	2021-06-24 07:57:57	1	0	15	0
   108619	2021-06-24 08:00:21	1	0	15	0
   108611	2021-06-24 08:01:54	1	0	15	0
   108666	2021-06-24 08:05:45	1	0	15	0
    10138	2021-06-24 08:08:36	1	0	15	0
   500001	2021-06-24 08:12:07	1	0	15	0
    10065	2021-06-24 08:26:02	1	0	15	0
   108515	2021-06-24 08:28:55	1	0	15	0
    10550	2021-06-24 08:41:19	1	0	15	0
   108591	2021-06-24 08:47:57	1	0	15	0
    10458	2021-06-24 08:56:31	1	0	15	0
    10073	2021-06-24 08:58:21	1	0	15	0
    10063	2021-06-24 09:47:02	1	0	15	0
   108556	2021-06-24 12:08:32	1	0	15	0
   108538	2021-06-24 12:15:08	1	1	15	0
    10356	2021-06-24 12:15:55	1	1	15	0
    10214	2021-06-24 12:16:41	1	1	15	0
   108533	2021-06-24 16:01:03	1	1	15	0
   101437	2021-06-24 16:01:10	1	1	15	0
   108619	2021-06-24 16:01:17	1	1	15	0
    10456	2021-06-24 16:01:27	1	1	15	0
   108472	2021-06-24 16:01:37	1	1	15	0
    10278	2021-06-24 16:01:45	1	1	15	0
    10138	2021-06-24 16:01:54	1	1	15	0
   108658	2021-06-24 16:02:03	1	1	15	0
   101451	2021-06-24 16:02:15	1	1	15	0
   102542	2021-06-24 16:05:04	1	1	15	0
    10284	2021-06-24 16:06:36	1	1	15	0
   108593	2021-06-24 17:00:20	1	1	15	0
    10025	2021-06-24 17:00:29	1	1	15	0
   108549	2021-06-24 17:00:35	1	1	15	0
   108630	2021-06-24 17:00:44	1	1	15	0
   108654	2021-06-24 17:00:58	1	1	15	0
   108469	2021-06-24 17:01:04	1	1	15	0
   108613	2021-06-24 17:01:13	1	1	15	0
    10080	2021-06-24 17:01:48	1	1	15	0
    10372	2021-06-24 17:02:01	1	1	15	0
   108668	2021-06-24 17:02:11	1	1	15	0
   108617	2021-06-24 17:02:20	1	1	15	0
   108591	2021-06-24 17:02:27	1	1	15	0
   102544	2021-06-24 17:02:45	1	1	15	0
    10550	2021-06-24 17:02:53	1	1	15	0
   108670	2021-06-24 17:03:02	1	1	15	0
   101432	2021-06-24 17:03:12	1	1	15	0
   108515	2021-06-24 17:03:17	1	1	15	0
   108663	2021-06-24 17:03:25	1	1	15	0
    10033	2021-06-24 17:03:31	1	1	15	0
    19980	2021-06-24 17:03:43	1	1	15	0
   108638	2021-06-24 17:04:10	1	1	15	0
   108673	2021-06-24 17:04:19	1	1	15	0
    10221	2021-06-24 17:05:32	1	1	15	0
    10221	2021-06-24 17:05:35	1	1	15	0
   102524	2021-06-24 17:05:43	1	1	15	0
   108611	2021-06-24 17:06:17	1	1	15	0
   108635	2021-06-24 17:06:48	1	1	15	0
   108667	2021-06-24 17:06:54	1	1	15	0
    10065	2021-06-24 17:07:00	1	1	15	0
   500001	2021-06-24 17:07:14	1	1	15	0
   108669	2021-06-24 17:08:53	1	1	15	0
   108556	2021-06-24 17:10:07	1	1	15	0
   108579	2021-06-24 17:15:18	1	1	15	0
    10073	2021-06-24 17:16:16	1	1	15	0
   108674	2021-06-24 17:23:43	1	1	15	0
    10032	2021-06-24 17:25:11	1	1	15	0
   108585	2021-06-24 17:31:21	1	1	15	0
   108585	2021-06-24 17:31:24	1	1	15	0
   108662	2021-06-24 17:32:43	1	1	15	0
   108672	2021-06-24 17:39:00	1	1	15	0
   108672	2021-06-24 17:39:03	1	1	15	0
   108671	2021-06-24 17:39:58	1	1	15	0
   108610	2021-06-24 17:40:10	1	1	15	0
   108523	2021-06-24 17:40:54	1	1	15	0
   102579	2021-06-24 17:41:50	1	1	15	0
    10127	2021-06-24 17:42:30	1	1	15	0
    10076	2021-06-24 17:42:41	1	1	15	0
    10149	2021-06-24 17:44:11	1	1	15	0
    10458	2021-06-24 17:44:27	1	1	15	0
    10159	2021-06-24 17:45:06	1	1	15	0
    10129	2021-06-24 18:21:45	1	1	15	0
   108666	2021-06-24 20:05:18	1	1	15	0
   108666	2021-06-24 20:05:20	1	1	15	0
   108666	2021-06-24 20:05:28	1	1	15	0
    10309	2021-06-24 20:17:04	1	1	15	0
   108587	2021-06-24 20:17:48	1	1	15	0
   102526	2021-06-24 20:18:00	1	1	15	0
   102526	2021-06-25 06:13:08	1	1	15	0
   101437	2021-06-25 06:18:48	1	0	15	0
    10456	2021-06-25 06:20:51	1	0	15	0
    10456	2021-06-25 06:20:53	1	0	15	0
   108662	2021-06-25 06:57:11	1	0	15	0
   108587	2021-06-25 07:05:48	1	0	15	0
   108587	2021-06-25 07:05:54	1	0	15	0
   108630	2021-06-25 07:06:03	1	0	15	0
   108630	2021-06-25 07:06:05	1	0	15	0
   108593	2021-06-25 07:09:20	1	0	15	0
   108533	2021-06-25 07:09:35	1	0	15	0
    10372	2021-06-25 07:12:40	1	0	15	0
    10372	2021-06-25 07:12:43	1	0	15	0
    10214	2021-06-25 07:15:20	1	0	15	0
    10214	2021-06-25 07:15:22	1	0	15	0
    10356	2021-06-25 07:15:53	1	0	15	0
   108472	2021-06-25 07:18:22	1	0	15	0
   108523	2021-06-25 07:19:27	1	0	15	0
   108568	2021-06-25 07:20:28	1	0	15	0
   108670	2021-06-25 07:20:50	1	0	15	0
   108668	2021-06-25 07:24:51	1	0	15	0
   108610	2021-06-25 07:25:01	1	0	15	0
    10278	2021-06-25 07:29:49	1	0	15	0
   108654	2021-06-25 07:30:16	1	0	15	0
    10221	2021-06-25 07:31:04	1	0	15	0
   108674	2021-06-25 07:31:58	1	0	15	0
    10033	2021-06-25 07:32:17	1	0	15	0
   108672	2021-06-25 07:32:26	1	0	15	0
   108672	2021-06-25 07:32:28	1	0	15	0
   108673	2021-06-25 07:32:33	1	0	15	0
   108613	2021-06-25 07:35:13	1	0	15	0
   108669	2021-06-25 07:37:38	1	0	15	0
    10080	2021-06-25 07:39:13	1	0	15	0
    10080	2021-06-25 07:39:15	1	0	15	0
   108667	2021-06-25 07:40:21	1	0	15	0
   108638	2021-06-25 07:42:20	1	0	15	0
   108538	2021-06-25 07:42:26	1	0	15	0
   108538	2021-06-25 07:42:28	1	0	15	0
   108585	2021-06-25 07:42:44	1	0	15	0
   102542	2021-06-25 07:42:51	1	0	15	0
   108556	2021-06-25 07:43:15	1	0	15	0
    10025	2021-06-25 07:43:29	1	0	15	0
   102524	2021-06-25 07:43:49	1	0	15	0
   108579	2021-06-25 07:45:06	1	0	15	0
    10065	2021-06-25 07:45:27	1	0	15	0
   108658	2021-06-25 07:46:36	1	0	15	0
   108663	2021-06-25 07:48:00	1	0	15	0
   101432	2021-06-25 07:48:12	1	0	15	0
    10159	2021-06-25 07:48:37	1	0	15	0
    10127	2021-06-25 07:48:46	1	0	15	0
   108469	2021-06-25 07:49:07	1	0	15	0
   102544	2021-06-25 07:50:01	1	0	15	0
    10228	2021-06-25 07:50:12	1	0	15	0
    10129	2021-06-25 07:50:26	1	0	15	0
   108598	2021-06-25 07:51:00	1	0	15	0
    10063	2021-06-25 07:51:16	1	0	15	0
    10149	2021-06-25 07:51:23	1	0	15	0
    10149	2021-06-25 07:51:26	1	0	15	0
   108671	2021-06-25 07:51:31	1	0	15	0
    10076	2021-06-25 07:51:37	1	0	15	0
    10076	2021-06-25 07:51:40	1	0	15	0
    19980	2021-06-25 07:51:47	1	0	15	0
    19980	2021-06-25 07:51:50	1	0	15	0
    10309	2021-06-25 07:52:25	1	0	15	0
   108549	2021-06-25 07:52:48	1	0	15	0
   108635	2021-06-25 07:54:14	1	0	15	0
    10138	2021-06-25 07:54:30	1	0	15	0
    10032	2021-06-25 07:55:02	1	0	15	0
    10284	2021-06-25 07:55:09	1	0	15	0
   108619	2021-06-25 07:56:45	1	0	15	0
   108666	2021-06-25 08:08:17	1	0	15	0
   108611	2021-06-25 08:09:55	1	0	15	0
   500001	2021-06-25 08:32:39	1	0	15	0
   108591	2021-06-25 08:35:37	1	0	15	0
   108515	2021-06-25 08:36:59	1	0	15	0
   102579	2021-06-25 08:44:13	1	0	15	0
    10458	2021-06-25 09:00:20	1	0	15	0
   108662	2021-06-25 12:06:26	1	0	15	0
   108662	2021-06-25 12:06:28	1	0	15	0
   108591	2021-06-25 12:23:20	1	0	15	0
   108591	2021-06-25 13:17:59	1	0	15	0
   108593	2021-06-25 16:00:09	1	1	15	0
   108630	2021-06-25 16:00:37	1	1	15	0
   101437	2021-06-25 16:01:18	1	1	15	0
   102526	2021-06-25 16:01:32	1	1	15	0
   102544	2021-06-25 16:01:43	1	1	15	0
    10456	2021-06-25 16:01:52	1	1	15	0
   108533	2021-06-25 16:02:01	1	1	15	0
   108549	2021-06-25 16:02:17	1	1	15	0
    10309	2021-06-25 16:02:33	1	1	15	0
    10284	2021-06-25 16:02:45	1	1	15	0
   108587	2021-06-25 16:04:04	1	1	15	0
   108472	2021-06-25 16:04:16	1	1	15	0
    10228	2021-06-25 16:05:43	1	1	15	0
   102542	2021-06-25 16:05:50	1	1	15	0
   108538	2021-06-25 16:06:04	1	1	15	0
    10356	2021-06-25 16:06:33	1	1	15	0
    10214	2021-06-25 16:06:40	1	1	15	0
    10214	2021-06-25 16:06:43	1	1	15	0
    10278	2021-06-25 16:09:10	1	1	15	0
    10278	2021-06-25 16:09:12	1	1	15	0
    10138	2021-06-25 16:15:17	1	1	15	0
    10138	2021-06-25 16:15:19	1	1	15	0
    10348	2021-06-25 16:17:32	1	1	15	0
    10348	2021-06-25 16:17:35	1	1	15	0
   108654	2021-06-25 17:00:29	1	1	15	0
   108613	2021-06-25 17:00:44	1	1	15	0
    10025	2021-06-25 17:00:50	1	1	15	0
    10080	2021-06-25 17:00:57	1	1	15	0
    10372	2021-06-25 17:01:07	1	1	15	0
   108619	2021-06-25 17:01:46	1	1	15	0
   108670	2021-06-25 17:02:15	1	1	15	0
    10065	2021-06-25 17:02:22	1	1	15	0
   108668	2021-06-25 17:02:30	1	1	15	0
   108591	2021-06-25 17:02:51	1	1	15	0
   108591	2021-06-25 17:02:54	1	1	15	0
   108469	2021-06-25 17:02:59	1	1	15	0
   108579	2021-06-25 17:03:15	1	1	15	0
   108673	2021-06-25 17:03:24	1	1	15	0
   101432	2021-06-25 17:03:57	1	1	15	0
    10033	2021-06-25 17:04:10	1	1	15	0
   108611	2021-06-25 17:04:19	1	1	15	0
   500001	2021-06-25 17:04:27	1	1	15	0
   108669	2021-06-25 17:04:35	1	1	15	0
   108635	2021-06-25 17:04:41	1	1	15	0
    19980	2021-06-25 17:05:00	1	1	15	0
   108556	2021-06-25 17:05:48	1	1	15	0
    10221	2021-06-25 17:06:00	1	1	15	0
   102524	2021-06-25 17:06:13	1	1	15	0
    10073	2021-06-25 17:06:31	1	1	15	0
    10159	2021-06-25 17:06:44	1	1	15	0
   108523	2021-06-25 17:06:52	1	1	15	0
    10127	2021-06-25 17:07:11	1	1	15	0
    10127	2021-06-25 17:07:13	1	1	15	0
   108671	2021-06-25 17:07:20	1	1	15	0
   108667	2021-06-25 17:07:25	1	1	15	0
   108667	2021-06-25 17:07:28	1	1	15	0
   108658	2021-06-25 17:07:32	1	1	15	0
   108638	2021-06-25 17:07:46	1	1	15	0
   108598	2021-06-25 17:08:00	1	1	15	0
   108663	2021-06-25 17:08:10	1	1	15	0
   108672	2021-06-25 17:08:16	1	1	15	0
   108672	2021-06-25 17:08:19	1	1	15	0
    10076	2021-06-25 17:08:23	1	1	15	0
    10076	2021-06-25 17:08:25	1	1	15	0
   108585	2021-06-25 17:12:42	1	1	15	0
   108674	2021-06-25 17:15:28	1	1	15	0
   108515	2021-06-25 17:25:27	1	1	15	0
    10458	2021-06-25 17:25:58	1	1	15	0
    10063	2021-06-25 17:44:28	1	1	15	0
   108568	2021-06-25 17:44:38	1	1	15	0
   102579	2021-06-25 17:46:07	1	1	15	0
   108610	2021-06-25 17:46:20	1	1	15	0
    10032	2021-06-25 17:50:05	1	1	15	0
    10149	2021-06-25 17:50:51	1	1	15	0
    10149	2021-06-25 17:50:53	1	1	15	0
   108666	2021-06-25 18:25:59	1	1	15	0
    10129	2021-06-25 18:39:07	1	1	15	0
   102526	2021-06-26 06:17:35	1	0	15	0
   108630	2021-06-26 06:26:15	1	0	15	0
   102542	2021-06-26 06:39:05	1	0	15	0
   102544	2021-06-26 06:46:29	1	0	15	0
   108593	2021-06-26 06:46:53	1	0	15	0
   108533	2021-06-26 06:58:53	1	0	15	0
   108587	2021-06-26 07:04:49	1	0	15	0
   108549	2021-06-26 07:19:32	1	0	15	0
   108538	2021-06-26 07:22:25	1	0	15	0
    10138	2021-06-26 07:50:33	1	0	15	0
    10309	2021-06-26 08:01:39	1	0	15	0
   108587	2021-06-26 12:10:08	1	0	15	0
   108587	2021-06-26 12:10:10	1	0	15	0
   108630	2021-06-26 15:00:58	1	0	15	0
   108533	2021-06-26 15:01:09	1	0	15	0
   108593	2021-06-26 15:02:12	1	0	15	0
   102544	2021-06-26 15:49:20	1	0	15	0
    10309	2021-06-26 16:00:11	1	1	15	0
   102526	2021-06-26 16:00:16	1	1	15	0
   102542	2021-06-26 16:00:44	1	1	15	0
   108538	2021-06-26 16:00:51	1	1	15	0
    10138	2021-06-26 16:01:00	1	1	15	0
    10138	2021-06-26 16:01:02	1	1	15	0
   108549	2021-06-26 16:01:51	1	1	15	0
