   101437	2021-11-26 06:19:42	1	1	15	0
   101437	2021-11-26 06:21:30	1	0	15	0
   102526	2021-11-26 06:30:49	1	0	15	0
    10456	2021-11-26 06:33:05	1	0	15	0
   108617	2021-11-26 06:50:34	1	0	15	0
   108587	2021-11-26 06:57:36	1	0	15	0
   108587	2021-11-26 06:57:38	1	0	15	0
   108630	2021-11-26 07:00:01	1	0	15	0
   108671	2021-11-26 07:10:09	1	0	15	0
    10372	2021-11-26 07:13:06	1	0	15	0
    10080	2021-11-26 07:16:48	1	0	15	0
   101451	2021-11-26 07:22:17	1	0	15	0
    10356	2021-11-26 07:25:07	1	0	15	0
   108472	2021-11-26 07:25:15	1	0	15	0
   108538	2021-11-26 07:27:11	1	0	15	0
   108610	2021-11-26 07:28:55	1	0	15	0
    10159	2021-11-26 07:29:34	1	0	15	0
    10033	2021-11-26 07:30:19	1	0	15	0
   108654	2021-11-26 07:32:35	1	0	15	0
    10076	2021-11-26 07:35:02	1	0	15	0
    10278	2021-11-26 07:35:15	1	0	15	0
   108663	2021-11-26 07:36:03	1	0	15	0
   108523	2021-11-26 07:36:26	1	0	15	0
   108667	2021-11-26 07:36:36	1	0	15	0
   108673	2021-11-26 07:37:48	1	0	15	0
    10221	2021-11-26 07:38:04	1	0	15	0
   108619	2021-11-26 07:38:11	1	0	15	0
   108677	2021-11-26 07:38:47	1	0	15	0
    10129	2021-11-26 07:38:54	1	0	15	0
   108556	2021-11-26 07:39:50	1	0	15	0
   108568	2021-11-26 07:41:47	1	0	15	0
   108680	2021-11-26 07:43:37	1	0	15	0
   108638	2021-11-26 07:46:53	1	0	15	0
   108489	2021-11-26 07:47:42	1	0	15	0
   102524	2021-11-26 07:48:00	1	0	15	0
   108469	2021-11-26 07:49:09	1	0	15	0
   108598	2021-11-26 07:49:44	1	0	15	0
   108669	2021-11-26 07:52:44	1	0	15	0
    19980	2021-11-26 07:54:58	1	0	15	0
    10309	2021-11-26 07:56:39	1	0	15	0
   108674	2021-11-26 07:58:00	1	0	15	0
   108658	2021-11-26 07:58:17	1	0	15	0
   108662	2021-11-26 08:02:03	1	0	15	0
    10284	2021-11-26 08:02:08	1	0	15	0
   101432	2021-11-26 08:02:35	1	0	15	0
   108579	2021-11-26 08:02:42	1	0	15	0
    10458	2021-11-26 08:04:25	1	0	15	0
    10138	2021-11-26 08:05:30	1	0	15	0
    10032	2021-11-26 08:07:33	1	0	15	0
   108672	2021-11-26 08:07:59	1	0	15	0
    10348	2021-11-26 08:08:38	1	0	15	0
   108585	2021-11-26 08:09:06	1	0	15	0
   108585	2021-11-26 08:09:09	1	0	15	0
   108591	2021-11-26 08:11:39	1	0	15	0
    10063	2021-11-26 08:12:54	1	0	15	0
   108678	2021-11-26 08:13:18	1	0	15	0
   108611	2021-11-26 08:13:47	1	0	15	0
   108515	2021-11-26 08:15:08	1	0	15	0
   108635	2021-11-26 08:19:09	1	0	15	0
   108613	2021-11-26 08:19:27	1	0	15	0
   108666	2021-11-26 08:21:29	1	0	15	0
   108666	2021-11-26 08:21:32	1	0	15	0
   500001	2021-11-26 08:23:55	1	0	15	0
    10073	2021-11-26 08:24:01	1	0	1	0
    10550	2021-11-26 08:24:07	1	0	15	0
    10065	2021-11-26 10:13:46	1	0	15	0
   102579	2021-11-26 10:59:31	1	0	15	0
   108591	2021-11-26 12:06:51	1	0	15	0
   108585	2021-11-26 12:15:32	1	0	15	0
    10348	2021-11-26 14:41:55	1	0	15	0
   102526	2021-11-26 16:01:54	1	0	15	0
   108538	2021-11-26 16:02:15	1	0	15	0
    10284	2021-11-26 16:02:23	1	0	15	0
    10138	2021-11-26 16:02:34	1	0	15	0
    10309	2021-11-26 16:02:50	1	0	15	0
   108472	2021-11-26 16:03:08	1	0	15	0
    10356	2021-11-26 16:03:33	1	0	15	0
    10456	2021-11-26 16:03:49	1	0	15	0
   108619	2021-11-26 16:03:57	1	0	15	0
    10278	2021-11-26 16:04:45	1	0	15	0
   108469	2021-11-26 16:06:14	1	0	15	0
   108613	2021-11-26 17:01:14	1	1	15	0
   108630	2021-11-26 17:01:21	1	1	15	0
    10372	2021-11-26 17:01:28	1	1	15	0
   108617	2021-11-26 17:01:39	1	1	15	0
   101451	2021-11-26 17:01:54	1	1	15	0
   101437	2021-11-26 17:02:03	1	1	15	0
    10063	2021-11-26 17:02:20	1	1	15	0
   101432	2021-11-26 17:02:50	1	1	15	0
    10080	2021-11-26 17:02:55	1	1	15	0
    10221	2021-11-26 17:03:26	1	1	15	0
    10550	2021-11-26 17:03:32	1	1	15	0
   108667	2021-11-26 17:03:42	1	1	15	0
   108489	2021-11-26 17:03:56	1	1	15	0
    10076	2021-11-26 17:04:14	1	1	15	0
   108671	2021-11-26 17:04:22	1	1	15	0
    10033	2021-11-26 17:04:30	1	1	15	0
   108674	2021-11-26 17:04:44	1	1	15	0
   108568	2021-11-26 17:04:52	1	1	15	0
   108587	2021-11-26 17:05:10	1	1	15	0
   108669	2021-11-26 17:05:33	1	1	15	0
   102579	2021-11-26 17:05:45	1	1	15	0
   102524	2021-11-26 17:05:57	1	1	15	0
   108579	2021-11-26 17:06:09	1	1	15	0
   108680	2021-11-26 17:06:16	1	1	15	0
    10458	2021-11-26 17:06:51	1	1	15	0
   108611	2021-11-26 17:07:40	1	1	15	0
   108677	2021-11-26 17:08:08	1	1	15	0
   108635	2021-11-26 17:10:03	1	1	15	0
    10065	2021-11-26 17:10:39	1	1	15	0
    19980	2021-11-26 17:13:13	1	1	15	0
   108556	2021-11-26 17:25:55	1	1	15	0
   500001	2021-11-26 17:26:20	1	1	15	0
   500001	2021-11-26 17:26:23	1	1	15	0
   108638	2021-11-26 17:27:48	1	1	15	0
   108678	2021-11-26 17:29:37	1	1	15	0
    10032	2021-11-26 17:44:52	1	1	15	0
    10032	2021-11-26 17:44:54	1	1	15	0
    10159	2021-11-26 17:45:12	1	1	15	0
   108672	2021-11-26 17:49:37	1	1	15	0
   108515	2021-11-26 17:51:48	1	1	15	0
    10129	2021-11-26 18:29:40	1	1	15	0
   108523	2021-11-26 18:36:21	1	1	15	0
   108658	2021-11-26 18:42:21	1	1	15	0
   108663	2021-11-26 18:42:33	1	1	15	0
   108673	2021-11-26 18:42:38	1	1	15	0
   108673	2021-11-26 18:42:41	1	1	15	0
   108662	2021-11-26 18:42:46	1	1	15	0
   108610	2021-11-26 19:33:42	1	1	15	0
   108598	2021-11-26 19:34:16	1	1	15	0
   108666	2021-11-26 20:11:41	1	1	15	0
   102526	2021-11-27 06:03:56	1	0	15	0
    10159	2021-11-27 06:51:57	1	0	15	0
   108630	2021-11-27 06:58:33	1	0	15	0
   108587	2021-11-27 07:11:15	1	0	15	0
   102542	2021-11-27 07:12:39	1	0	15	0
   108472	2021-11-27 07:23:59	1	0	15	0
    10356	2021-11-27 07:26:45	1	0	15	0
   108593	2021-11-27 07:31:11	1	0	15	0
   108619	2021-11-27 07:36:21	1	0	15	0
    10278	2021-11-27 07:44:40	1	0	15	0
    10033	2021-11-27 07:48:55	1	0	15	0
   108533	2021-11-27 07:50:49	1	0	15	0
    19980	2021-11-27 07:54:38	1	0	15	0
    10348	2021-11-27 07:55:13	1	0	15	0
    10348	2021-11-27 07:55:16	1	0	15	0
   108523	2021-11-27 07:55:22	1	0	15	0
   108672	2021-11-27 07:59:11	1	0	15	0
    10309	2021-11-27 07:59:46	1	0	15	0
   108538	2021-11-27 08:00:13	1	0	15	0
    10138	2021-11-27 08:11:52	1	0	15	0
    10076	2021-11-27 08:17:48	1	0	15	0
   108678	2021-11-27 08:18:46	1	0	15	0
    10159	2021-11-27 08:37:57	1	0	15	0
   108662	2021-11-27 08:46:44	1	0	15	0
    10033	2021-11-27 10:46:50	1	0	15	0
   102526	2021-11-27 16:00:16	1	1	15	0
    10138	2021-11-27 16:01:48	1	1	15	0
    10138	2021-11-27 16:01:50	1	1	15	0
   108619	2021-11-27 16:02:17	1	1	15	0
    10356	2021-11-27 16:02:41	1	1	15	0
   108538	2021-11-27 16:02:49	1	1	15	0
   108587	2021-11-27 16:03:08	1	1	15	0
   108587	2021-11-27 16:03:10	1	1	15	0
   108472	2021-11-27 16:03:53	1	1	15	0
   108630	2021-11-27 17:01:23	1	1	15	0
   108533	2021-11-27 17:01:34	1	1	15	0
    19980	2021-11-27 17:03:38	1	1	15	0
   108593	2021-11-27 17:03:54	1	1	15	0
   108678	2021-11-27 17:04:13	1	1	15	0
    10076	2021-11-27 17:05:21	1	1	15	0
   108672	2021-11-27 17:05:48	1	1	15	0
   108523	2021-11-27 17:05:58	1	1	15	0
   108662	2021-11-27 17:06:09	1	1	15	0
   102542	2021-11-27 17:06:22	1	1	15	0
    10309	2021-11-27 20:00:45	1	1	15	0
    10348	2021-11-27 22:02:48	1	1	15	0
    10278	2021-11-27 22:03:38	1	1	15	0
    10309	2021-11-28 12:58:54	1	1	15	0
   102526	2021-11-29 06:24:37	1	1	15	0
   102526	2021-11-29 06:24:39	1	1	15	0
   102526	2021-11-29 06:24:46	1	1	15	0
    10456	2021-11-29 06:29:14	1	0	15	0
    10214	2021-11-29 06:29:36	1	0	15	0
    10356	2021-11-29 06:31:13	1	0	15	0
   108617	2021-11-29 06:56:40	1	0	15	0
    10159	2021-11-29 07:01:20	1	0	15	0
    10278	2021-11-29 07:06:50	1	0	15	0
    10278	2021-11-29 07:06:53	1	0	15	0
   108619	2021-11-29 07:07:00	1	0	15	0
   108533	2021-11-29 07:10:46	1	0	15	0
    10033	2021-11-29 07:12:05	1	0	15	0
   108556	2021-11-29 07:14:17	1	0	15	0
   108587	2021-11-29 07:17:41	1	0	15	0
    10080	2021-11-29 07:18:32	1	0	15	0
   108585	2021-11-29 07:24:44	1	0	15	0
    10372	2021-11-29 07:25:03	1	0	15	0
    10065	2021-11-29 07:28:53	1	0	15	0
    10065	2021-11-29 07:28:56	1	0	15	0
    10065	2021-11-29 07:29:05	1	0	15	0
   108593	2021-11-29 07:29:52	1	0	15	0
   108610	2021-11-29 07:34:18	1	0	15	0
   108472	2021-11-29 07:35:18	1	0	15	0
   108638	2021-11-29 07:37:48	1	0	15	0
   108669	2021-11-29 07:38:57	1	0	15	0
   108663	2021-11-29 07:39:35	1	0	15	0
   108677	2021-11-29 07:40:04	1	0	15	0
   108568	2021-11-29 07:41:57	1	0	15	0
   108673	2021-11-29 07:42:33	1	0	15	0
   108523	2021-11-29 07:45:32	1	0	15	0
   108538	2021-11-29 07:45:57	1	0	15	0
   108680	2021-11-29 07:46:22	1	0	15	0
    10221	2021-11-29 07:47:58	1	0	15	0
    10129	2021-11-29 07:48:14	1	0	15	0
   108662	2021-11-29 07:49:00	1	0	15	0
   108674	2021-11-29 07:49:34	1	0	15	0
   108549	2021-11-29 07:51:40	1	0	15	0
   108667	2021-11-29 07:52:40	1	0	15	0
    10284	2021-11-29 07:54:35	1	0	15	0
   108672	2021-11-29 07:54:49	1	0	15	0
   108613	2021-11-29 07:54:57	1	0	15	0
   108469	2021-11-29 07:55:10	1	0	15	0
   108489	2021-11-29 07:55:46	1	0	15	0
   108489	2021-11-29 07:55:48	1	0	15	0
   102524	2021-11-29 07:55:54	1	0	15	0
   500001	2021-11-29 07:56:19	1	0	15	0
   108598	2021-11-29 07:56:49	1	0	15	0
   108598	2021-11-29 07:56:52	1	0	15	0
   108591	2021-11-29 07:59:30	1	0	15	0
   108611	2021-11-29 08:03:33	1	0	15	0
   108658	2021-11-29 08:04:27	1	0	15	0
   108666	2021-11-29 08:08:07	1	0	15	0
   108678	2021-11-29 08:09:38	1	0	15	0
   108579	2021-11-29 08:11:20	1	0	15	0
    19980	2021-11-29 08:14:12	1	0	15	0
   101432	2021-11-29 08:16:18	1	0	15	0
   108671	2021-11-29 08:16:35	1	0	15	0
    10076	2021-11-29 08:16:48	1	0	15	0
   102579	2021-11-29 08:23:43	1	0	15	0
    10073	2021-11-29 08:41:56	1	0	15	0
   108515	2021-11-29 08:52:18	1	0	15	0
    10063	2021-11-29 09:10:21	1	0	15	0
    10550	2021-11-29 09:45:01	1	0	15	0
   108658	2021-11-29 11:31:09	1	0	15	0
   108658	2021-11-29 11:51:11	1	0	15	0
    10309	2021-11-29 12:36:32	1	0	15	0
   108619	2021-11-29 15:08:49	1	0	15	0
   108579	2021-11-29 15:44:57	1	0	15	0
   108472	2021-11-29 16:02:39	1	0	15	0
   108472	2021-11-29 16:02:57	1	1	15	0
   108538	2021-11-29 16:03:02	1	1	15	0
    10278	2021-11-29 16:03:10	1	1	15	0
    10456	2021-11-29 16:03:42	1	1	15	0
   108549	2021-11-29 16:27:01	1	1	15	0
   108469	2021-11-29 16:27:11	1	1	15	0
   108613	2021-11-29 17:00:42	1	1	15	0
   108613	2021-11-29 17:00:44	1	1	15	0
   108613	2021-11-29 17:00:57	1	1	15	0
   108657	2021-11-29 17:01:07	1	1	15	0
   101432	2021-11-29 17:01:21	1	1	15	0
   101436	2021-11-29 17:01:27	1	1	15	0
   108593	2021-11-29 17:01:34	1	1	15	0
    10372	2021-11-29 17:01:43	1	1	15	0
    10324	2021-11-29 17:01:49	1	1	15	0
    10080	2021-11-29 17:02:02	1	1	15	0
    10284	2021-11-29 17:02:09	1	1	15	0
   108533	2021-11-29 17:02:21	1	1	15	0
    10063	2021-11-29 17:02:32	1	1	15	0
    10309	2021-11-29 17:02:42	1	1	15	0
    19980	2021-11-29 17:02:50	1	1	15	0
   108617	2021-11-29 17:03:01	1	1	15	0
   102526	2021-11-29 17:03:08	1	1	15	0
   108587	2021-11-29 17:03:18	1	1	15	0
    10458	2021-11-29 17:03:31	1	1	15	0
    10076	2021-11-29 17:03:40	1	1	15	0
    10550	2021-11-29 17:03:46	1	1	15	0
   108489	2021-11-29 17:04:32	1	1	15	0
   108523	2021-11-29 17:04:51	1	1	15	0
   108677	2021-11-29 17:05:30	1	1	15	0
   108673	2021-11-29 17:05:38	1	1	15	0
   108673	2021-11-29 17:05:40	1	1	15	0
   102524	2021-11-29 17:06:00	1	1	15	0
   108678	2021-11-29 17:07:14	1	1	15	0
   108611	2021-11-29 17:07:29	1	1	15	0
   108638	2021-11-29 17:07:55	1	1	15	0
    10065	2021-11-29 17:08:52	1	1	15	0
   108669	2021-11-29 17:09:11	1	1	15	0
   108680	2021-11-29 17:09:38	1	1	15	0
   108591	2021-11-29 17:15:28	1	1	15	0
   108610	2021-11-29 17:15:59	1	1	15	0
   108658	2021-11-29 17:16:06	1	1	15	0
   108663	2021-11-29 17:16:19	1	1	15	0
    10221	2021-11-29 17:23:18	1	1	15	0
   108585	2021-11-29 17:25:34	1	1	15	0
   108556	2021-11-29 17:28:11	1	1	15	0
   500001	2021-11-29 17:30:53	1	1	15	0
    10159	2021-11-29 17:31:02	1	1	15	0
   108671	2021-11-29 17:34:52	1	1	15	0
   108568	2021-11-29 17:36:53	1	1	15	0
   108674	2021-11-29 17:40:23	1	1	15	0
   108515	2021-11-29 17:40:58	1	1	15	0
   102579	2021-11-29 17:44:25	1	1	15	0
   108672	2021-11-29 18:00:19	1	1	15	0
   108667	2021-11-29 18:15:09	1	1	15	0
   108662	2021-11-29 18:15:23	1	1	15	0
    10033	2021-11-29 18:20:45	1	1	15	0
   108598	2021-11-29 19:23:10	1	1	15	0
    10129	2021-11-29 20:10:20	1	1	15	0
   108666	2021-11-29 21:06:25	1	1	15	0
   102526	2021-12-01 06:10:44	1	1	15	0
    10456	2021-12-01 06:33:37	1	0	15	0
   108617	2021-12-01 06:38:55	1	0	15	0
   101437	2021-12-01 06:43:37	1	0	15	0
   108556	2021-12-01 06:43:57	1	0	15	0
   108630	2021-12-01 07:08:01	1	0	15	0
   108585	2021-12-01 07:10:58	1	0	15	0
    10372	2021-12-01 07:17:09	1	0	15	0
   101451	2021-12-01 07:18:28	1	0	15	0
   108568	2021-12-01 07:23:28	1	0	15	0
   108533	2021-12-01 07:25:01	1	0	15	0
    10080	2021-12-01 07:25:11	1	0	15	0
    10080	2021-12-01 07:25:14	1	0	15	0
    10080	2021-12-01 07:25:21	1	0	15	0
    10278	2021-12-01 07:28:35	1	0	15	0
   108472	2021-12-01 07:29:40	1	0	15	0
    10159	2021-12-01 07:30:54	1	0	15	0
   108638	2021-12-01 07:32:54	1	0	15	0
   102542	2021-12-01 07:33:49	1	0	15	0
    10033	2021-12-01 07:35:20	1	0	15	0
    10033	2021-12-01 07:35:22	1	0	15	0
    10214	2021-12-01 07:35:42	1	0	15	0
    10356	2021-12-01 07:37:24	1	0	15	0
   108677	2021-12-01 07:37:36	1	0	15	0
    10065	2021-12-01 07:41:44	1	0	15	0
   108673	2021-12-01 07:42:53	1	0	15	0
   108593	2021-12-01 07:43:15	1	0	15	0
   108593	2021-12-01 07:43:18	1	0	15	0
   108662	2021-12-01 07:43:30	1	0	15	0
   108619	2021-12-01 07:45:10	1	0	15	0
   108669	2021-12-01 07:48:24	1	0	15	0
    10221	2021-12-01 07:50:52	1	0	15	0
   108489	2021-12-01 07:51:42	1	0	15	0
   101432	2021-12-01 07:51:52	1	0	15	0
   102524	2021-12-01 07:52:05	1	0	15	0
   108667	2021-12-01 07:52:30	1	0	15	0
   108469	2021-12-01 07:52:45	1	0	15	0
   108469	2021-12-01 07:52:47	1	0	15	0
    10228	2021-12-01 07:55:45	1	0	15	0
   108674	2021-12-01 07:57:03	1	0	15	0
   108538	2021-12-01 07:57:47	1	0	15	0
   108663	2021-12-01 08:00:03	1	0	15	0
   108635	2021-12-01 08:00:33	1	0	15	0
    10129	2021-12-01 08:01:00	1	0	15	0
   108549	2021-12-01 08:01:20	1	0	15	0
   500001	2021-12-01 08:01:36	1	0	15	0
    10284	2021-12-01 08:01:44	1	0	15	0
    10309	2021-12-01 08:02:42	1	0	15	0
   108579	2021-12-01 08:06:45	1	0	15	0
    10032	2021-12-01 08:07:12	1	0	15	0
   108591	2021-12-01 08:07:37	1	0	15	0
   108678	2021-12-01 08:09:06	1	0	15	0
    19980	2021-12-01 08:11:23	1	0	15	0
   108666	2021-12-01 08:11:48	1	0	15	0
   108666	2021-12-01 08:11:51	1	0	15	0
   108672	2021-12-01 08:12:59	1	0	15	0
   108613	2021-12-01 08:14:08	1	0	15	0
    10063	2021-12-01 08:16:59	1	0	15	0
   108523	2021-12-01 08:17:07	1	0	15	0
    10076	2021-12-01 08:17:19	1	0	15	0
   108671	2021-12-01 08:18:02	1	0	15	0
    10458	2021-12-01 08:19:32	1	0	15	0
   108611	2021-12-01 08:27:43	1	0	15	0
    10550	2021-12-01 08:35:25	1	0	15	0
   108515	2021-12-01 08:59:30	1	0	15	0
   108610	2021-12-01 12:40:58	1	0	15	0
   101437	2021-12-01 16:02:06	1	1	15	0
    10309	2021-12-01 16:02:14	1	1	15	0
   108472	2021-12-01 16:02:25	1	1	15	0
   108538	2021-12-01 16:02:32	1	1	15	0
   102526	2021-12-01 16:03:08	1	1	15	0
    10356	2021-12-01 16:04:02	1	1	15	0
    10214	2021-12-01 16:04:09	1	1	15	0
   108619	2021-12-01 16:04:42	1	1	15	0
    10284	2021-12-01 16:04:58	1	1	15	0
    10228	2021-12-01 16:05:05	1	1	15	0
    10278	2021-12-01 16:05:20	1	1	15	0
    10456	2021-12-01 16:08:03	1	1	15	0
    10080	2021-12-01 16:19:00	1	1	15	0
    10550	2021-12-01 16:33:37	1	1	15	0
   108549	2021-12-01 16:43:37	1	1	15	0
   108549	2021-12-01 16:44:42	1	1	15	0
   108593	2021-12-01 17:00:32	1	1	15	0
   108549	2021-12-01 17:00:42	1	1	15	0
   108613	2021-12-01 17:00:49	1	1	15	0
   108630	2021-12-01 17:01:05	1	1	15	0
   101451	2021-12-01 17:01:34	1	1	15	0
   108469	2021-12-01 17:01:41	1	1	15	0
    10372	2021-12-01 17:01:48	1	1	15	0
    10372	2021-12-01 17:01:50	1	1	15	0
   108667	2021-12-01 17:02:38	1	1	15	0
   108611	2021-12-01 17:02:52	1	1	15	0
   108591	2021-12-01 17:03:07	1	1	15	0
   108489	2021-12-01 17:03:40	1	1	15	0
   101432	2021-12-01 17:03:59	1	1	15	0
    19980	2021-12-01 17:04:25	1	1	15	0
   108638	2021-12-01 17:04:33	1	1	15	0
   108672	2021-12-01 17:04:39	1	1	15	0
    10033	2021-12-01 17:04:48	1	1	15	0
   108579	2021-12-01 17:05:26	1	1	15	0
   108673	2021-12-01 17:05:36	1	1	15	0
   108678	2021-12-01 17:06:19	1	1	15	0
    10221	2021-12-01 17:07:25	1	1	15	0
   108677	2021-12-01 17:07:42	1	1	15	0
   102524	2021-12-01 17:10:26	1	1	15	0
    10063	2021-12-01 17:12:02	1	1	15	0
   108610	2021-12-01 17:13:11	1	1	15	0
   108663	2021-12-01 17:13:18	1	1	15	0
   108515	2021-12-01 17:13:25	1	1	15	0
   108669	2021-12-01 17:13:38	1	1	15	0
    10076	2021-12-01 17:14:29	1	1	15	0
    10065	2021-12-01 17:15:34	1	1	15	0
   108671	2021-12-01 17:15:58	1	1	15	0
   108666	2021-12-01 17:21:28	1	1	15	0
   108662	2021-12-01 17:22:51	1	1	15	0
   108556	2021-12-01 17:27:46	1	1	15	0
   500001	2021-12-01 17:28:26	1	1	15	0
   108674	2021-12-01 17:38:51	1	1	15	0
   108568	2021-12-01 17:40:43	1	1	15	0
   108585	2021-12-01 17:42:06	1	1	15	0
    10129	2021-12-01 18:18:50	1	1	15	0
   108617	2021-12-01 18:34:09	1	1	15	0
   108523	2021-12-01 19:03:32	1	1	15	0
   108533	2021-12-01 20:00:24	1	1	15	0
   102542	2021-12-01 20:00:30	1	1	15	0
   102526	2021-12-02 06:14:28	1	1	15	0
   102526	2021-12-02 06:14:42	1	0	15	0
    10456	2021-12-02 06:17:41	1	0	15	0
    10456	2021-12-02 06:17:43	1	0	15	0
   101437	2021-12-02 06:29:16	1	0	15	0
   101437	2021-12-02 06:29:18	1	0	15	0
   108617	2021-12-02 06:46:02	1	0	15	0
    10372	2021-12-02 07:11:12	1	0	15	0
   108630	2021-12-02 07:12:30	1	0	15	0
   108533	2021-12-02 07:14:40	1	0	15	0
    10214	2021-12-02 07:15:57	1	0	15	0
    10356	2021-12-02 07:16:09	1	0	15	0
   101451	2021-12-02 07:18:45	1	0	15	0
   108556	2021-12-02 07:20:04	1	0	15	0
   108556	2021-12-02 07:20:07	1	0	15	0
   108662	2021-12-02 07:21:00	1	0	15	0
   108472	2021-12-02 07:23:26	1	0	15	0
    10278	2021-12-02 07:27:19	1	0	15	0
    10080	2021-12-02 07:29:06	1	0	15	0
   108593	2021-12-02 07:29:36	1	0	15	0
   108568	2021-12-02 07:30:00	1	0	15	0
   108680	2021-12-02 07:31:14	1	0	15	0
   108680	2021-12-02 07:31:16	1	0	15	0
   108680	2021-12-02 07:31:26	1	0	15	0
    10159	2021-12-02 07:36:05	1	0	15	0
   108585	2021-12-02 07:36:21	1	0	15	0
   108669	2021-12-02 07:37:13	1	0	15	0
   108619	2021-12-02 07:37:34	1	0	15	0
   108610	2021-12-02 07:40:06	1	0	15	0
   102542	2021-12-02 07:40:19	1	0	15	0
   108663	2021-12-02 07:41:31	1	0	15	0
   108523	2021-12-02 07:41:44	1	0	15	0
   108677	2021-12-02 07:44:35	1	0	15	0
   108673	2021-12-02 07:44:41	1	0	15	0
    10033	2021-12-02 07:46:01	1	0	15	0
   108638	2021-12-02 07:47:31	1	0	15	0
   108587	2021-12-02 07:47:41	1	0	15	0
   108489	2021-12-02 07:48:07	1	0	15	0
   108489	2021-12-02 07:48:09	1	0	15	0
   102524	2021-12-02 07:48:21	1	0	15	0
    10065	2021-12-02 07:49:46	1	0	15	0
    10284	2021-12-02 07:49:56	1	0	15	0
   108674	2021-12-02 07:52:00	1	0	15	0
   108667	2021-12-02 07:52:37	1	0	15	0
   108549	2021-12-02 07:55:11	1	0	15	0
    10228	2021-12-02 07:55:30	1	0	15	0
   108635	2021-12-02 07:56:20	1	0	15	0
    10221	2021-12-02 07:57:15	1	0	15	0
   108672	2021-12-02 07:59:43	1	0	15	0
    10309	2021-12-02 08:02:34	1	0	15	0
   108579	2021-12-02 08:02:45	1	0	15	0
   108579	2021-12-02 08:02:48	1	0	15	0
    10458	2021-12-02 08:04:40	1	0	15	0
   108611	2021-12-02 08:04:48	1	0	15	0
   108666	2021-12-02 08:07:18	1	0	15	0
    19980	2021-12-02 08:07:31	1	0	15	0
   500001	2021-12-02 08:10:59	1	0	15	0
   108469	2021-12-02 08:11:06	1	0	15	0
    10129	2021-12-02 08:11:14	1	0	15	0
   101432	2021-12-02 08:12:07	1	0	15	0
   108613	2021-12-02 08:12:16	1	0	15	0
   108678	2021-12-02 08:13:55	1	0	15	0
    10076	2021-12-02 08:15:06	1	0	15	0
    10063	2021-12-02 08:15:19	1	0	15	0
   108671	2021-12-02 08:15:25	1	0	15	0
   108591	2021-12-02 08:24:21	1	0	15	0
    10550	2021-12-02 08:33:47	1	0	15	0
   108515	2021-12-02 08:50:39	1	0	15	0
   102579	2021-12-02 12:03:44	1	0	15	0
    10356	2021-12-02 16:02:47	1	1	15	0
   108619	2021-12-02 16:02:57	1	1	15	0
    10456	2021-12-02 16:03:08	1	1	15	0
   101437	2021-12-02 16:03:17	1	1	15	0
    10214	2021-12-02 16:03:25	1	1	15	0
    10228	2021-12-02 16:03:34	1	1	15	0
   108472	2021-12-02 16:03:40	1	1	15	0
   108469	2021-12-02 16:03:46	1	1	15	0
    10284	2021-12-02 16:03:54	1	1	15	0
   108549	2021-12-02 16:03:59	1	1	15	0
    10278	2021-12-02 16:04:08	1	1	15	0
    10309	2021-12-02 16:05:34	1	1	15	0
   108593	2021-12-02 17:00:45	1	1	15	0
   108613	2021-12-02 17:00:59	1	1	15	0
    10080	2021-12-02 17:01:18	1	1	15	0
   108654	2021-12-02 17:01:23	1	1	15	0
   108630	2021-12-02 17:01:36	1	1	15	0
   102524	2021-12-02 17:01:47	1	1	15	0
   101451	2021-12-02 17:01:58	1	1	15	0
    10458	2021-12-02 17:02:05	1	1	15	0
    10372	2021-12-02 17:02:18	1	1	15	0
    10076	2021-12-02 17:02:25	1	1	15	0
   108617	2021-12-02 17:02:34	1	1	15	0
    10550	2021-12-02 17:02:42	1	1	15	0
   102526	2021-12-02 17:02:51	1	1	15	0
   108669	2021-12-02 17:03:11	1	1	15	0
   108680	2021-12-02 17:03:17	1	1	15	0
   108568	2021-12-02 17:03:25	1	1	15	0
    10221	2021-12-02 17:03:41	1	1	15	0
   108489	2021-12-02 17:03:49	1	1	15	0
   108611	2021-12-02 17:04:01	1	1	15	0
   108587	2021-12-02 17:04:10	1	1	15	0
   108587	2021-12-02 17:04:12	1	1	15	0
    19980	2021-12-02 17:04:23	1	1	15	0
   108579	2021-12-02 17:04:30	1	1	15	0
   108673	2021-12-02 17:04:37	1	1	15	0
   108591	2021-12-02 17:04:47	1	1	15	0
    10065	2021-12-02 17:05:18	1	1	15	0
    10033	2021-12-02 17:05:27	1	1	15	0
    10063	2021-12-02 17:05:37	1	1	15	0
   108674	2021-12-02 17:05:49	1	1	15	0
   108677	2021-12-02 17:05:59	1	1	15	0
   108638	2021-12-02 17:06:07	1	1	15	0
   101432	2021-12-02 17:06:31	1	1	15	0
   108678	2021-12-02 17:11:59	1	1	15	0
   108635	2021-12-02 17:12:09	1	1	15	0
   500001	2021-12-02 17:22:12	1	1	15	0
   108671	2021-12-02 17:22:23	1	1	15	0
    10159	2021-12-02 17:24:08	1	1	15	0
   108556	2021-12-02 17:26:15	1	1	15	0
   108585	2021-12-02 17:35:17	1	1	15	0
   108515	2021-12-02 17:43:05	1	1	15	0
   108672	2021-12-02 17:52:05	1	1	15	0
   102579	2021-12-02 17:59:12	1	1	15	0
   102579	2021-12-02 17:59:14	1	1	15	0
   108663	2021-12-02 18:29:13	1	1	15	0
    10129	2021-12-02 19:06:24	1	1	15	0
   108610	2021-12-02 19:32:33	1	1	15	0
   108667	2021-12-02 19:57:59	1	1	15	0
   108662	2021-12-02 19:58:12	1	1	15	0
   108523	2021-12-02 19:58:54	1	1	15	0
   108533	2021-12-02 20:00:34	1	1	15	0
   102542	2021-12-02 20:00:47	1	1	15	0
   108666	2021-12-02 20:28:40	1	1	15	0
   101437	2021-12-03 06:14:17	1	0	15	0
   101437	2021-12-03 06:14:19	1	0	15	0
   108587	2021-12-03 06:30:25	1	0	15	0
   108587	2021-12-03 06:30:27	1	0	15	0
   102526	2021-12-03 06:30:39	1	0	15	0
    10456	2021-12-03 06:31:46	1	0	15	0
   108617	2021-12-03 06:45:17	1	0	15	0
    10073	2021-12-03 07:00:58	1	0	15	0
   108630	2021-12-03 07:03:26	1	0	15	0
   108556	2021-12-03 07:06:17	1	0	15	0
   101451	2021-12-03 07:14:32	1	0	15	0
    10080	2021-12-03 07:20:04	1	0	15	0
   108533	2021-12-03 07:20:54	1	0	15	0
    10356	2021-12-03 07:21:33	1	0	15	0
    10214	2021-12-03 07:22:21	1	0	15	0
    10372	2021-12-03 07:22:47	1	0	15	0
    10278	2021-12-03 07:24:10	1	0	15	0
   101432	2021-12-03 07:24:43	1	0	15	0
   108593	2021-12-03 07:25:34	1	0	15	0
   108472	2021-12-03 07:27:37	1	0	15	0
   108585	2021-12-03 07:28:50	1	0	15	0
    10159	2021-12-03 07:34:05	1	0	15	0
   108654	2021-12-03 07:35:05	1	0	15	0
   108523	2021-12-03 07:36:21	1	0	15	0
   108549	2021-12-03 07:36:35	1	0	15	0
   108568	2021-12-03 07:37:00	1	0	15	0
   108619	2021-12-03 07:38:48	1	0	15	0
   108619	2021-12-03 07:38:50	1	0	15	0
   108469	2021-12-03 07:40:50	1	0	15	0
   108677	2021-12-03 07:41:04	1	0	15	0
    10065	2021-12-03 07:41:28	1	0	15	0
   108667	2021-12-03 07:42:02	1	0	15	0
   102542	2021-12-03 07:42:55	1	0	15	0
   108673	2021-12-03 07:44:13	1	0	15	0
   108662	2021-12-03 07:44:19	1	0	15	0
    10221	2021-12-03 07:44:56	1	0	15	0
    10033	2021-12-03 07:45:30	1	0	15	0
   108638	2021-12-03 07:45:53	1	0	15	0
   108680	2021-12-03 07:46:16	1	0	15	0
    10129	2021-12-03 07:49:20	1	0	15	0
   108674	2021-12-03 07:50:08	1	0	15	0
   108538	2021-12-03 07:53:46	1	0	15	0
   108610	2021-12-03 07:53:56	1	0	15	0
   108672	2021-12-03 07:54:30	1	0	15	0
   108669	2021-12-03 07:55:27	1	0	15	0
   500001	2021-12-03 07:56:37	1	0	15	0
   108613	2021-12-03 07:57:05	1	0	15	0
    10228	2021-12-03 07:57:18	1	0	15	0
    19980	2021-12-03 07:57:44	1	0	15	0
   108635	2021-12-03 07:58:04	1	0	15	0
    10284	2021-12-03 07:58:32	1	0	15	0
   108663	2021-12-03 07:59:24	1	0	15	0
   108666	2021-12-03 08:02:46	1	0	15	0
   108579	2021-12-03 08:05:16	1	0	15	0
    10309	2021-12-03 08:05:26	1	0	15	0
   108611	2021-12-03 08:05:52	1	0	15	0
   108678	2021-12-03 08:08:40	1	0	15	0
    10076	2021-12-03 08:11:41	1	0	15	0
    10063	2021-12-03 08:12:21	1	0	15	0
   108671	2021-12-03 08:12:37	1	0	15	0
    10138	2021-12-03 08:14:25	1	0	15	0
    10550	2021-12-03 08:29:59	1	0	15	0
   102579	2021-12-03 08:48:32	1	0	15	0
   108515	2021-12-03 08:55:52	1	0	15	0
   108591	2021-12-03 12:51:50	1	0	15	0
   108538	2021-12-03 16:01:50	1	1	15	0
   108654	2021-12-03 16:02:08	1	1	15	0
    10214	2021-12-03 16:02:14	1	1	15	0
    10356	2021-12-03 16:02:28	1	1	15	0
   108472	2021-12-03 16:02:34	1	1	15	0
    10456	2021-12-03 16:02:42	1	1	15	0
   101437	2021-12-03 16:02:55	1	1	15	0
   108587	2021-12-03 16:03:15	1	1	15	0
   102526	2021-12-03 16:03:24	1	1	15	0
   108469	2021-12-03 16:03:34	1	1	15	0
    10278	2021-12-03 16:04:04	1	1	15	0
    10228	2021-12-03 16:04:27	1	1	15	0
    10309	2021-12-03 16:05:12	1	1	15	0
    10284	2021-12-03 16:05:27	1	1	15	0
   108619	2021-12-03 16:07:50	1	1	15	0
   108613	2021-12-03 17:01:21	1	1	15	0
   108630	2021-12-03 17:01:26	1	1	15	0
   108593	2021-12-03 17:01:43	1	1	15	0
    10080	2021-12-03 17:01:51	1	1	15	0
   101451	2021-12-03 17:02:01	1	1	15	0
   108591	2021-12-03 17:02:07	1	1	15	0
   108617	2021-12-03 17:02:38	1	1	15	0
    10372	2021-12-03 17:03:05	1	1	15	0
    10221	2021-12-03 17:03:17	1	1	15	0
    10221	2021-12-03 17:03:19	1	1	15	0
    10550	2021-12-03 17:03:29	1	1	15	0
    19980	2021-12-03 17:03:56	1	1	15	0
    10033	2021-12-03 17:04:08	1	1	15	0
    10033	2021-12-03 17:04:10	1	1	15	0
   108638	2021-12-03 17:04:16	1	1	15	0
   108678	2021-12-03 17:04:46	1	1	15	0
   108673	2021-12-03 17:05:07	1	1	15	0
   108579	2021-12-03 17:05:15	1	1	15	0
    10073	2021-12-03 17:05:26	1	1	15	0
    10065	2021-12-03 17:05:32	1	1	15	0
   108671	2021-12-03 17:05:41	1	1	15	0
   108667	2021-12-03 17:05:48	1	1	15	0
   108669	2021-12-03 17:05:59	1	1	15	0
   108680	2021-12-03 17:06:26	1	1	15	0
   108611	2021-12-03 17:06:40	1	1	15	0
   108635	2021-12-03 17:06:46	1	1	15	0
   101432	2021-12-03 17:07:16	1	1	15	0
   108677	2021-12-03 17:07:24	1	1	15	0
   108568	2021-12-03 17:07:31	1	1	15	0
   108674	2021-12-03 17:07:41	1	1	15	0
   108515	2021-12-03 17:07:50	1	1	15	0
    10076	2021-12-03 17:08:58	1	1	15	0
   102579	2021-12-03 17:09:47	1	1	15	0
    10063	2021-12-03 17:10:36	1	1	15	0
   108585	2021-12-03 17:16:00	1	1	15	0
    10348	2021-12-03 17:16:55	1	1	15	0
   108549	2021-12-03 17:17:18	1	1	15	0
    10138	2021-12-03 17:20:21	1	1	15	0
   500001	2021-12-03 17:24:47	1	1	15	0
    10159	2021-12-03 17:27:34	1	1	15	0
   108556	2021-12-03 17:31:32	1	1	15	0
   108556	2021-12-03 17:31:35	1	1	15	0
   108523	2021-12-03 17:39:06	1	1	15	0
   108672	2021-12-03 17:43:23	1	1	15	0
   108662	2021-12-03 18:05:58	1	1	15	0
   108610	2021-12-03 18:11:00	1	1	15	0
   108663	2021-12-03 18:11:10	1	1	15	0
    10129	2021-12-03 19:34:08	1	1	15	0
   108533	2021-12-03 20:00:31	1	1	15	0
   102542	2021-12-03 20:00:56	1	1	15	0
   108666	2021-12-03 20:39:28	1	1	15	0
    10456	2021-12-04 06:23:51	1	0	15	0
   108630	2021-12-04 07:08:36	1	0	15	0
   108587	2021-12-04 07:13:02	1	0	15	0
    10278	2021-12-04 07:20:06	1	0	15	0
   108472	2021-12-04 07:21:05	1	0	15	0
   108533	2021-12-04 07:25:06	1	0	15	0
   102542	2021-12-04 07:38:58	1	0	15	0
   108667	2021-12-04 07:44:39	1	0	15	0
   108671	2021-12-04 07:44:52	1	0	15	0
    10033	2021-12-04 07:47:32	1	0	15	0
   108672	2021-12-04 07:47:42	1	0	15	0
   108662	2021-12-04 07:49:17	1	0	15	0
    10309	2021-12-04 07:49:47	1	0	15	0
   108538	2021-12-04 07:53:55	1	0	15	0
   108523	2021-12-04 07:54:16	1	0	15	0
    19980	2021-12-04 07:55:38	1	0	15	0
   108613	2021-12-04 07:56:25	1	0	15	0
   108613	2021-12-04 07:56:27	1	0	15	0
   108673	2021-12-04 08:05:10	1	0	15	0
   108673	2021-12-04 08:05:12	1	0	15	0
    10076	2021-12-04 08:25:45	1	0	15	0
   102579	2021-12-04 08:26:05	1	0	15	0
   108613	2021-12-04 12:32:19	1	0	15	0
   108630	2021-12-04 12:38:52	1	0	15	0
   108672	2021-12-04 15:02:22	1	0	15	0
   108472	2021-12-04 15:08:18	1	0	15	0
   108472	2021-12-04 15:08:43	1	1	15	0
   108538	2021-12-04 15:09:05	1	1	15	0
   108673	2021-12-04 15:42:08	1	1	15	0
    10456	2021-12-04 16:00:09	1	1	15	0
   108587	2021-12-04 16:01:04	1	1	15	0
    10278	2021-12-04 16:01:19	1	1	15	0
   108533	2021-12-04 17:00:35	1	1	15	0
   108533	2021-12-04 17:00:36	1	1	15	0
    10076	2021-12-04 17:01:13	1	1	15	0
   108671	2021-12-04 17:01:27	1	1	15	0
   108667	2021-12-04 17:01:36	1	1	15	0
   108662	2021-12-04 17:01:43	1	1	15	0
   108523	2021-12-04 17:03:08	1	1	15	0
    19980	2021-12-04 17:03:31	1	1	15	0
    19980	2021-12-04 17:03:33	1	1	15	0
   102579	2021-12-04 17:07:13	1	1	15	0
   102542	2021-12-04 17:11:24	1	1	15	0
    10309	2021-12-04 20:00:14	1	1	15	0
    10309	2021-12-05 12:46:19	1	1	15	0
    10309	2021-12-05 20:01:30	1	1	15	0
   101437	2021-12-06 06:19:12	1	0	15	0
   102526	2021-12-06 06:23:55	1	0	15	0
   108617	2021-12-06 06:49:29	1	0	15	0
   108556	2021-12-06 06:51:54	1	0	15	0
    10214	2021-12-06 06:58:30	1	0	15	0
   101451	2021-12-06 07:15:02	1	0	15	0
   108587	2021-12-06 07:15:12	1	0	15	0
   108587	2021-12-06 07:15:15	1	0	15	0
    10159	2021-12-06 07:15:29	1	0	15	0
    10372	2021-12-06 07:15:48	1	0	15	0
   108630	2021-12-06 07:17:13	1	0	15	0
   108635	2021-12-06 07:22:51	1	0	15	0
    10080	2021-12-06 07:24:12	1	0	15	0
    10278	2021-12-06 07:24:45	1	0	15	0
   108593	2021-12-06 07:25:08	1	0	15	0
   108533	2021-12-06 07:28:02	1	0	15	0
   108469	2021-12-06 07:32:22	1	0	15	0
   108585	2021-12-06 07:33:44	1	0	15	0
   108662	2021-12-06 07:36:23	1	0	15	0
    10033	2021-12-06 07:36:37	1	0	15	0
   108638	2021-12-06 07:39:19	1	0	15	0
   108663	2021-12-06 07:39:54	1	0	15	0
   108677	2021-12-06 07:42:11	1	0	15	0
   108669	2021-12-06 07:42:42	1	0	15	0
    10025	2021-12-06 07:43:19	1	0	15	0
    10025	2021-12-06 07:43:22	1	0	15	0
   102542	2021-12-06 07:43:49	1	0	15	0
   108619	2021-12-06 07:44:33	1	0	15	0
   108568	2021-12-06 07:45:11	1	0	15	0
   108610	2021-12-06 07:45:27	1	0	15	0
   108538	2021-12-06 07:45:47	1	0	15	0
   108549	2021-12-06 07:46:52	1	0	15	0
   101432	2021-12-06 07:48:37	1	0	15	0
   108523	2021-12-06 07:49:56	1	0	15	0
   108672	2021-12-06 07:50:02	1	0	15	0
    10129	2021-12-06 07:50:11	1	0	15	0
   108667	2021-12-06 07:50:30	1	0	15	0
    10284	2021-12-06 07:50:41	1	0	15	0
   108489	2021-12-06 07:52:16	1	0	15	0
   102524	2021-12-06 07:52:32	1	0	15	0
   108674	2021-12-06 07:53:23	1	0	15	0
    10032	2021-12-06 07:53:38	1	0	15	0
    10221	2021-12-06 07:55:18	1	0	15	0
    10228	2021-12-06 07:57:16	1	0	15	0
   108591	2021-12-06 07:58:54	1	0	15	0
    10309	2021-12-06 07:59:04	1	0	15	0
    19980	2021-12-06 07:59:40	1	0	15	0
   108678	2021-12-06 07:59:49	1	0	15	0
   108666	2021-12-06 08:04:49	1	0	15	0
   108579	2021-12-06 08:05:03	1	0	15	0
   108613	2021-12-06 08:05:13	1	0	15	0
    10138	2021-12-06 08:05:52	1	0	15	0
   500001	2021-12-06 08:06:57	1	0	15	0
    10458	2021-12-06 08:08:25	1	0	15	0
   108611	2021-12-06 08:12:03	1	0	15	0
    10076	2021-12-06 08:16:20	1	0	15	0
   108671	2021-12-06 08:16:28	1	0	15	0
    10550	2021-12-06 08:34:12	1	0	15	0
   102579	2021-12-06 08:41:58	1	0	15	0
   108515	2021-12-06 08:56:25	1	0	15	0
   108672	2021-12-06 12:52:13	1	0	15	0
   108538	2021-12-06 16:06:01	1	1	15	0
    10550	2021-12-06 16:07:08	1	1	15	0
    10228	2021-12-06 16:08:17	1	1	15	0
   108549	2021-12-06 16:49:49	1	1	15	0
   108619	2021-12-06 16:49:55	1	1	15	0
    10214	2021-12-06 16:50:04	1	1	15	0
    10278	2021-12-06 16:50:14	1	1	15	0
    10284	2021-12-06 16:51:00	1	1	15	0
    10348	2021-12-06 16:51:19	1	1	15	0
    10138	2021-12-06 16:54:51	1	1	15	0
   101437	2021-12-06 16:55:25	1	1	15	0
   108469	2021-12-06 16:56:06	1	1	15	0
   108613	2021-12-06 17:01:18	1	1	15	0
    10309	2021-12-06 17:01:24	1	1	15	0
   108630	2021-12-06 17:01:32	1	1	15	0
    19980	2021-12-06 17:01:42	1	1	15	0
   108593	2021-12-06 17:01:54	1	1	15	0
    10080	2021-12-06 17:02:02	1	1	15	0
   102526	2021-12-06 17:02:15	1	1	15	0
   101451	2021-12-06 17:02:20	1	1	15	0
   108587	2021-12-06 17:02:30	1	1	15	0
   108587	2021-12-06 17:02:32	1	1	15	0
   108533	2021-12-06 17:02:37	1	1	15	0
   108617	2021-12-06 17:02:49	1	1	15	0
   102524	2021-12-06 17:02:57	1	1	15	0
   108579	2021-12-06 17:03:03	1	1	15	0
    10372	2021-12-06 17:03:39	1	1	15	0
   101432	2021-12-06 17:03:55	1	1	15	0
   108489	2021-12-06 17:04:04	1	1	15	0
    10372	2021-12-06 17:04:19	1	1	15	0
   102542	2021-12-06 17:04:25	1	1	15	0
   108669	2021-12-06 17:04:39	1	1	15	0
   108611	2021-12-06 17:04:48	1	1	15	0
   108667	2021-12-06 17:05:31	1	1	15	0
    10221	2021-12-06 17:05:48	1	1	15	0
    10025	2021-12-06 17:06:58	1	1	15	0
    10025	2021-12-06 17:07:06	1	1	15	0
   108663	2021-12-06 17:07:17	1	1	15	0
   108523	2021-12-06 17:07:23	1	1	15	0
    10065	2021-12-06 17:07:31	1	1	15	0
    10033	2021-12-06 17:07:44	1	1	15	0
   108591	2021-12-06 17:08:54	1	1	15	0
   108638	2021-12-06 17:09:36	1	1	15	0
   108677	2021-12-06 17:10:38	1	1	15	0
    10458	2021-12-06 17:11:41	1	1	15	0
   108635	2021-12-06 17:13:13	1	1	15	0
   108585	2021-12-06 17:14:48	1	1	15	0
    10159	2021-12-06 17:20:14	1	1	15	0
   108678	2021-12-06 17:26:35	1	1	15	0
   108515	2021-12-06 17:39:36	1	1	15	0
   102579	2021-12-06 17:40:13	1	1	15	0
   108671	2021-12-06 17:40:47	1	1	15	0
    10076	2021-12-06 17:43:26	1	1	15	0
   500001	2021-12-06 17:43:45	1	1	15	0
   108556	2021-12-06 17:50:06	1	1	15	0
   108568	2021-12-06 17:55:52	1	1	15	0
   108666	2021-12-06 17:56:30	1	1	15	0
   108674	2021-12-06 17:56:39	1	1	15	0
    10032	2021-12-06 18:51:51	1	1	15	0
   108662	2021-12-06 18:54:44	1	1	15	0
    10129	2021-12-06 19:09:55	1	1	15	0
   108610	2021-12-06 19:14:16	1	1	15	0
    10214	2021-12-07 06:02:15	1	0	15	0
   102526	2021-12-07 06:21:03	1	0	15	0
   108549	2021-12-07 06:28:17	1	0	15	0
   108619	2021-12-07 06:37:32	1	0	15	0
    10456	2021-12-07 06:41:57	1	0	15	0
   108617	2021-12-07 06:52:31	1	0	15	0
   108635	2021-12-07 06:58:23	1	0	15	0
   108556	2021-12-07 07:10:25	1	0	15	0
    10065	2021-12-07 07:12:50	1	0	15	0
    10278	2021-12-07 07:19:05	1	0	15	0
    10372	2021-12-07 07:21:22	1	0	15	0
   108585	2021-12-07 07:21:51	1	0	15	0
   101451	2021-12-07 07:22:29	1	0	15	0
   108472	2021-12-07 07:24:08	1	0	15	0
   108587	2021-12-07 07:27:11	1	0	15	0
   108593	2021-12-07 07:27:28	1	0	15	0
    10080	2021-12-07 07:28:58	1	0	15	0
   108663	2021-12-07 07:29:37	1	0	15	0
   108663	2021-12-07 07:29:40	1	0	15	0
   108662	2021-12-07 07:31:31	1	0	15	0
    10159	2021-12-07 07:34:28	1	0	15	0
   108677	2021-12-07 07:35:26	1	0	15	0
   108669	2021-12-07 07:37:11	1	0	15	0
   108654	2021-12-07 07:38:35	1	0	15	0
   108469	2021-12-07 07:43:23	1	0	15	0
   108638	2021-12-07 07:43:43	1	0	15	0
    10033	2021-12-07 07:44:45	1	0	15	0
    10221	2021-12-07 07:45:04	1	0	15	0
   108538	2021-12-07 07:46:05	1	0	15	0
   108523	2021-12-07 07:46:32	1	0	15	0
   108610	2021-12-07 07:46:54	1	0	15	0
   102542	2021-12-07 07:47:42	1	0	15	0
   102542	2021-12-07 07:47:44	1	0	15	0
   108568	2021-12-07 07:47:51	1	0	15	0
   108672	2021-12-07 07:49:33	1	0	15	0
   108672	2021-12-07 07:49:35	1	0	15	0
    10228	2021-12-07 07:51:28	1	0	15	0
   108680	2021-12-07 07:51:43	1	0	15	0
   108674	2021-12-07 07:51:52	1	0	15	0
   101432	2021-12-07 07:52:01	1	0	15	0
   108667	2021-12-07 07:52:10	1	0	15	0
    10309	2021-12-07 07:55:47	1	0	15	0
    19980	2021-12-07 07:57:05	1	0	15	0
   108489	2021-12-07 07:57:42	1	0	15	0
   102524	2021-12-07 07:58:03	1	0	15	0
    10129	2021-12-07 08:00:41	1	0	15	0
    10284	2021-12-07 08:01:51	1	0	15	0
   108678	2021-12-07 08:04:15	1	0	15	0
   108579	2021-12-07 08:04:33	1	0	15	0
   108666	2021-12-07 08:05:12	1	0	15	0
    10138	2021-12-07 08:05:46	1	0	15	0
   500001	2021-12-07 08:06:17	1	0	15	0
   108591	2021-12-07 08:06:44	1	0	15	0
    10076	2021-12-07 08:07:07	1	0	15	0
    10063	2021-12-07 08:07:16	1	0	15	0
   108671	2021-12-07 08:07:24	1	0	15	0
    10458	2021-12-07 08:08:37	1	0	15	0
   108611	2021-12-07 08:09:54	1	0	15	0
   108613	2021-12-07 08:10:37	1	0	15	0
   102579	2021-12-07 08:27:38	1	0	15	0
    10073	2021-12-07 08:35:18	1	0	15	0
   108663	2021-12-07 12:03:31	1	0	15	0
   108538	2021-12-07 16:04:29	1	1	15	0
    10214	2021-12-07 16:04:38	1	1	15	0
   108619	2021-12-07 16:04:45	1	1	15	0
   108619	2021-12-07 16:04:48	1	1	15	0
   108472	2021-12-07 16:05:03	1	1	15	0
    10025	2021-12-07 16:08:42	1	1	15	0
   108469	2021-12-07 16:09:16	1	1	15	0
    10456	2021-12-07 16:09:57	1	1	15	0
    10138	2021-12-07 16:10:45	1	1	15	0
    10278	2021-12-07 16:13:44	1	1	15	0
   108549	2021-12-07 16:15:02	1	1	15	0
   108549	2021-12-07 16:15:05	1	1	15	0
    10309	2021-12-07 16:16:00	1	1	15	0
   102526	2021-12-07 16:16:30	1	1	15	0
   108613	2021-12-07 17:00:58	1	1	15	0
   108654	2021-12-07 17:01:07	1	1	15	0
   108593	2021-12-07 17:01:12	1	1	15	0
    10080	2021-12-07 17:01:21	1	1	15	0
   101432	2021-12-07 17:01:55	1	1	15	0
   102524	2021-12-07 17:02:03	1	1	15	0
   101451	2021-12-07 17:02:09	1	1	15	0
    10372	2021-12-07 17:02:25	1	1	15	0
    10221	2021-12-07 17:02:43	1	1	15	0
   108617	2021-12-07 17:02:51	1	1	15	0
   108587	2021-12-07 17:03:13	1	1	15	0
   108587	2021-12-07 17:03:16	1	1	15	0
    10033	2021-12-07 17:03:53	1	1	15	0
    19980	2021-12-07 17:04:11	1	1	15	0
   108611	2021-12-07 17:04:28	1	1	15	0
    10065	2021-12-07 17:04:48	1	1	15	0
   108579	2021-12-07 17:05:04	1	1	15	0
   108489	2021-12-07 17:05:25	1	1	15	0
   108669	2021-12-07 17:05:35	1	1	15	0
   108680	2021-12-07 17:05:41	1	1	15	0
   108677	2021-12-07 17:06:13	1	1	15	0
    10063	2021-12-07 17:06:53	1	1	15	0
   108591	2021-12-07 17:07:48	1	1	15	0
    10076	2021-12-07 17:10:41	1	1	15	0
   500001	2021-12-07 17:15:13	1	1	15	0
   108672	2021-12-07 17:19:14	1	1	15	0
    10458	2021-12-07 17:19:56	1	1	15	0
   108515	2021-12-07 17:20:14	1	1	15	0
   108638	2021-12-07 17:23:32	1	1	15	0
   108667	2021-12-07 17:24:51	1	1	15	0
   108662	2021-12-07 17:25:00	1	1	15	0
   108635	2021-12-07 17:25:27	1	1	15	0
    10159	2021-12-07 17:28:41	1	1	15	0
   108556	2021-12-07 17:29:45	1	1	15	0
   108585	2021-12-07 17:36:21	1	1	15	0
   108671	2021-12-07 17:44:49	1	1	15	0
   108674	2021-12-07 17:45:03	1	1	15	0
   102579	2021-12-07 17:46:47	1	1	15	0
   108568	2021-12-07 17:50:04	1	1	15	0
   108523	2021-12-07 18:04:49	1	1	15	0
   102542	2021-12-07 18:20:25	1	1	15	0
    10129	2021-12-07 18:25:30	1	1	15	0
   108610	2021-12-07 18:42:58	1	1	15	0
   108666	2021-12-07 19:12:18	1	1	15	0
    10284	2021-12-07 22:02:31	1	1	15	0
    10284	2021-12-07 22:02:33	1	1	15	0
    10228	2021-12-07 22:02:55	1	1	15	0
    10159	2021-12-09 06:28:11	1	1	15	0
   101437	2021-12-09 06:39:34	1	0	15	0
    10456	2021-12-09 06:39:47	1	0	15	0
   102526	2021-12-09 06:57:18	1	0	15	0
   108630	2021-12-09 07:03:44	1	0	15	0
    10033	2021-12-09 07:04:01	1	0	15	0
   108469	2021-12-09 07:05:15	1	0	15	0
   108556	2021-12-09 07:10:04	1	0	15	0
   108593	2021-12-09 07:18:02	1	0	15	0
   108635	2021-12-09 07:18:22	1	0	15	0
    10356	2021-12-09 07:21:18	1	0	15	0
   101451	2021-12-09 07:21:45	1	0	15	0
    10214	2021-12-09 07:22:17	1	0	15	0
   108662	2021-12-09 07:24:35	1	0	15	0
   108585	2021-12-09 07:25:02	1	0	15	0
   108472	2021-12-09 07:29:21	1	0	15	0
    10080	2021-12-09 07:32:15	1	0	15	0
    10372	2021-12-09 07:35:30	1	0	15	0
   108591	2021-12-09 07:37:16	1	0	15	0
   108538	2021-12-09 07:37:38	1	0	15	0
   108533	2021-12-09 07:37:49	1	0	15	0
   108610	2021-12-09 07:39:24	1	0	15	0
   108549	2021-12-09 07:40:04	1	0	15	0
   108523	2021-12-09 07:40:13	1	0	15	0
    10278	2021-12-09 07:40:32	1	0	15	0
   102542	2021-12-09 07:40:40	1	0	15	0
    10065	2021-12-09 07:42:40	1	0	15	0
   108617	2021-12-09 07:43:08	1	0	15	0
   108619	2021-12-09 07:43:13	1	0	15	0
    10025	2021-12-09 07:43:31	1	0	15	0
   108677	2021-12-09 07:43:55	1	0	15	0
   108667	2021-12-09 07:48:57	1	0	15	0
    10221	2021-12-09 07:50:40	1	0	15	0
    10129	2021-12-09 07:52:02	1	0	15	0
   108638	2021-12-09 07:53:06	1	0	15	0
   108672	2021-12-09 07:54:12	1	0	15	0
   108674	2021-12-09 07:54:39	1	0	15	0
   500001	2021-12-09 07:56:55	1	0	15	0
   108489	2021-12-09 07:57:17	1	0	15	0
   102524	2021-12-09 07:57:32	1	0	15	0
   108669	2021-12-09 07:57:41	1	0	15	0
   108680	2021-12-09 07:57:59	1	0	15	0
   101432	2021-12-09 07:58:12	1	0	15	0
    10284	2021-12-09 08:02:05	1	0	15	0
   108613	2021-12-09 08:02:23	1	0	15	0
   108579	2021-12-09 08:02:30	1	0	15	0
   108579	2021-12-09 08:02:32	1	0	15	0
    10309	2021-12-09 08:02:56	1	0	15	0
   108587	2021-12-09 08:05:46	1	0	15	0
   108663	2021-12-09 08:10:26	1	0	15	0
   108666	2021-12-09 08:12:23	1	0	15	0
    10138	2021-12-09 08:12:36	1	0	15	0
    19980	2021-12-09 08:13:12	1	0	15	0
    19980	2021-12-09 08:13:14	1	0	15	0
   108568	2021-12-09 08:15:17	1	0	15	0
    10348	2021-12-09 08:16:14	1	0	15	0
   108611	2021-12-09 08:18:17	1	0	15	0
    10458	2021-12-09 08:30:39	1	0	15	0
   102544	2021-12-09 08:31:31	1	0	15	0
   108673	2021-12-09 08:32:04	1	0	15	0
    10076	2021-12-09 08:32:17	1	0	15	0
    10063	2021-12-09 08:32:28	1	0	15	0
   108671	2021-12-09 08:32:37	1	0	15	0
    10550	2021-12-09 08:39:58	1	0	15	0
    10550	2021-12-09 08:40:00	1	0	15	0
   102579	2021-12-09 08:43:12	1	0	15	0
    10073	2021-12-09 08:47:49	1	0	15	0
   108515	2021-12-09 08:59:42	1	0	15	0
    10550	2021-12-09 12:04:52	1	0	15	0
    10025	2021-12-09 13:29:32	1	0	15	0
   108630	2021-12-09 16:02:03	1	0	15	0
   101437	2021-12-09 16:02:19	1	1	15	0
   108538	2021-12-09 16:02:27	1	1	15	0
    10284	2021-12-09 16:02:35	1	1	15	0
   108472	2021-12-09 16:02:40	1	1	15	0
    10214	2021-12-09 16:02:48	1	1	15	0
   108619	2021-12-09 16:02:55	1	1	15	0
   108549	2021-12-09 16:03:05	1	1	15	0
    10356	2021-12-09 16:03:15	1	1	15	0
    10456	2021-12-09 16:03:22	1	1	15	0
    10138	2021-12-09 16:03:41	1	1	15	0
   108587	2021-12-09 16:04:31	1	1	15	0
   108587	2021-12-09 16:04:33	1	1	15	0
   102526	2021-12-09 16:04:59	1	1	15	0
    10309	2021-12-09 16:06:18	1	1	15	0
    10278	2021-12-09 16:08:35	1	1	15	0
   108469	2021-12-09 16:10:30	1	1	15	0
   102544	2021-12-09 16:13:38	1	1	15	0
   108613	2021-12-09 17:01:09	1	1	15	0
   108593	2021-12-09 17:01:15	1	1	15	0
    10080	2021-12-09 17:01:24	1	1	15	0
   101451	2021-12-09 17:01:41	1	1	15	0
   101432	2021-12-09 17:01:59	1	1	15	0
   108533	2021-12-09 17:02:07	1	1	15	0
   108617	2021-12-09 17:02:17	1	1	15	0
   108515	2021-12-09 17:02:24	1	1	15	0
   108579	2021-12-09 17:02:38	1	1	15	0
    19980	2021-12-09 17:02:51	1	1	15	0
    10372	2021-12-09 17:02:58	1	1	15	0
    10076	2021-12-09 17:03:21	1	1	15	0
    10033	2021-12-09 17:03:38	1	1	15	0
    10033	2021-12-09 17:03:40	1	1	15	0
   108677	2021-12-09 17:04:06	1	1	15	0
   102524	2021-12-09 17:04:18	1	1	15	0
   108489	2021-12-09 17:04:28	1	1	15	0
   108638	2021-12-09 17:04:40	1	1	15	0
   500001	2021-12-09 17:05:09	1	1	15	0
    10063	2021-12-09 17:05:41	1	1	15	0
    10221	2021-12-09 17:05:52	1	1	15	0
   108669	2021-12-09 17:06:45	1	1	15	0
   108680	2021-12-09 17:07:21	1	1	15	0
   102542	2021-12-09 17:09:51	1	1	15	0
    10065	2021-12-09 17:10:37	1	1	15	0
   108667	2021-12-09 17:14:16	1	1	15	0
   108671	2021-12-09 17:14:51	1	1	15	0
    10159	2021-12-09 17:16:47	1	1	15	0
   108591	2021-12-09 17:20:45	1	1	15	0
   108585	2021-12-09 17:20:58	1	1	15	0
   108585	2021-12-09 17:21:01	1	1	15	0
   108556	2021-12-09 17:24:17	1	1	15	0
   108672	2021-12-09 17:32:10	1	1	15	0
    10458	2021-12-09 17:37:26	1	1	15	0
    10458	2021-12-09 17:37:28	1	1	15	0
   108568	2021-12-09 17:43:41	1	1	15	0
   108666	2021-12-09 17:44:00	1	1	15	0
   108674	2021-12-09 17:44:06	1	1	15	0
   108663	2021-12-09 17:46:49	1	1	15	0
   108635	2021-12-09 17:51:02	1	1	15	0
   108610	2021-12-09 18:08:32	1	1	15	0
   108523	2021-12-09 18:12:39	1	1	15	0
   108678	2021-12-09 18:12:50	1	1	15	0
   102579	2021-12-09 18:36:28	1	1	15	0
   108673	2021-12-09 18:37:32	1	1	15	0
   108662	2021-12-09 18:37:39	1	1	15	0
    10129	2021-12-09 19:25:47	1	1	15	0
    10129	2021-12-09 19:35:40	1	1	15	0
   101437	2021-12-10 06:15:22	1	0	15	0
    10456	2021-12-10 06:22:01	1	0	15	0
   102526	2021-12-10 06:24:44	1	0	15	0
   108617	2021-12-10 06:50:24	1	0	15	0
   108587	2021-12-10 07:06:02	1	0	15	0
   108587	2021-12-10 07:06:04	1	0	15	0
    10214	2021-12-10 07:07:19	1	0	15	0
    10356	2021-12-10 07:08:07	1	0	15	0
   108635	2021-12-10 07:11:09	1	0	15	0
    10372	2021-12-10 07:12:10	1	0	15	0
   108630	2021-12-10 07:13:47	1	0	15	0
    10278	2021-12-10 07:19:01	1	0	15	0
   108568	2021-12-10 07:20:43	1	0	15	0
   108533	2021-12-10 07:21:42	1	0	15	0
   108472	2021-12-10 07:22:05	1	0	15	0
   108585	2021-12-10 07:28:36	1	0	15	0
    10159	2021-12-10 07:30:58	1	0	15	0
   108593	2021-12-10 07:31:14	1	0	15	0
    10033	2021-12-10 07:34:54	1	0	15	0
    10033	2021-12-10 07:34:56	1	0	15	0
   108673	2021-12-10 07:35:13	1	0	15	0
   108638	2021-12-10 07:36:17	1	0	15	0
   108654	2021-12-10 07:40:15	1	0	15	0
   108619	2021-12-10 07:42:15	1	0	15	0
   108674	2021-12-10 07:42:53	1	0	15	0
    10221	2021-12-10 07:43:18	1	0	15	0
   108523	2021-12-10 07:43:24	1	0	15	0
    10080	2021-12-10 07:43:35	1	0	15	0
    10065	2021-12-10 07:43:43	1	0	15	0
   108677	2021-12-10 07:44:16	1	0	15	0
   108669	2021-12-10 07:45:26	1	0	15	0
   102542	2021-12-10 07:46:26	1	0	15	0
   108538	2021-12-10 07:46:37	1	0	15	0
   108549	2021-12-10 07:46:48	1	0	15	0
    10025	2021-12-10 07:47:31	1	0	15	0
   108610	2021-12-10 07:50:44	1	0	15	0
   101432	2021-12-10 07:50:58	1	0	15	0
   108662	2021-12-10 07:51:08	1	0	15	0
   108556	2021-12-10 07:51:30	1	0	15	0
   108667	2021-12-10 07:51:47	1	0	15	0
   108489	2021-12-10 07:52:21	1	0	15	0
   102524	2021-12-10 07:52:33	1	0	15	0
   108680	2021-12-10 07:54:14	1	0	15	0
    10284	2021-12-10 07:55:28	1	0	15	0
    19980	2021-12-10 07:56:03	1	0	15	0
    10228	2021-12-10 07:57:08	1	0	15	0
   108613	2021-12-10 07:57:17	1	0	15	0
   108663	2021-12-10 07:57:28	1	0	15	0
    10309	2021-12-10 07:59:34	1	0	15	0
   108672	2021-12-10 08:04:17	1	0	15	0
    10138	2021-12-10 08:05:38	1	0	15	0
    10348	2021-12-10 08:05:50	1	0	15	0
   108666	2021-12-10 08:06:00	1	0	15	0
   108611	2021-12-10 08:09:49	1	0	15	0
   108579	2021-12-10 08:10:22	1	0	15	0
    10458	2021-12-10 08:11:05	1	0	15	0
    10129	2021-12-10 08:12:14	1	0	15	0
    10076	2021-12-10 08:13:43	1	0	15	0
    10063	2021-12-10 08:13:51	1	0	15	0
   108671	2021-12-10 08:13:59	1	0	15	0
   102544	2021-12-10 08:18:42	1	0	15	0
   500001	2021-12-10 08:19:06	1	0	15	0
   108591	2021-12-10 08:21:55	1	0	15	0
    10550	2021-12-10 08:25:20	1	0	15	0
    10073	2021-12-10 08:41:53	1	0	15	0
   108515	2021-12-10 09:02:27	1	0	15	0
   102579	2021-12-10 09:11:31	1	0	15	0
