    10214	2021-07-12 02:49:51	1	1	15	0
    10214	2021-07-12 02:49:54	1	1	15	0
    10348	2021-07-12 03:02:41	1	1	15	0
    10456	2021-07-12 06:00:23	1	0	15	0
   102542	2021-07-12 06:16:56	1	0	15	0
   101437	2021-07-12 06:17:18	1	0	15	0
   102526	2021-07-12 06:27:23	1	0	15	0
   108654	2021-07-12 06:27:37	1	0	15	0
    10372	2021-07-12 06:29:25	1	0	15	0
   108617	2021-07-12 06:41:27	1	0	15	0
   108662	2021-07-12 06:51:26	1	0	15	0
    10159	2021-07-12 06:54:55	1	0	15	0
   108593	2021-07-12 06:57:47	1	0	15	0
   108533	2021-07-12 06:58:57	1	0	15	0
   108472	2021-07-12 07:07:50	1	0	15	0
   108587	2021-07-12 07:08:09	1	0	15	0
   108587	2021-07-12 07:08:11	1	0	15	0
    10080	2021-07-12 07:09:08	1	0	15	0
    10278	2021-07-12 07:13:27	1	0	15	0
   101451	2021-07-12 07:13:36	1	0	15	0
   108668	2021-07-12 07:20:00	1	0	15	0
   108670	2021-07-12 07:20:17	1	0	15	0
   108672	2021-07-12 07:27:16	1	0	15	0
   108672	2021-07-12 07:27:18	1	0	15	0
    10033	2021-07-12 07:27:56	1	0	15	0
   108538	2021-07-12 07:28:10	1	0	15	0
   108658	2021-07-12 07:31:34	1	0	15	0
   108667	2021-07-12 07:31:47	1	0	15	0
   108610	2021-07-12 07:31:57	1	0	15	0
   108669	2021-07-12 07:36:13	1	0	15	0
   108556	2021-07-12 07:36:38	1	0	15	0
   108568	2021-07-12 07:37:11	1	0	15	0
   108489	2021-07-12 07:39:13	1	0	15	0
   108663	2021-07-12 07:39:26	1	0	15	0
   102524	2021-07-12 07:39:41	1	0	15	0
   108585	2021-07-12 07:40:51	1	0	15	0
    10065	2021-07-12 07:43:05	1	0	15	0
   108469	2021-07-12 07:44:35	1	0	15	0
    10032	2021-07-12 07:45:09	1	0	15	0
   108638	2021-07-12 07:45:39	1	0	15	0
    10221	2021-07-12 07:46:17	1	0	15	0
   108674	2021-07-12 07:46:42	1	0	15	0
   108579	2021-07-12 07:49:48	1	0	15	0
    10284	2021-07-12 07:50:20	1	0	15	0
    10129	2021-07-12 07:50:29	1	0	15	0
   108613	2021-07-12 07:51:06	1	0	15	0
   108630	2021-07-12 07:51:34	1	0	15	0
    10063	2021-07-12 07:59:25	1	0	15	0
   108523	2021-07-12 07:59:33	1	0	15	0
   108671	2021-07-12 07:59:48	1	0	15	0
   108673	2021-07-12 07:59:53	1	0	15	0
   108598	2021-07-12 08:00:07	1	0	15	0
    10309	2021-07-12 08:02:09	1	0	15	0
   500001	2021-07-12 08:02:25	1	0	15	0
   101432	2021-07-12 08:03:31	1	0	15	0
    19980	2021-07-12 08:06:20	1	0	15	0
    10138	2021-07-12 08:07:14	1	0	15	0
    10228	2021-07-12 08:09:05	1	0	15	0
   108666	2021-07-12 08:13:30	1	0	15	0
   108635	2021-07-12 08:15:50	1	0	15	0
   108591	2021-07-12 08:15:59	1	0	15	0
   102579	2021-07-12 08:16:17	1	0	15	0
    10127	2021-07-12 08:20:54	1	0	15	0
   108611	2021-07-12 08:26:47	1	0	15	0
   108549	2021-07-12 08:30:18	1	0	15	0
   108515	2021-07-12 08:55:33	1	0	15	0
    10076	2021-07-12 09:40:12	1	0	15	0
    10550	2021-07-12 10:52:46	1	0	15	0
    10356	2021-07-12 13:00:19	1	1	15	0
    10214	2021-07-12 13:00:31	1	1	15	0
    10348	2021-07-12 13:00:48	1	1	15	0
   108593	2021-07-12 16:00:46	1	1	15	0
    10309	2021-07-12 16:01:01	1	1	15	0
   108630	2021-07-12 16:01:07	1	1	15	0
   108549	2021-07-12 16:01:40	1	1	15	0
    10284	2021-07-12 16:02:39	1	1	15	0
   102526	2021-07-12 16:04:02	1	1	15	0
   108587	2021-07-12 16:05:45	1	1	15	0
    10138	2021-07-12 16:07:48	1	1	15	0
    10372	2021-07-12 16:14:35	1	1	15	0
   101437	2021-07-12 16:15:01	1	1	15	0
   108654	2021-07-12 16:15:41	1	1	15	0
    10228	2021-07-12 16:33:35	1	1	15	0
   108469	2021-07-12 16:39:56	1	1	15	0
   108613	2021-07-12 17:00:31	1	1	15	0
   108533	2021-07-12 17:00:50	1	1	15	0
   108617	2021-07-12 17:01:03	1	1	15	0
   101451	2021-07-12 17:01:25	1	1	15	0
    10080	2021-07-12 17:01:35	1	1	15	0
    10550	2021-07-12 17:01:43	1	1	15	0
    19980	2021-07-12 17:02:09	1	1	15	0
   108670	2021-07-12 17:02:24	1	1	15	0
   108668	2021-07-12 17:02:32	1	1	15	0
   108489	2021-07-12 17:02:42	1	1	15	0
   108669	2021-07-12 17:02:56	1	1	15	0
   108638	2021-07-12 17:03:04	1	1	15	0
   101432	2021-07-12 17:03:27	1	1	15	0
   108579	2021-07-12 17:03:33	1	1	15	0
   108673	2021-07-12 17:03:41	1	1	15	0
   102524	2021-07-12 17:03:54	1	1	15	0
    10221	2021-07-12 17:04:31	1	1	15	0
    10456	2021-07-12 17:04:51	1	1	15	0
   108611	2021-07-12 17:05:17	1	1	15	0
    10278	2021-07-12 17:06:19	1	1	15	0
    10065	2021-07-12 17:06:45	1	1	15	0
   108515	2021-07-12 17:07:29	1	1	15	0
   108591	2021-07-12 17:07:36	1	1	15	0
    10033	2021-07-12 17:08:33	1	1	15	0
   108568	2021-07-12 17:08:53	1	1	15	0
   108556	2021-07-12 17:09:12	1	1	15	0
   108674	2021-07-12 17:10:00	1	1	15	0
   108610	2021-07-12 17:10:07	1	1	15	0
   108671	2021-07-12 17:10:57	1	1	15	0
    10076	2021-07-12 17:11:17	1	1	15	0
   108598	2021-07-12 17:12:55	1	1	15	0
   108663	2021-07-12 17:13:04	1	1	15	0
    10127	2021-07-12 17:13:28	1	1	15	0
   102542	2021-07-12 17:13:41	1	1	15	0
   108585	2021-07-12 17:16:01	1	1	15	0
   108585	2021-07-12 17:16:04	1	1	15	0
   108635	2021-07-12 17:16:33	1	1	15	0
   108667	2021-07-12 17:17:00	1	1	15	0
   108667	2021-07-12 17:17:02	1	1	15	0
    10159	2021-07-12 17:18:26	1	1	15	0
   500001	2021-07-12 17:20:58	1	1	15	0
    10032	2021-07-12 17:23:40	1	1	15	0
   108672	2021-07-12 18:06:09	1	1	15	0
   108538	2021-07-12 18:30:09	1	1	15	0
   108472	2021-07-12 18:30:19	1	1	15	0
    10129	2021-07-12 19:00:22	1	1	15	0
   108666	2021-07-12 19:04:39	1	1	15	0
   102579	2021-07-12 19:23:20	1	1	15	0
   108523	2021-07-12 20:33:58	1	1	15	0
   108658	2021-07-12 21:18:32	1	1	15	0
   108662	2021-07-12 21:18:56	1	1	15	0
    10456	2021-07-13 05:42:34	1	0	15	0
   101437	2021-07-13 06:10:17	1	0	15	0
   101437	2021-07-13 06:10:19	1	0	15	0
   102526	2021-07-13 06:22:15	1	0	15	0
    10372	2021-07-13 06:23:14	1	0	15	0
   108617	2021-07-13 06:29:40	1	0	15	0
   108654	2021-07-13 06:42:22	1	0	15	0
   108668	2021-07-13 06:59:45	1	0	15	0
    10278	2021-07-13 07:04:47	1	0	15	0
    10214	2021-07-13 07:06:46	1	0	15	0
   108533	2021-07-13 07:07:09	1	0	15	0
    10356	2021-07-13 07:07:18	1	0	15	0
   101451	2021-07-13 07:12:31	1	0	15	0
   108630	2021-07-13 07:13:38	1	0	15	0
   108472	2021-07-13 07:14:39	1	0	15	0
   108593	2021-07-13 07:17:27	1	0	15	0
   108662	2021-07-13 07:18:27	1	0	15	0
   108556	2021-07-13 07:21:20	1	0	15	0
   108523	2021-07-13 07:24:24	1	0	15	0
    10065	2021-07-13 07:26:40	1	0	15	0
   108568	2021-07-13 07:26:52	1	0	15	0
   102544	2021-07-13 07:27:40	1	0	15	0
   108663	2021-07-13 07:28:06	1	0	15	0
   108658	2021-07-13 07:30:31	1	0	15	0
   108673	2021-07-13 07:30:53	1	0	15	0
   108585	2021-07-13 07:32:42	1	0	15	0
   108610	2021-07-13 07:32:57	1	0	15	0
   108538	2021-07-13 07:33:23	1	0	15	0
   108669	2021-07-13 07:33:57	1	0	15	0
    10033	2021-07-13 07:34:23	1	0	15	0
    10080	2021-07-13 07:38:31	1	0	15	0
    10080	2021-07-13 07:38:33	1	0	15	0
   108667	2021-07-13 07:39:12	1	0	15	0
    10284	2021-07-13 07:41:06	1	0	15	0
   108489	2021-07-13 07:42:10	1	0	15	0
   108469	2021-07-13 07:42:40	1	0	15	0
   102542	2021-07-13 07:42:53	1	0	15	0
    10221	2021-07-13 07:44:40	1	0	15	0
   108672	2021-07-13 07:44:54	1	0	15	0
   108549	2021-07-13 07:45:50	1	0	15	0
   101432	2021-07-13 07:46:14	1	0	15	0
   108674	2021-07-13 07:46:28	1	0	15	0
   108579	2021-07-13 07:46:38	1	0	15	0
   108638	2021-07-13 07:48:43	1	0	15	0
    10063	2021-07-13 07:50:41	1	0	15	0
    10076	2021-07-13 07:50:52	1	0	15	0
   108671	2021-07-13 07:51:00	1	0	15	0
    10129	2021-07-13 07:51:09	1	0	15	0
    10228	2021-07-13 07:51:38	1	0	15	0
    19980	2021-07-13 07:53:34	1	0	15	0
   108619	2021-07-13 07:56:20	1	0	15	0
    10032	2021-07-13 07:56:55	1	0	15	0
   108591	2021-07-13 07:57:32	1	0	15	0
    10309	2021-07-13 07:58:35	1	0	15	0
   500001	2021-07-13 07:59:48	1	0	15	0
   108598	2021-07-13 07:59:55	1	0	15	0
   108635	2021-07-13 08:02:41	1	0	15	0
   108666	2021-07-13 08:04:00	1	0	15	0
    10348	2021-07-13 08:05:44	1	0	15	0
   108613	2021-07-13 08:09:41	1	0	15	0
    10550	2021-07-13 08:10:06	1	0	15	0
    10138	2021-07-13 08:12:24	1	0	15	0
   108611	2021-07-13 08:17:01	1	0	15	0
   108515	2021-07-13 08:29:46	1	0	15	0
   102579	2021-07-13 08:46:09	1	0	15	0
    10458	2021-07-13 09:05:26	1	0	15	0
   102524	2021-07-13 10:27:58	1	0	15	0
   108587	2021-07-13 10:41:54	1	0	15	0
   108587	2021-07-13 10:41:57	1	0	15	0
   108593	2021-07-13 16:00:05	1	1	15	0
   108654	2021-07-13 16:00:50	1	1	15	0
   108533	2021-07-13 16:00:59	1	1	15	0
   108630	2021-07-13 16:01:05	1	1	15	0
   108538	2021-07-13 16:01:15	1	1	15	0
    10372	2021-07-13 16:01:24	1	1	15	0
   101437	2021-07-13 16:01:53	1	1	15	0
   108472	2021-07-13 16:02:02	1	1	15	0
    10214	2021-07-13 16:02:38	1	1	15	0
    10356	2021-07-13 16:02:51	1	1	15	0
   102544	2021-07-13 16:03:07	1	1	15	0
    10456	2021-07-13 16:03:17	1	1	15	0
    10278	2021-07-13 16:04:12	1	1	15	0
    10348	2021-07-13 16:05:57	1	1	15	0
   102526	2021-07-13 16:06:49	1	1	15	0
    10309	2021-07-13 16:11:33	1	1	15	0
    10228	2021-07-13 16:15:52	1	1	15	0
    10284	2021-07-13 16:18:54	1	1	15	0
   102542	2021-07-13 16:42:17	1	1	15	0
    10458	2021-07-13 17:00:06	1	1	15	0
   108613	2021-07-13 17:00:23	1	1	15	0
   101451	2021-07-13 17:00:37	1	1	15	0
    10550	2021-07-13 17:00:52	1	1	15	0
   108668	2021-07-13 17:01:04	1	1	15	0
   108619	2021-07-13 17:01:21	1	1	15	0
   108617	2021-07-13 17:01:32	1	1	15	0
   108489	2021-07-13 17:01:44	1	1	15	0
    10065	2021-07-13 17:01:54	1	1	15	0
    10080	2021-07-13 17:02:57	1	1	15	0
    19980	2021-07-13 17:03:35	1	1	15	0
    10033	2021-07-13 17:03:50	1	1	15	0
   101432	2021-07-13 17:04:13	1	1	15	0
   108638	2021-07-13 17:04:30	1	1	15	0
   102524	2021-07-13 17:04:45	1	1	15	0
   108673	2021-07-13 17:04:53	1	1	15	0
   108579	2021-07-13 17:05:00	1	1	15	0
   108585	2021-07-13 17:05:12	1	1	15	0
   108585	2021-07-13 17:05:14	1	1	15	0
   108611	2021-07-13 17:05:28	1	1	15	0
   108669	2021-07-13 17:05:42	1	1	15	0
    10025	2021-07-13 17:06:15	1	1	15	0
   108635	2021-07-13 17:06:32	1	1	15	0
   108587	2021-07-13 17:08:25	1	1	15	0
   108587	2021-07-13 17:08:27	1	1	15	0
    10032	2021-07-13 17:08:37	1	1	15	0
    10221	2021-07-13 17:11:25	1	1	15	0
   108556	2021-07-13 17:12:10	1	1	15	0
   108667	2021-07-13 17:12:30	1	1	15	0
   500001	2021-07-13 17:13:46	1	1	15	0
   108591	2021-07-13 17:15:07	1	1	15	0
   108549	2021-07-13 17:15:53	1	1	15	0
    10138	2021-07-13 17:16:23	1	1	15	0
   108469	2021-07-13 17:16:34	1	1	15	0
   108671	2021-07-13 17:17:26	1	1	15	0
    10063	2021-07-13 17:17:40	1	1	15	0
   108674	2021-07-13 17:18:20	1	1	15	0
   108568	2021-07-13 17:18:57	1	1	15	0
    10076	2021-07-13 17:20:07	1	1	15	0
   102579	2021-07-13 17:20:43	1	1	15	0
    10159	2021-07-13 17:24:52	1	1	15	0
   108672	2021-07-13 17:34:16	1	1	15	0
    10129	2021-07-13 18:34:47	1	1	15	0
   108666	2021-07-13 19:08:00	1	1	15	0
   108663	2021-07-13 20:14:57	1	1	15	0
   108523	2021-07-13 20:47:03	1	1	15	0
   108610	2021-07-13 21:00:10	1	1	15	0
   108658	2021-07-13 21:00:18	1	1	15	0
   108598	2021-07-13 21:00:30	1	1	15	0
   108598	2021-07-13 21:00:32	1	1	15	0
   108662	2021-07-13 21:05:12	1	1	15	0
    10348	2021-07-14 02:56:23	1	0	15	0
    10214	2021-07-14 03:32:17	1	0	15	0
    10356	2021-07-14 03:32:56	1	0	15	0
    10456	2021-07-14 05:45:10	1	0	15	0
   102526	2021-07-14 06:20:58	1	0	15	0
   101437	2021-07-14 06:23:56	1	0	15	0
   108662	2021-07-14 06:32:37	1	0	15	0
    10372	2021-07-14 06:39:20	1	0	15	0
   108556	2021-07-14 06:48:55	1	0	15	0
   108617	2021-07-14 06:52:33	1	0	15	0
   108533	2021-07-14 07:01:09	1	0	15	0
    10278	2021-07-14 07:11:09	1	0	15	0
   108668	2021-07-14 07:11:47	1	0	15	0
   108670	2021-07-14 07:13:25	1	0	15	0
   108585	2021-07-14 07:15:24	1	0	15	0
   108673	2021-07-14 07:16:58	1	0	15	0
   108610	2021-07-14 07:17:54	1	0	15	0
   108630	2021-07-14 07:18:30	1	0	15	0
   101451	2021-07-14 07:20:27	1	0	15	0
   108568	2021-07-14 07:22:29	1	0	15	0
   108472	2021-07-14 07:27:28	1	0	15	0
   108663	2021-07-14 07:29:11	1	0	15	0
   108523	2021-07-14 07:29:17	1	0	15	0
    10080	2021-07-14 07:29:24	1	0	15	0
    10221	2021-07-14 07:30:02	1	0	15	0
   108593	2021-07-14 07:31:29	1	0	15	0
   108674	2021-07-14 07:32:48	1	0	15	0
    10065	2021-07-14 07:34:20	1	0	15	0
   102542	2021-07-14 07:34:28	1	0	15	0
   108669	2021-07-14 07:34:40	1	0	15	0
   108613	2021-07-14 07:37:25	1	0	15	0
    10033	2021-07-14 07:39:27	1	0	15	0
   108549	2021-07-14 07:40:17	1	0	15	0
   108638	2021-07-14 07:41:40	1	0	15	0
   108638	2021-07-14 07:41:42	1	0	15	0
   108638	2021-07-14 07:41:47	1	0	15	0
   108538	2021-07-14 07:42:51	1	0	15	0
    10228	2021-07-14 07:43:59	1	0	15	0
    10025	2021-07-14 07:44:17	1	0	15	0
   108658	2021-07-14 07:44:46	1	0	15	0
    10159	2021-07-14 07:45:10	1	0	15	0
    10284	2021-07-14 07:46:19	1	0	15	0
   108667	2021-07-14 07:47:30	1	0	15	0
   108579	2021-07-14 07:49:14	1	0	15	0
   108579	2021-07-14 07:49:16	1	0	15	0
    10063	2021-07-14 07:50:01	1	0	15	0
    10076	2021-07-14 07:50:11	1	0	15	0
   108671	2021-07-14 07:50:18	1	0	15	0
   108469	2021-07-14 07:50:59	1	0	15	0
    10129	2021-07-14 07:51:13	1	0	15	0
   108489	2021-07-14 07:51:57	1	0	15	0
   102524	2021-07-14 07:52:22	1	0	15	0
    19980	2021-07-14 07:53:32	1	0	15	0
   108672	2021-07-14 07:54:18	1	0	15	0
   108672	2021-07-14 07:54:21	1	0	15	0
   108635	2021-07-14 07:54:39	1	0	15	0
   108635	2021-07-14 07:54:41	1	0	15	0
    10032	2021-07-14 07:55:19	1	0	15	0
   500001	2021-07-14 07:55:40	1	0	15	0
   108598	2021-07-14 07:55:50	1	0	15	0
    10309	2021-07-14 07:56:24	1	0	15	0
   102579	2021-07-14 07:56:38	1	0	15	0
   108619	2021-07-14 07:58:14	1	0	15	0
   101432	2021-07-14 08:01:43	1	0	15	0
    10073	2021-07-14 08:05:43	1	0	15	0
   108666	2021-07-14 08:05:53	1	0	15	0
   108611	2021-07-14 08:09:07	1	0	15	0
   108591	2021-07-14 08:13:18	1	0	15	0
    10138	2021-07-14 08:24:59	1	0	15	0
   102544	2021-07-14 08:34:21	1	0	15	0
   108515	2021-07-14 09:30:13	1	0	15	0
   102579	2021-07-14 09:47:45	1	0	15	0
   108587	2021-07-14 11:50:13	1	0	15	0
   102579	2021-07-14 12:13:11	1	0	15	0
   102526	2021-07-14 15:04:58	1	0	15	0
   108472	2021-07-14 15:18:04	1	0	15	0
   108593	2021-07-14 16:00:11	1	1	15	0
   108630	2021-07-14 16:00:17	1	1	15	0
    10372	2021-07-14 16:00:42	1	1	15	0
   101437	2021-07-14 16:00:49	1	1	15	0
   101437	2021-07-14 16:00:51	1	1	15	0
   108533	2021-07-14 16:00:59	1	1	15	0
   101451	2021-07-14 16:01:25	1	1	15	0
   102542	2021-07-14 16:04:15	1	1	15	0
    10309	2021-07-14 16:14:10	1	1	15	0
   108538	2021-07-14 16:56:49	1	1	15	0
    10228	2021-07-14 16:59:09	1	1	15	0
   108613	2021-07-14 17:00:15	1	1	15	0
   108619	2021-07-14 17:00:27	1	1	15	0
    10025	2021-07-14 17:00:36	1	1	15	0
    10080	2021-07-14 17:00:44	1	1	15	0
   108549	2021-07-14 17:00:58	1	1	15	0
   108515	2021-07-14 17:01:04	1	1	15	0
   108617	2021-07-14 17:01:22	1	1	15	0
   108591	2021-07-14 17:01:31	1	1	15	0
   108591	2021-07-14 17:01:33	1	1	15	0
    10550	2021-07-14 17:01:39	1	1	15	0
    10456	2021-07-14 17:01:44	1	1	15	0
   108638	2021-07-14 17:01:52	1	1	15	0
   108489	2021-07-14 17:02:10	1	1	15	0
    10458	2021-07-14 17:02:25	1	1	15	0
    10221	2021-07-14 17:02:44	1	1	15	0
    10221	2021-07-14 17:02:47	1	1	15	0
   108671	2021-07-14 17:03:21	1	1	15	0
    10076	2021-07-14 17:03:34	1	1	15	0
   108668	2021-07-14 17:03:44	1	1	15	0
   108668	2021-07-14 17:03:47	1	1	15	0
   108670	2021-07-14 17:03:52	1	1	15	0
   101432	2021-07-14 17:04:01	1	1	15	0
   108669	2021-07-14 17:04:19	1	1	15	0
   108556	2021-07-14 17:04:35	1	1	15	0
    10063	2021-07-14 17:04:44	1	1	15	0
    19980	2021-07-14 17:04:56	1	1	15	0
   108611	2021-07-14 17:05:08	1	1	15	0
    10284	2021-07-14 17:05:15	1	1	15	0
   102524	2021-07-14 17:05:23	1	1	15	0
    10278	2021-07-14 17:05:32	1	1	15	0
   108568	2021-07-14 17:05:56	1	1	15	0
    10033	2021-07-14 17:06:05	1	1	15	0
   108674	2021-07-14 17:06:18	1	1	15	0
   108635	2021-07-14 17:06:27	1	1	15	0
   108585	2021-07-14 17:06:36	1	1	15	0
   108579	2021-07-14 17:06:45	1	1	15	0
    10065	2021-07-14 17:06:54	1	1	15	0
    10065	2021-07-14 17:06:56	1	1	15	0
   108658	2021-07-14 17:07:01	1	1	15	0
   108673	2021-07-14 17:07:07	1	1	15	0
   108667	2021-07-14 17:07:18	1	1	15	0
    10159	2021-07-14 17:09:07	1	1	15	0
   108587	2021-07-14 17:09:43	1	1	15	0
   108587	2021-07-14 17:09:45	1	1	15	0
    10138	2021-07-14 17:11:08	1	1	15	0
   500001	2021-07-14 17:12:16	1	1	15	0
   108666	2021-07-14 17:12:32	1	1	15	0
   102544	2021-07-14 17:13:09	1	1	15	0
   108672	2021-07-14 17:23:22	1	1	15	0
    10032	2021-07-14 17:35:28	1	1	15	0
   102579	2021-07-14 18:31:11	1	1	15	0
    10129	2021-07-14 18:37:36	1	1	15	0
   108610	2021-07-14 19:05:35	1	1	15	0
   108523	2021-07-14 19:08:30	1	1	15	0
   108663	2021-07-14 19:29:19	1	1	15	0
   108598	2021-07-14 19:29:34	1	1	15	0
   108662	2021-07-14 20:33:07	1	1	15	0
    10456	2021-07-15 05:28:43	1	0	15	0
   101437	2021-07-15 06:13:27	1	0	15	0
   102526	2021-07-15 06:18:18	1	0	15	0
   108617	2021-07-15 06:38:12	1	0	15	0
    10372	2021-07-15 06:43:49	1	0	15	0
    10372	2021-07-15 06:43:52	1	0	15	0
   108533	2021-07-15 07:03:20	1	0	15	0
   101451	2021-07-15 07:04:12	1	0	15	0
   108668	2021-07-15 07:05:04	1	0	15	0
   108587	2021-07-15 07:05:38	1	0	15	0
   108610	2021-07-15 07:12:55	1	0	15	0
    10278	2021-07-15 07:13:45	1	0	15	0
    10356	2021-07-15 07:15:50	1	0	15	0
    10214	2021-07-15 07:16:39	1	0	15	0
   108670	2021-07-15 07:18:39	1	0	15	0
   108593	2021-07-15 07:21:25	1	0	15	0
   108523	2021-07-15 07:22:18	1	0	15	0
   108549	2021-07-15 07:22:39	1	0	15	0
   108568	2021-07-15 07:22:58	1	0	15	0
   108673	2021-07-15 07:24:54	1	0	15	0
   108585	2021-07-15 07:26:22	1	0	15	0
   108662	2021-07-15 07:28:22	1	0	15	0
    10080	2021-07-15 07:29:06	1	0	15	0
    10033	2021-07-15 07:30:31	1	0	15	0
    10065	2021-07-15 07:30:58	1	0	15	0
   108472	2021-07-15 07:33:56	1	0	15	0
   108556	2021-07-15 07:34:41	1	0	15	0
   108672	2021-07-15 07:36:28	1	0	15	0
    10284	2021-07-15 07:36:36	1	0	15	0
   108669	2021-07-15 07:37:10	1	0	15	0
   102542	2021-07-15 07:38:50	1	0	15	0
    10025	2021-07-15 07:39:18	1	0	15	0
   108674	2021-07-15 07:40:22	1	0	15	0
    10159	2021-07-15 07:41:18	1	0	15	0
   108663	2021-07-15 07:41:27	1	0	15	0
   108658	2021-07-15 07:42:02	1	0	15	0
    10138	2021-07-15 07:42:14	1	0	15	0
   108579	2021-07-15 07:43:01	1	0	15	0
   108638	2021-07-15 07:43:17	1	0	15	0
   101432	2021-07-15 07:44:00	1	0	15	0
    10221	2021-07-15 07:44:16	1	0	15	0
    10228	2021-07-15 07:45:17	1	0	15	0
   108538	2021-07-15 07:45:31	1	0	15	0
   108667	2021-07-15 07:46:40	1	0	15	0
   108598	2021-07-15 07:50:36	1	0	15	0
    10032	2021-07-15 07:51:44	1	0	15	0
    10063	2021-07-15 07:51:53	1	0	15	0
    10149	2021-07-15 07:52:02	1	0	15	0
    10076	2021-07-15 07:52:13	1	0	15	0
   108469	2021-07-15 07:52:19	1	0	15	0
   108515	2021-07-15 07:52:27	1	0	15	0
    10129	2021-07-15 07:54:50	1	0	15	0
    10309	2021-07-15 07:55:47	1	0	15	0
   500001	2021-07-15 07:56:18	1	0	15	0
   108619	2021-07-15 07:57:22	1	0	15	0
    19980	2021-07-15 07:58:27	1	0	15	0
   102544	2021-07-15 08:00:43	1	0	15	0
   108635	2021-07-15 08:00:49	1	0	15	0
   108489	2021-07-15 08:01:02	1	0	15	0
   102524	2021-07-15 08:01:13	1	0	15	0
   108666	2021-07-15 08:05:42	1	0	15	0
   102579	2021-07-15 08:12:11	1	0	15	0
   108611	2021-07-15 08:13:53	1	0	15	0
    10458	2021-07-15 09:20:19	1	0	15	0
   108591	2021-07-15 09:54:20	1	0	15	0
    10149	2021-07-15 12:03:36	1	0	15	0
    10149	2021-07-15 12:03:38	1	0	15	0
    10149	2021-07-15 13:05:10	1	0	15	0
   108593	2021-07-15 16:00:07	1	1	15	0
   108538	2021-07-15 16:00:16	1	1	15	0
   108472	2021-07-15 16:00:23	1	1	15	0
   102526	2021-07-15 16:00:51	1	1	15	0
   108533	2021-07-15 16:01:00	1	1	15	0
    10456	2021-07-15 16:01:21	1	1	15	0
   101451	2021-07-15 16:02:28	1	1	15	0
    10278	2021-07-15 16:02:45	1	1	15	0
    10214	2021-07-15 16:03:00	1	1	15	0
    10356	2021-07-15 16:03:13	1	1	15	0
    10138	2021-07-15 16:03:43	1	1	15	0
    10309	2021-07-15 16:04:58	1	1	15	0
   108549	2021-07-15 16:05:26	1	1	15	0
    10284	2021-07-15 16:06:36	1	1	15	0
    10372	2021-07-15 16:06:59	1	1	15	0
    10372	2021-07-15 16:07:01	1	1	15	0
    10228	2021-07-15 16:07:19	1	1	15	0
    10348	2021-07-15 16:20:06	1	1	15	0
   101437	2021-07-15 16:22:29	1	1	15	0
   108568	2021-07-15 17:00:19	1	1	15	0
    10080	2021-07-15 17:00:32	1	1	15	0
    10025	2021-07-15 17:00:41	1	1	15	0
    10221	2021-07-15 17:00:53	1	1	15	0
   102544	2021-07-15 17:01:00	1	1	15	0
   101432	2021-07-15 17:01:18	1	1	15	0
   108591	2021-07-15 17:01:23	1	1	15	0
   108598	2021-07-15 17:01:50	1	1	15	0
   108489	2021-07-15 17:02:08	1	1	15	0
   108617	2021-07-15 17:02:17	1	1	15	0
   108670	2021-07-15 17:02:24	1	1	15	0
   108579	2021-07-15 17:02:38	1	1	15	0
    10033	2021-07-15 17:02:49	1	1	15	0
   108667	2021-07-15 17:02:55	1	1	15	0
   108638	2021-07-15 17:03:01	1	1	15	0
    10032	2021-07-15 17:03:10	1	1	15	0
    10458	2021-07-15 17:03:17	1	1	15	0
   108668	2021-07-15 17:03:25	1	1	15	0
   102524	2021-07-15 17:03:37	1	1	15	0
   108587	2021-07-15 17:03:51	1	1	15	0
   108587	2021-07-15 17:03:53	1	1	15	0
   108674	2021-07-15 17:04:01	1	1	15	0
   108672	2021-07-15 17:04:15	1	1	15	0
   108672	2021-07-15 17:04:17	1	1	15	0
   108611	2021-07-15 17:04:55	1	1	15	0
   108585	2021-07-15 17:05:02	1	1	15	0
   108635	2021-07-15 17:05:14	1	1	15	0
    10065	2021-07-15 17:05:26	1	1	15	0
   500001	2021-07-15 17:06:04	1	1	15	0
   108556	2021-07-15 17:06:18	1	1	15	0
   108669	2021-07-15 17:06:36	1	1	15	0
    19980	2021-07-15 17:07:42	1	1	15	0
   102542	2021-07-15 17:07:50	1	1	15	0
   108663	2021-07-15 17:08:51	1	1	15	0
   108673	2021-07-15 17:14:54	1	1	15	0
    10159	2021-07-15 17:20:27	1	1	15	0
   108610	2021-07-15 17:20:53	1	1	15	0
    10076	2021-07-15 17:24:11	1	1	15	0
   102579	2021-07-15 17:25:38	1	1	15	0
    10149	2021-07-15 17:27:55	1	1	15	0
    10063	2021-07-15 17:28:08	1	1	15	0
   108619	2021-07-15 17:28:58	1	1	15	0
   108469	2021-07-15 17:34:31	1	1	15	0
    10129	2021-07-15 18:10:52	1	1	15	0
   108666	2021-07-15 19:05:14	1	1	15	0
   108523	2021-07-15 20:02:39	1	1	15	0
   108515	2021-07-15 22:00:08	1	1	15	0
    10127	2021-07-15 22:28:56	1	1	15	0
   108658	2021-07-15 22:29:07	1	1	15	0
   108662	2021-07-15 22:29:16	1	1	15	0
    10456	2021-07-16 06:06:54	1	0	15	0
   101437	2021-07-16 06:27:36	1	0	15	0
    10127	2021-07-16 06:38:29	1	0	15	0
    10372	2021-07-16 06:53:00	1	0	15	0
   108533	2021-07-16 06:56:11	1	0	15	0
   108617	2021-07-16 06:58:45	1	0	15	0
   108654	2021-07-16 07:05:10	1	0	15	0
    10214	2021-07-16 07:11:08	1	0	15	0
    10214	2021-07-16 07:11:11	1	0	15	0
    10356	2021-07-16 07:11:47	1	0	15	0
   108556	2021-07-16 07:12:18	1	0	15	0
   108670	2021-07-16 07:14:21	1	0	15	0
   108610	2021-07-16 07:15:46	1	0	15	0
   108587	2021-07-16 07:17:29	1	0	15	0
   108593	2021-07-16 07:21:47	1	0	15	0
   108630	2021-07-16 07:21:58	1	0	15	0
   108668	2021-07-16 07:22:26	1	0	15	0
   108568	2021-07-16 07:22:44	1	0	15	0
    10221	2021-07-16 07:24:24	1	0	15	0
   108523	2021-07-16 07:25:45	1	0	15	0
   108662	2021-07-16 07:28:18	1	0	15	0
   108638	2021-07-16 07:28:56	1	0	15	0
   102542	2021-07-16 07:29:12	1	0	15	0
   108585	2021-07-16 07:30:48	1	0	15	0
    10278	2021-07-16 07:32:36	1	0	15	0
   108673	2021-07-16 07:32:45	1	0	15	0
   108663	2021-07-16 07:35:11	1	0	15	0
   108538	2021-07-16 07:36:04	1	0	15	0
    10033	2021-07-16 07:39:11	1	0	15	0
    10080	2021-07-16 07:40:20	1	0	15	0
    10025	2021-07-16 07:41:29	1	0	15	0
    10138	2021-07-16 07:41:56	1	0	15	0
    10065	2021-07-16 07:44:23	1	0	15	0
   108667	2021-07-16 07:44:46	1	0	15	0
   108674	2021-07-16 07:45:16	1	0	15	0
   108658	2021-07-16 07:50:01	1	0	15	0
   108613	2021-07-16 07:51:04	1	0	15	0
   108579	2021-07-16 07:51:24	1	0	15	0
    10284	2021-07-16 07:51:45	1	0	15	0
    10159	2021-07-16 07:52:12	1	0	15	0
   108489	2021-07-16 07:52:29	1	0	15	0
   108469	2021-07-16 07:52:42	1	0	15	0
   102524	2021-07-16 07:52:49	1	0	15	0
   108619	2021-07-16 07:53:10	1	0	15	0
   101432	2021-07-16 07:53:46	1	0	15	0
   108672	2021-07-16 07:55:28	1	0	15	0
    10129	2021-07-16 07:55:39	1	0	15	0
   102544	2021-07-16 07:56:35	1	0	15	0
    10348	2021-07-16 07:57:05	1	0	15	0
    10032	2021-07-16 07:58:14	1	0	15	0
   108515	2021-07-16 07:58:24	1	0	15	0
    10309	2021-07-16 07:59:04	1	0	15	0
    10149	2021-07-16 07:59:41	1	0	15	0
    10063	2021-07-16 07:59:48	1	0	15	0
    10076	2021-07-16 07:59:59	1	0	15	0
    10550	2021-07-16 08:01:27	1	0	15	0
   108549	2021-07-16 08:01:42	1	0	15	0
   500001	2021-07-16 08:02:05	1	0	15	0
   108666	2021-07-16 08:04:39	1	0	15	0
    19980	2021-07-16 08:05:14	1	0	15	0
   108635	2021-07-16 08:13:38	1	0	15	0
   108611	2021-07-16 08:23:33	1	0	15	0
   108591	2021-07-16 08:41:08	1	0	15	0
   102579	2021-07-16 08:43:23	1	0	15	0
   108669	2021-07-16 09:31:27	1	0	15	0
   108598	2021-07-16 09:33:54	1	0	15	0
    10127	2021-07-16 12:41:16	1	0	15	0
    10127	2021-07-16 13:28:02	1	0	15	0
   108593	2021-07-16 16:00:07	1	0	15	0
   108593	2021-07-16 16:00:26	1	1	15	0
   108538	2021-07-16 16:00:38	1	1	15	0
    10372	2021-07-16 16:00:53	1	1	15	0
   108630	2021-07-16 16:00:59	1	1	15	0
   101437	2021-07-16 16:01:08	1	1	15	0
    10284	2021-07-16 16:01:17	1	1	15	0
    10356	2021-07-16 16:01:33	1	1	15	0
    10214	2021-07-16 16:01:41	1	1	15	0
    10348	2021-07-16 16:01:57	1	1	15	0
    10278	2021-07-16 16:03:28	1	1	15	0
    10278	2021-07-16 16:03:31	1	1	15	0
   102544	2021-07-16 16:05:59	1	1	15	0
   108587	2021-07-16 16:09:04	1	1	15	0
   108549	2021-07-16 16:14:36	1	1	15	0
    10138	2021-07-16 16:16:28	1	1	15	0
    10456	2021-07-16 16:34:39	1	1	15	0
    10309	2021-07-16 17:00:32	1	1	15	0
   108613	2021-07-16 17:00:58	1	1	15	0
   108469	2021-07-16 17:01:10	1	1	15	0
   108617	2021-07-16 17:01:23	1	1	15	0
    10025	2021-07-16 17:01:41	1	1	15	0
   102524	2021-07-16 17:01:50	1	1	15	0
    10080	2021-07-16 17:01:58	1	1	15	0
    10159	2021-07-16 17:02:18	1	1	15	0
   108619	2021-07-16 17:03:33	1	1	15	0
   108489	2021-07-16 17:03:52	1	1	15	0
    10033	2021-07-16 17:04:25	1	1	15	0
    10221	2021-07-16 17:04:51	1	1	15	0
   500001	2021-07-16 17:05:09	1	1	15	0
   108611	2021-07-16 17:05:27	1	1	15	0
   108638	2021-07-16 17:05:36	1	1	15	0
    10550	2021-07-16 17:05:45	1	1	15	0
    19980	2021-07-16 17:06:01	1	1	15	0
    10065	2021-07-16 17:06:24	1	1	15	0
   108635	2021-07-16 17:06:54	1	1	15	0
   101432	2021-07-16 17:07:04	1	1	15	0
   108533	2021-07-16 17:07:12	1	1	15	0
   108673	2021-07-16 17:07:38	1	1	15	0
   108670	2021-07-16 17:07:46	1	1	15	0
   108579	2021-07-16 17:08:15	1	1	15	0
    10073	2021-07-16 17:08:36	1	1	15	0
   108667	2021-07-16 17:09:13	1	1	15	0
    10033	2021-07-16 17:09:22	1	1	15	0
   108591	2021-07-16 17:09:52	1	1	15	0
   108669	2021-07-16 17:11:12	1	1	15	0
   108585	2021-07-16 17:12:38	1	1	15	0
   108668	2021-07-16 17:15:48	1	1	15	0
   108672	2021-07-16 17:17:29	1	1	15	0
   108672	2021-07-16 17:17:31	1	1	15	0
    10159	2021-07-16 17:18:01	1	1	15	0
   108674	2021-07-16 17:18:32	1	1	15	0
   108568	2021-07-16 17:20:00	1	1	15	0
   108556	2021-07-16 17:20:12	1	1	15	0
   108523	2021-07-16 17:22:52	1	1	15	0
   108523	2021-07-16 17:22:54	1	1	15	0
    10032	2021-07-16 17:23:59	1	1	15	0
   102579	2021-07-16 17:25:36	1	1	15	0
    10149	2021-07-16 17:25:56	1	1	15	0
    10063	2021-07-16 17:26:13	1	1	15	0
    10127	2021-07-16 17:27:20	1	1	15	0
    10076	2021-07-16 17:27:29	1	1	15	0
   102542	2021-07-16 17:40:42	1	1	15	0
    10458	2021-07-16 17:43:29	1	1	15	0
   108662	2021-07-16 18:15:34	1	1	15	0
   108515	2021-07-16 18:33:11	1	1	15	0
    10129	2021-07-16 18:39:20	1	1	15	0
   108610	2021-07-16 19:18:00	1	1	15	0
   108658	2021-07-16 19:20:21	1	1	15	0
   108663	2021-07-16 19:20:29	1	1	15	0
   108598	2021-07-16 19:20:42	1	1	15	0
   108666	2021-07-16 20:06:55	1	1	15	0
   108666	2021-07-16 20:06:58	1	1	15	0
   101437	2021-07-17 06:15:10	1	0	15	0
   108593	2021-07-17 06:26:44	1	0	15	0
   102526	2021-07-17 06:29:29	1	0	15	0
   108630	2021-07-17 06:33:49	1	0	15	0
   108654	2021-07-17 06:34:43	1	0	15	0
    10278	2021-07-17 06:37:31	1	0	15	0
    10372	2021-07-17 06:40:04	1	0	15	0
   108533	2021-07-17 07:02:16	1	0	15	0
   108587	2021-07-17 07:17:14	1	0	15	0
   108587	2021-07-17 07:17:16	1	0	15	0
    10214	2021-07-17 07:18:47	1	0	15	0
    10356	2021-07-17 07:19:17	1	0	15	0
   108469	2021-07-17 07:28:18	1	0	15	0
    10033	2021-07-17 07:37:55	1	0	15	0
   102542	2021-07-17 07:39:37	1	0	15	0
   108538	2021-07-17 07:39:59	1	0	15	0
   108549	2021-07-17 07:54:00	1	0	15	0
    10309	2021-07-17 07:55:52	1	0	15	0
    10138	2021-07-17 07:59:48	1	0	15	0
    10032	2021-07-17 08:03:00	1	0	15	0
    10348	2021-07-17 08:04:44	1	0	15	0
    10033	2021-07-17 12:00:17	1	0	15	0
   108593	2021-07-17 15:00:07	1	1	15	0
   108630	2021-07-17 15:00:24	1	1	15	0
    10032	2021-07-17 15:32:17	1	1	15	0
   108654	2021-07-17 16:00:10	1	1	15	0
   101437	2021-07-17 16:00:22	1	1	15	0
   108533	2021-07-17 16:00:33	1	1	15	0
   108469	2021-07-17 16:00:39	1	1	15	0
   108587	2021-07-17 16:00:45	1	1	15	0
   102542	2021-07-17 16:00:54	1	1	15	0
   102526	2021-07-17 16:01:08	1	1	15	0
   108549	2021-07-17 16:01:16	1	1	15	0
    10372	2021-07-17 16:01:22	1	1	15	0
    10278	2021-07-17 16:01:34	1	1	15	0
    10309	2021-07-17 16:01:49	1	1	15	0
   108538	2021-07-17 16:02:47	1	1	15	0
    10214	2021-07-17 16:03:16	1	1	15	0
    10356	2021-07-17 16:04:49	1	1	15	0
    10138	2021-07-17 16:10:12	1	1	15	0
    10278	2021-07-18 06:29:14	1	1	15	0
   108538	2021-07-18 06:40:26	1	0	15	0
   108538	2021-07-18 14:31:49	1	1	15	0
    10278	2021-07-18 14:31:59	1	1	15	0
    10456	2021-07-19 05:50:55	1	0	15	0
   101437	2021-07-19 06:24:01	1	0	15	0
   102526	2021-07-19 06:28:24	1	0	15	0
    10372	2021-07-19 06:31:09	1	0	15	0
    10372	2021-07-19 06:31:11	1	0	15	0
   108662	2021-07-19 06:38:44	1	0	15	0
   108654	2021-07-19 06:41:47	1	0	15	0
   108617	2021-07-19 06:44:42	1	0	15	0
    10159	2021-07-19 06:54:13	1	0	15	0
   108533	2021-07-19 07:02:22	1	0	15	0
   108658	2021-07-19 07:04:08	1	0	15	0
    10214	2021-07-19 07:04:28	1	0	15	0
    10356	2021-07-19 07:05:15	1	0	15	0
   108630	2021-07-19 07:08:51	1	0	15	0
    10278	2021-07-19 07:12:14	1	0	15	0
    10278	2021-07-19 07:12:17	1	0	15	0
    10080	2021-07-19 07:14:39	1	0	15	0
   108593	2021-07-19 07:14:54	1	0	15	0
   101451	2021-07-19 07:16:29	1	0	15	0
   108674	2021-07-19 07:17:21	1	0	15	0
   108585	2021-07-19 07:19:50	1	0	15	0
   108663	2021-07-19 07:25:54	1	0	15	0
   108556	2021-07-19 07:28:32	1	0	15	0
   108568	2021-07-19 07:28:48	1	0	15	0
    10033	2021-07-19 07:32:04	1	0	15	0
   108669	2021-07-19 07:34:37	1	0	15	0
   102542	2021-07-19 07:38:04	1	0	15	0
   108587	2021-07-19 07:38:37	1	0	15	0
   108667	2021-07-19 07:39:38	1	0	15	0
   108538	2021-07-19 07:40:49	1	0	15	0
    10065	2021-07-19 07:41:41	1	0	15	0
   108610	2021-07-19 07:42:06	1	0	15	0
    10129	2021-07-19 07:46:57	1	0	15	0
   108489	2021-07-19 07:47:11	1	0	15	0
   102524	2021-07-19 07:47:24	1	0	15	0
   101432	2021-07-19 07:47:33	1	0	15	0
   108469	2021-07-19 07:48:19	1	0	15	0
   108579	2021-07-19 07:49:32	1	0	15	0
   108672	2021-07-19 07:51:13	1	0	15	0
    10221	2021-07-19 07:51:27	1	0	15	0
    10138	2021-07-19 07:51:38	1	0	15	0
    10228	2021-07-19 07:53:54	1	0	15	0
   102544	2021-07-19 07:54:45	1	0	15	0
   108515	2021-07-19 07:55:46	1	0	15	0
    10032	2021-07-19 07:56:37	1	0	15	0
   108619	2021-07-19 07:56:55	1	0	15	0
    10458	2021-07-19 07:58:20	1	0	15	0
    10458	2021-07-19 07:58:22	1	0	15	0
   108598	2021-07-19 08:01:29	1	0	15	0
    10348	2021-07-19 08:01:44	1	0	15	0
    10309	2021-07-19 08:02:04	1	0	15	0
    19980	2021-07-19 08:02:53	1	0	15	0
    10550	2021-07-19 08:03:01	1	0	15	0
   108666	2021-07-19 08:03:38	1	0	15	0
    10063	2021-07-19 08:06:37	1	0	15	0
    10149	2021-07-19 08:06:45	1	0	15	0
    10076	2021-07-19 08:06:54	1	0	15	0
   108523	2021-07-19 08:07:00	1	0	15	0
   108671	2021-07-19 08:07:15	1	0	15	0
   108673	2021-07-19 08:07:21	1	0	15	0
   108549	2021-07-19 08:11:47	1	0	15	0
   108611	2021-07-19 08:14:52	1	0	15	0
    10073	2021-07-19 08:32:45	1	0	15	0
   108591	2021-07-19 09:05:43	1	0	15	0
   102579	2021-07-19 09:16:27	1	0	15	0
   108668	2021-07-19 09:53:36	1	0	15	0
   108654	2021-07-19 11:54:15	1	1	15	0
   108658	2021-07-19 12:02:02	1	1	15	0
    10127	2021-07-19 12:02:10	1	1	15	0
   108658	2021-07-19 12:18:15	1	1	15	0
   108630	2021-07-19 16:00:36	1	1	15	0
   108538	2021-07-19 16:00:44	1	1	15	0
   108593	2021-07-19 16:01:11	1	1	15	0
   108549	2021-07-19 16:01:27	1	1	15	0
    10214	2021-07-19 16:01:38	1	1	15	0
    10356	2021-07-19 16:01:45	1	1	15	0
   101437	2021-07-19 16:01:55	1	1	15	0
   108533	2021-07-19 16:02:10	1	1	15	0
    10372	2021-07-19 16:04:53	1	1	15	0
    10348	2021-07-19 16:08:58	1	1	15	0
    10138	2021-07-19 16:09:08	1	1	15	0
    10228	2021-07-19 16:10:46	1	1	15	0
    10456	2021-07-19 16:13:27	1	1	15	0
   108469	2021-07-19 16:14:49	1	1	15	0
    10278	2021-07-19 16:15:12	1	1	15	0
   101451	2021-07-19 17:01:12	1	1	15	0
    10080	2021-07-19 17:01:24	1	1	15	0
   108619	2021-07-19 17:01:35	1	1	15	0
   102526	2021-07-19 17:01:41	1	1	15	0
   108617	2021-07-19 17:01:56	1	1	15	0
   108587	2021-07-19 17:02:03	1	1	15	0
   108668	2021-07-19 17:02:09	1	1	15	0
   108668	2021-07-19 17:02:12	1	1	15	0
    10309	2021-07-19 17:02:16	1	1	15	0
   108489	2021-07-19 17:02:40	1	1	15	0
   101432	2021-07-19 17:03:25	1	1	15	0
    19980	2021-07-19 17:03:49	1	1	15	0
   102524	2021-07-19 17:04:21	1	1	15	0
    10550	2021-07-19 17:04:42	1	1	15	0
    10458	2021-07-19 17:05:04	1	1	15	0
   108667	2021-07-19 17:05:13	1	1	15	0
    10221	2021-07-19 17:05:22	1	1	15	0
   108669	2021-07-19 17:05:34	1	1	15	0
   108611	2021-07-19 17:06:22	1	1	15	0
   108591	2021-07-19 17:06:30	1	1	15	0
   108579	2021-07-19 17:07:27	1	1	15	0
   102544	2021-07-19 17:07:39	1	1	15	0
   108556	2021-07-19 17:08:02	1	1	15	0
   108568	2021-07-19 17:15:46	1	1	15	0
    10065	2021-07-19 17:15:53	1	1	15	0
   108672	2021-07-19 17:18:10	1	1	15	0
    10159	2021-07-19 17:23:57	1	1	15	0
   108673	2021-07-19 17:24:45	1	1	15	0
    10033	2021-07-19 17:25:11	1	1	15	0
   108585	2021-07-19 17:26:21	1	1	15	0
   102542	2021-07-19 17:43:42	1	1	15	0
   108674	2021-07-19 17:44:05	1	1	15	0
    10032	2021-07-19 17:44:43	1	1	15	0
   108515	2021-07-19 17:50:44	1	1	15	0
   102579	2021-07-19 17:55:40	1	1	15	0
   108671	2021-07-19 17:58:00	1	1	15	0
    10063	2021-07-19 17:58:35	1	1	15	0
    10127	2021-07-19 17:59:01	1	1	15	0
    10076	2021-07-19 17:59:30	1	1	15	0
    10149	2021-07-19 18:00:58	1	1	15	0
    10129	2021-07-19 19:02:19	1	1	15	0
   108610	2021-07-19 19:14:23	1	1	15	0
   108663	2021-07-19 19:14:32	1	1	15	0
   108658	2021-07-19 19:14:47	1	1	15	0
   108523	2021-07-19 19:14:57	1	1	15	0
   108598	2021-07-19 20:33:52	1	1	15	0
   108662	2021-07-19 20:34:01	1	1	15	0
    10348	2021-07-20 06:45:20	1	1	15	0
    10348	2021-07-20 06:45:22	1	1	15	0
    10348	2021-07-20 06:45:44	1	0	15	0
    10214	2021-07-20 07:05:16	1	0	15	0
    10356	2021-07-20 07:05:51	1	0	15	0
   108469	2021-07-20 07:23:06	1	0	15	0
    10033	2021-07-20 07:32:47	1	0	15	0
    10129	2021-07-20 07:53:35	1	0	15	0
    10033	2021-07-20 13:16:44	1	0	15	0
    10214	2021-07-20 16:01:44	1	1	15	0
    10214	2021-07-20 16:01:47	1	1	15	0
    10356	2021-07-20 16:02:37	1	1	15	0
    10348	2021-07-20 16:14:51	1	1	15	0
    10348	2021-07-20 16:14:53	1	1	15	0
   108469	2021-07-20 16:25:49	1	1	15	0
    10129	2021-07-20 18:31:39	1	1	15	0
    10456	2021-07-21 05:46:41	1	0	15	0
   108662	2021-07-21 06:13:13	1	0	15	0
   101437	2021-07-21 06:20:33	1	0	15	0
   108658	2021-07-21 06:24:37	1	0	15	0
   102526	2021-07-21 06:30:18	1	0	15	0
    10372	2021-07-21 06:31:12	1	0	15	0
    10372	2021-07-21 06:31:14	1	0	15	0
   108617	2021-07-21 06:36:17	1	0	15	0
   108668	2021-07-21 06:54:49	1	0	15	0
   108533	2021-07-21 07:01:53	1	0	15	0
    10278	2021-07-21 07:05:25	1	0	15	0
   108674	2021-07-21 07:08:36	1	0	15	0
   101451	2021-07-21 07:10:37	1	0	15	0
    10214	2021-07-21 07:11:39	1	0	15	0
   108587	2021-07-21 07:11:52	1	0	15	0
    10356	2021-07-21 07:12:25	1	0	15	0
   108630	2021-07-21 07:12:50	1	0	15	0
    10033	2021-07-21 07:15:01	1	0	15	0
   108523	2021-07-21 07:16:24	1	0	15	0
   108585	2021-07-21 07:18:12	1	0	15	0
   108538	2021-07-21 07:18:34	1	0	15	0
   108593	2021-07-21 07:20:49	1	0	15	0
    10033	2021-07-21 07:22:33	1	0	15	0
   108568	2021-07-21 07:23:24	1	0	15	0
   108556	2021-07-21 07:23:36	1	0	15	0
   108673	2021-07-21 07:27:20	1	0	15	0
    10065	2021-07-21 07:30:02	1	0	15	0
   101432	2021-07-21 07:31:22	1	0	15	0
   108613	2021-07-21 07:32:07	1	0	15	0
    10080	2021-07-21 07:32:41	1	0	15	0
   108672	2021-07-21 07:33:16	1	0	15	0
   108549	2021-07-21 07:34:57	1	0	15	0
    10159	2021-07-21 07:35:35	1	0	15	0
   102542	2021-07-21 07:36:10	1	0	15	0
   108669	2021-07-21 07:38:24	1	0	15	0
   108669	2021-07-21 07:38:27	1	0	15	0
   108669	2021-07-21 07:39:13	1	0	15	0
   108610	2021-07-21 07:42:15	1	0	15	0
   108638	2021-07-21 07:42:31	1	0	15	0
   108469	2021-07-21 07:42:46	1	0	15	0
    10228	2021-07-21 07:45:10	1	0	15	0
    10138	2021-07-21 07:46:04	1	0	15	0
   108489	2021-07-21 07:46:14	1	0	15	0
   108667	2021-07-21 07:46:31	1	0	15	0
   102524	2021-07-21 07:46:48	1	0	15	0
   108663	2021-07-21 07:48:46	1	0	15	0
    10032	2021-07-21 07:49:08	1	0	15	0
    10032	2021-07-21 07:49:10	1	0	15	0
    10221	2021-07-21 07:52:40	1	0	15	0
   102544	2021-07-21 07:54:03	1	0	15	0
    10129	2021-07-21 07:55:00	1	0	15	0
    10309	2021-07-21 07:56:06	1	0	15	0
    10063	2021-07-21 07:56:25	1	0	15	0
    10149	2021-07-21 07:56:33	1	0	15	0
    10076	2021-07-21 07:57:11	1	0	15	0
   108671	2021-07-21 07:57:21	1	0	15	0
   108579	2021-07-21 07:57:40	1	0	15	0
    10348	2021-07-21 07:58:01	1	0	15	0
   108619	2021-07-21 07:58:22	1	0	15	0
   108598	2021-07-21 07:58:34	1	0	15	0
   108611	2021-07-21 08:00:41	1	0	15	0
    19980	2021-07-21 08:03:51	1	0	15	0
   108666	2021-07-21 08:08:46	1	0	15	0
    10458	2021-07-21 08:09:25	1	0	15	0
   108635	2021-07-21 08:14:33	1	0	15	0
   500001	2021-07-21 08:16:26	1	0	15	0
    10073	2021-07-21 08:29:03	1	0	15	0
   108591	2021-07-21 08:52:21	1	0	15	0
   108515	2021-07-21 08:58:40	1	0	15	0
    10550	2021-07-21 12:21:05	1	0	15	0
   500001	2021-07-21 15:42:51	1	0	15	0
   500001	2021-07-21 15:42:53	1	0	15	0
   101437	2021-07-21 16:01:00	1	0	15	0
   101437	2021-07-21 16:01:22	1	1	15	0
   108630	2021-07-21 16:01:29	1	1	15	0
   108613	2021-07-21 16:01:37	1	1	15	0
    10372	2021-07-21 16:01:45	1	1	15	0
   108533	2021-07-21 16:01:57	1	1	15	0
    10456	2021-07-21 16:02:10	1	1	15	0
   108549	2021-07-21 16:02:51	1	1	15	0
   108619	2021-07-21 16:05:21	1	1	15	0
    10278	2021-07-21 16:05:31	1	1	15	0
   102542	2021-07-21 16:05:46	1	1	15	0
   108469	2021-07-21 16:10:07	1	1	15	0
   108538	2021-07-21 16:10:18	1	1	15	0
    10228	2021-07-21 16:10:58	1	1	15	0
    10138	2021-07-21 16:12:38	1	1	15	0
   101451	2021-07-21 17:01:02	1	1	15	0
    10080	2021-07-21 17:01:11	1	1	15	0
    10550	2021-07-21 17:02:06	1	1	15	0
   108617	2021-07-21 17:02:17	1	1	15	0
   108593	2021-07-21 17:02:29	1	1	15	0
   102524	2021-07-21 17:02:44	1	1	15	0
   101432	2021-07-21 17:02:53	1	1	15	0
   108667	2021-07-21 17:03:04	1	1	15	0
   108668	2021-07-21 17:04:09	1	1	15	0
   108489	2021-07-21 17:04:26	1	1	15	0
    19980	2021-07-21 17:04:43	1	1	15	0
   108638	2021-07-21 17:05:04	1	1	15	0
    10458	2021-07-21 17:06:02	1	1	15	0
    10033	2021-07-21 17:06:24	1	1	15	0
   108579	2021-07-21 17:08:42	1	1	15	0
   108611	2021-07-21 17:09:00	1	1	15	0
    10065	2021-07-21 17:09:56	1	1	15	0
   108635	2021-07-21 17:10:24	1	1	15	0
    10073	2021-07-21 17:10:37	1	1	15	0
   108669	2021-07-21 17:11:07	1	1	15	0
   108669	2021-07-21 17:11:10	1	1	15	0
   108669	2021-07-21 17:11:25	1	1	15	0
   108556	2021-07-21 17:12:03	1	1	15	0
   108591	2021-07-21 17:12:16	1	1	15	0
   108673	2021-07-21 17:14:52	1	1	15	0
   108568	2021-07-21 17:18:50	1	1	15	0
   108674	2021-07-21 17:19:00	1	1	15	0
    10221	2021-07-21 17:22:21	1	1	15	0
    10032	2021-07-21 17:23:53	1	1	15	0
   108585	2021-07-21 17:24:25	1	1	15	0
   108515	2021-07-21 17:31:44	1	1	15	0
    10214	2021-07-21 17:34:09	1	1	15	0
    10356	2021-07-21 17:36:45	1	1	15	0
    10348	2021-07-21 17:38:12	1	1	15	0
    10348	2021-07-21 17:38:14	1	1	15	0
   108671	2021-07-21 17:41:37	1	1	15	0
    10076	2021-07-21 17:43:24	1	1	15	0
    10149	2021-07-21 17:45:56	1	1	15	0
    10063	2021-07-21 17:47:00	1	1	15	0
   108672	2021-07-21 17:53:32	1	1	15	0
    10129	2021-07-21 18:34:37	1	1	15	0
   108658	2021-07-21 18:39:24	1	1	15	0
   108663	2021-07-21 18:39:38	1	1	15	0
   108610	2021-07-21 19:06:48	1	1	15	0
   108666	2021-07-21 20:00:02	1	1	15	0
   102526	2021-07-21 20:16:46	1	1	15	0
    10309	2021-07-21 20:16:53	1	1	15	0
   108587	2021-07-21 20:17:01	1	1	15	0
   108587	2021-07-21 20:17:03	1	1	15	0
   108523	2021-07-21 20:40:40	1	1	15	0
   108598	2021-07-21 21:01:21	1	1	15	0
    10127	2021-07-21 21:18:54	1	1	15	0
   108662	2021-07-21 21:19:04	1	1	15	0
    10456	2021-07-22 05:40:37	1	0	15	0
   101437	2021-07-22 05:58:21	1	0	15	0
    10127	2021-07-22 06:05:24	1	0	15	0
   102526	2021-07-22 06:33:23	1	0	15	0
   101451	2021-07-22 06:39:19	1	0	15	0
    10372	2021-07-22 06:39:55	1	0	15	0
   108617	2021-07-22 06:41:40	1	0	15	0
   101436	2021-07-22 06:49:34	1	0	15	0
    10033	2021-07-22 07:01:27	1	0	15	0
   108579	2021-07-22 07:04:41	1	0	15	0
   108658	2021-07-22 07:04:48	1	0	15	0
   108668	2021-07-22 07:09:00	1	0	15	0
   108587	2021-07-22 07:12:05	1	0	15	0
   108533	2021-07-22 07:12:27	1	0	15	0
   108662	2021-07-22 07:12:43	1	0	15	0
    10214	2021-07-22 07:14:17	1	0	15	0
    10356	2021-07-22 07:15:00	1	0	15	0
   108593	2021-07-22 07:15:42	1	0	15	0
   108523	2021-07-22 07:19:41	1	0	15	0
    10080	2021-07-22 07:24:23	1	0	15	0
    10278	2021-07-22 07:27:05	1	0	15	0
   102544	2021-07-22 07:29:05	1	0	15	0
   108610	2021-07-22 07:30:58	1	0	15	0
   108585	2021-07-22 07:31:45	1	0	15	0
   108630	2021-07-22 07:32:00	1	0	15	0
   108568	2021-07-22 07:32:19	1	0	15	0
   108674	2021-07-22 07:34:07	1	0	15	0
   102542	2021-07-22 07:34:15	1	0	15	0
   102542	2021-07-22 07:34:17	1	0	15	0
   108673	2021-07-22 07:34:49	1	0	15	0
    10025	2021-07-22 07:38:52	1	0	15	0
   108638	2021-07-22 07:40:15	1	0	15	0
    10159	2021-07-22 07:41:30	1	0	15	0
    10159	2021-07-22 07:41:33	1	0	15	0
   108669	2021-07-22 07:41:56	1	0	15	0
   108556	2021-07-22 07:42:55	1	0	15	0
   108613	2021-07-22 07:43:08	1	0	15	0
   108489	2021-07-22 07:45:11	1	0	15	0
   102524	2021-07-22 07:45:26	1	0	15	0
   102524	2021-07-22 07:45:29	1	0	15	0
   102524	2021-07-22 07:45:38	1	0	15	0
    10228	2021-07-22 07:45:51	1	0	15	0
   101432	2021-07-22 07:46:03	1	0	15	0
   108538	2021-07-22 07:46:11	1	0	15	0
   108672	2021-07-22 07:47:14	1	0	15	0
    10063	2021-07-22 07:50:05	1	0	15	0
    10149	2021-07-22 07:50:12	1	0	15	0
   108671	2021-07-22 07:50:23	1	0	15	0
    10076	2021-07-22 07:50:37	1	0	15	0
    10065	2021-07-22 07:50:50	1	0	15	0
   108598	2021-07-22 07:51:28	1	0	15	0
    10129	2021-07-22 07:51:43	1	0	15	0
   108667	2021-07-22 07:52:14	1	0	15	0
   108469	2021-07-22 07:52:21	1	0	15	0
   108579	2021-07-22 07:52:48	1	0	15	0
    10348	2021-07-22 07:53:03	1	0	15	0
    10138	2021-07-22 07:53:22	1	0	15	0
   108663	2021-07-22 07:53:33	1	0	15	0
    10221	2021-07-22 07:54:04	1	0	15	0
    19980	2021-07-22 07:56:09	1	0	15	0
    19980	2021-07-22 07:56:12	1	0	15	0
    10032	2021-07-22 07:56:48	1	0	15	0
   108619	2021-07-22 07:57:50	1	0	15	0
   108635	2021-07-22 07:58:36	1	0	15	0
   108611	2021-07-22 08:05:11	1	0	15	0
   108666	2021-07-22 08:06:22	1	0	15	0
    10458	2021-07-22 08:16:46	1	0	15	0
    10550	2021-07-22 08:20:34	1	0	15	0
   102579	2021-07-22 08:21:04	1	0	15	0
   500001	2021-07-22 08:42:49	1	0	15	0
   108515	2021-07-22 08:51:37	1	0	15	0
   108591	2021-07-22 08:53:32	1	0	15	0
   108630	2021-07-22 16:01:02	1	0	15	0
   108613	2021-07-22 16:01:15	1	0	15	0
   108533	2021-07-22 16:01:24	1	0	15	0
   108593	2021-07-22 16:01:34	1	0	15	0
   102526	2021-07-22 16:01:50	1	0	15	0
    10228	2021-07-22 16:02:12	1	0	15	0
    10348	2021-07-22 16:02:20	1	0	15	0
   102542	2021-07-22 16:03:25	1	0	15	0
   102542	2021-07-22 16:03:27	1	0	15	0
    10214	2021-07-22 16:03:41	1	0	15	0
    10356	2021-07-22 16:04:47	1	1	15	0
    10372	2021-07-22 16:07:54	1	1	15	0
    10372	2021-07-22 16:07:56	1	1	15	0
   108619	2021-07-22 16:11:06	1	1	15	0
   108469	2021-07-22 16:15:53	1	1	15	0
   108549	2021-07-22 16:16:42	1	1	15	0
    10456	2021-07-22 16:27:02	1	1	15	0
    10278	2021-07-22 16:27:48	1	1	15	0
   108587	2021-07-22 16:37:26	1	1	15	0
    10080	2021-07-22 17:01:23	1	1	15	0
   101451	2021-07-22 17:02:04	1	1	15	0
   108668	2021-07-22 17:02:58	1	1	15	0
   108617	2021-07-22 17:03:09	1	1	15	0
   102524	2021-07-22 17:03:21	1	1	15	0
    10550	2021-07-22 17:03:43	1	1	15	0
   101432	2021-07-22 17:04:03	1	1	15	0
   108489	2021-07-22 17:04:32	1	1	15	0
    19980	2021-07-22 17:05:14	1	1	15	0
   108667	2021-07-22 17:05:24	1	1	15	0
   108635	2021-07-22 17:05:34	1	1	15	0
   108638	2021-07-22 17:05:43	1	1	15	0
   108673	2021-07-22 17:05:56	1	1	15	0
   108611	2021-07-22 17:06:08	1	1	15	0
   108579	2021-07-22 17:06:36	1	1	15	0
    10025	2021-07-22 17:07:36	1	1	15	0
    10065	2021-07-22 17:07:53	1	1	15	0
   108556	2021-07-22 17:08:29	1	1	15	0
   108669	2021-07-22 17:09:02	1	1	15	0
    10221	2021-07-22 17:09:31	1	1	15	0
   108674	2021-07-22 17:09:47	1	1	15	0
   108591	2021-07-22 17:11:10	1	1	15	0
    10159	2021-07-22 17:13:45	1	1	15	0
    10076	2021-07-22 17:14:11	1	1	15	0
    10033	2021-07-22 17:14:46	1	1	15	0
   500001	2021-07-22 17:20:45	1	1	15	0
   108585	2021-07-22 17:25:23	1	1	15	0
   102579	2021-07-22 17:28:55	1	1	15	0
   108671	2021-07-22 17:39:29	1	1	15	0
   108568	2021-07-22 17:41:19	1	1	15	0
    10063	2021-07-22 17:41:41	1	1	15	0
    10149	2021-07-22 17:44:33	1	1	15	0
    10458	2021-07-22 17:44:55	1	1	15	0
   108672	2021-07-22 18:05:34	1	1	15	0
   108672	2021-07-22 18:05:36	1	1	15	0
   108515	2021-07-22 18:13:51	1	1	15	0
   101437	2021-07-22 18:34:28	1	1	15	0
    10032	2021-07-22 18:35:03	1	1	15	0
   108657	2021-07-22 18:36:17	1	1	15	0
   108657	2021-07-22 18:36:19	1	1	15	0
    10129	2021-07-22 18:45:30	1	1	15	0
   108663	2021-07-22 18:47:36	1	1	15	0
   108663	2021-07-22 18:47:39	1	1	15	0
   102544	2021-07-22 18:51:43	1	1	15	0
   108666	2021-07-22 18:58:50	1	1	15	0
   108610	2021-07-22 19:19:02	1	1	15	0
   108598	2021-07-22 20:10:03	1	1	15	0
   108662	2021-07-22 20:10:14	1	1	15	0
   108658	2021-07-22 20:10:22	1	1	15	0
   108538	2021-07-22 20:30:55	1	1	15	0
    10138	2021-07-22 20:33:18	1	1	15	0
   108523	2021-07-22 20:36:26	1	1	15	0
    10127	2021-07-22 20:36:37	1	1	15	0
    10348	2021-07-23 03:10:36	1	0	15	0
    10214	2021-07-23 03:19:26	1	0	15	0
    10214	2021-07-23 03:19:29	1	0	15	0
    10356	2021-07-23 03:20:16	1	0	15	0
    10456	2021-07-23 05:37:09	1	0	15	0
   101437	2021-07-23 06:03:13	1	0	15	0
   101437	2021-07-23 06:03:15	1	0	15	0
   102526	2021-07-23 06:17:47	1	0	15	0
   108654	2021-07-23 06:27:57	1	0	15	0
    10278	2021-07-23 06:29:15	1	0	15	0
   108617	2021-07-23 06:35:27	1	0	15	0
    10372	2021-07-23 06:51:40	1	0	15	0
    10372	2021-07-23 06:51:43	1	0	15	0
    10159	2021-07-23 06:57:19	1	0	15	0
    10127	2021-07-23 06:58:27	1	0	15	0
   108662	2021-07-23 06:58:44	1	0	15	0
   108533	2021-07-23 07:01:19	1	0	15	0
   108630	2021-07-23 07:08:45	1	0	15	0
   108658	2021-07-23 07:10:52	1	0	15	0
   108587	2021-07-23 07:17:03	1	0	15	0
   108587	2021-07-23 07:17:22	1	0	15	0
   108585	2021-07-23 07:18:45	1	0	15	0
   108568	2021-07-23 07:19:26	1	0	15	0
   108591	2021-07-23 07:22:05	1	0	15	0
   108523	2021-07-23 07:22:27	1	0	15	0
   108538	2021-07-23 07:24:02	1	0	15	0
    10033	2021-07-23 07:24:25	1	0	15	0
   108593	2021-07-23 07:25:18	1	0	15	0
    10065	2021-07-23 07:26:55	1	0	15	0
   108556	2021-07-23 07:30:24	1	0	15	0
   108673	2021-07-23 07:30:33	1	0	15	0
   108549	2021-07-23 07:35:19	1	0	15	0
   108672	2021-07-23 07:38:03	1	0	15	0
   108610	2021-07-23 07:40:09	1	0	15	0
   108669	2021-07-23 07:41:10	1	0	15	0
   108667	2021-07-23 07:42:14	1	0	15	0
   108674	2021-07-23 07:43:08	1	0	15	0
   108663	2021-07-23 07:44:13	1	0	15	0
    10138	2021-07-23 07:45:28	1	0	15	0
   101432	2021-07-23 07:46:28	1	0	15	0
   108469	2021-07-23 07:47:40	1	0	15	0
   108638	2021-07-23 07:48:38	1	0	15	0
   108619	2021-07-23 07:49:12	1	0	15	0
    10309	2021-07-23 07:49:22	1	0	15	0
    10221	2021-07-23 07:49:57	1	0	15	0
   108579	2021-07-23 07:50:58	1	0	15	0
   108489	2021-07-23 07:51:47	1	0	15	0
   102524	2021-07-23 07:52:11	1	0	15	0
    10228	2021-07-23 07:52:41	1	0	15	0
    10025	2021-07-23 07:52:50	1	0	15	0
    10025	2021-07-23 07:52:52	1	0	15	0
   102544	2021-07-23 07:53:23	1	0	15	0
    19980	2021-07-23 07:54:08	1	0	15	0
   108515	2021-07-23 07:56:08	1	0	15	0
    10129	2021-07-23 07:56:56	1	0	15	0
   108598	2021-07-23 08:01:11	1	0	15	0
    10032	2021-07-23 08:02:03	1	0	15	0
   102542	2021-07-23 08:02:18	1	0	15	0
   108611	2021-07-23 08:04:13	1	0	15	0
   108635	2021-07-23 08:08:43	1	0	15	0
   108666	2021-07-23 08:12:16	1	0	15	0
    10063	2021-07-23 08:15:00	1	0	15	0
    10149	2021-07-23 08:15:08	1	0	15	0
    10149	2021-07-23 08:15:10	1	0	15	0
   108671	2021-07-23 08:15:13	1	0	15	0
    10076	2021-07-23 08:15:25	1	0	15	0
    10458	2021-07-23 08:25:40	1	0	15	0
    10073	2021-07-23 08:32:47	1	0	15	0
   102579	2021-07-23 08:41:41	1	0	15	0
   500001	2021-07-23 08:42:19	1	0	15	0
    10550	2021-07-23 10:14:03	1	0	15	0
    10356	2021-07-23 12:29:28	1	1	15	0
    10214	2021-07-23 12:30:42	1	1	15	0
   108668	2021-07-23 12:36:56	1	1	15	0
   108676	2021-07-23 14:31:29	1	1	15	0
   108676	2021-07-23 14:31:32	1	1	15	0
   108654	2021-07-23 16:01:22	1	1	15	0
   102526	2021-07-23 16:01:31	1	1	15	0
   101437	2021-07-23 16:01:46	1	1	15	0
   108533	2021-07-23 16:01:54	1	1	15	0
    10309	2021-07-23 16:02:24	1	1	15	0
    10372	2021-07-23 16:03:37	1	1	15	0
    10372	2021-07-23 16:03:40	1	1	15	0
   102542	2021-07-23 16:03:56	1	1	15	0
    10228	2021-07-23 16:10:56	1	1	15	0
   108587	2021-07-23 16:35:03	1	1	15	0
   108587	2021-07-23 16:35:06	1	1	15	0
   108630	2021-07-23 17:00:33	1	1	15	0
   108619	2021-07-23 17:00:47	1	1	15	0
    10456	2021-07-23 17:00:56	1	1	15	0
    10456	2021-07-23 17:00:58	1	1	15	0
   108593	2021-07-23 17:01:17	1	1	15	0
    10025	2021-07-23 17:01:26	1	1	15	0
   108668	2021-07-23 17:01:53	1	1	15	0
   101432	2021-07-23 17:02:19	1	1	15	0
    10458	2021-07-23 17:02:29	1	1	15	0
    10033	2021-07-23 17:02:54	1	1	15	0
   108579	2021-07-23 17:03:12	1	1	15	0
    10278	2021-07-23 17:03:29	1	1	15	0
    10278	2021-07-23 17:03:31	1	1	15	0
   108489	2021-07-23 17:03:39	1	1	15	0
   102524	2021-07-23 17:03:50	1	1	15	0
   108667	2021-07-23 17:04:10	1	1	15	0
   500001	2021-07-23 17:04:29	1	1	15	0
    19980	2021-07-23 17:04:45	1	1	15	0
    10073	2021-07-23 17:04:53	1	1	15	0
    10159	2021-07-23 17:06:04	1	1	15	0
    10348	2021-07-23 17:06:16	1	1	15	0
   108591	2021-07-23 17:07:15	1	1	15	0
   108611	2021-07-23 17:07:46	1	1	15	0
   108617	2021-07-23 17:07:55	1	1	15	0
   108549	2021-07-23 17:08:45	1	1	15	0
   108638	2021-07-23 17:08:55	1	1	15	0
   108638	2021-07-23 17:08:57	1	1	15	0
    10138	2021-07-23 17:10:47	1	1	15	0
   108635	2021-07-23 17:10:59	1	1	15	0
   108669	2021-07-23 17:11:13	1	1	15	0
    10032	2021-07-23 17:12:19	1	1	15	0
    10065	2021-07-23 17:13:44	1	1	15	0
    10065	2021-07-23 17:13:46	1	1	15	0
    10065	2021-07-23 17:13:52	1	1	15	0
   108556	2021-07-23 17:15:13	1	1	15	0
   108672	2021-07-23 17:18:27	1	1	15	0
    10550	2021-07-23 17:19:56	1	1	15	0
   108585	2021-07-23 17:24:38	1	1	15	0
   108674	2021-07-23 17:30:24	1	1	15	0
   102544	2021-07-23 17:33:17	1	1	15	0
   108568	2021-07-23 17:35:34	1	1	15	0
   108515	2021-07-23 17:41:21	1	1	15	0
   108671	2021-07-23 17:42:35	1	1	15	0
   108673	2021-07-23 17:42:44	1	1	15	0
   102579	2021-07-23 17:42:54	1	1	15	0
   108676	2021-07-23 17:43:05	1	1	15	0
   108676	2021-07-23 17:43:07	1	1	15	0
    10127	2021-07-23 17:44:11	1	1	15	0
    10221	2021-07-23 17:45:17	1	1	15	0
    10221	2021-07-23 17:45:20	1	1	15	0
    10076	2021-07-23 17:46:34	1	1	15	0
    10063	2021-07-23 17:47:07	1	1	15	0
    10149	2021-07-23 17:48:03	1	1	15	0
   108538	2021-07-23 18:01:43	1	1	15	0
   108469	2021-07-23 18:02:06	1	1	15	0
   108666	2021-07-23 18:29:27	1	1	15	0
    10129	2021-07-23 18:49:33	1	1	15	0
   108610	2021-07-23 19:51:32	1	1	15	0
   108658	2021-07-23 20:34:01	1	1	15	0
   108663	2021-07-23 20:34:08	1	1	15	0
   108598	2021-07-23 20:34:18	1	1	15	0
   108598	2021-07-23 20:34:21	1	1	15	0
   108523	2021-07-23 21:11:41	1	1	15	0
   108662	2021-07-23 21:11:49	1	1	15	0
    10456	2021-07-24 05:31:21	1	0	15	0
   101437	2021-07-24 06:10:39	1	0	15	0
   102526	2021-07-24 06:25:49	1	0	15	0
    10372	2021-07-24 06:34:01	1	0	15	0
    10278	2021-07-24 06:35:34	1	0	15	0
    10278	2021-07-24 06:35:36	1	0	15	0
   108654	2021-07-24 06:39:06	1	0	15	0
   108593	2021-07-24 06:53:26	1	0	15	0
   108587	2021-07-24 07:11:14	1	0	15	0
   108587	2021-07-24 07:11:16	1	0	15	0
    10214	2021-07-24 07:17:53	1	0	15	0
    10356	2021-07-24 07:18:32	1	0	15	0
    10033	2021-07-24 07:28:15	1	0	15	0
   108469	2021-07-24 07:35:05	1	0	15	0
   108538	2021-07-24 07:45:05	1	0	15	0
   108549	2021-07-24 07:47:33	1	0	15	0
    10129	2021-07-24 07:52:46	1	0	15	0
    10309	2021-07-24 07:55:52	1	0	15	0
    10138	2021-07-24 08:01:24	1	0	15	0
    10032	2021-07-24 08:06:36	1	0	15	0
    10348	2021-07-24 08:07:09	1	0	15	0
    10032	2021-07-24 12:37:14	1	0	15	0
   108593	2021-07-24 15:04:16	1	1	15	0
   108654	2021-07-24 16:00:12	1	1	15	0
   101437	2021-07-24 16:00:19	1	1	15	0
   102526	2021-07-24 16:00:25	1	1	15	0
    10309	2021-07-24 16:00:39	1	1	15	0
   108549	2021-07-24 16:00:46	1	1	15	0
   108587	2021-07-24 16:00:54	1	1	15	0
   108538	2021-07-24 16:00:59	1	1	15	0
    10356	2021-07-24 16:01:14	1	1	15	0
    10214	2021-07-24 16:01:27	1	1	15	0
    10372	2021-07-24 16:02:00	1	1	15	0
   108469	2021-07-24 16:02:43	1	1	15	0
    10138	2021-07-24 16:04:21	1	1	15	0
    10033	2021-07-24 16:11:44	1	1	15	0
    10456	2021-07-24 17:01:59	1	1	15	0
    10278	2021-07-24 17:02:12	1	1	15	0
    10129	2021-07-24 17:16:00	1	1	15	0
    10456	2021-07-25 05:34:33	1	0	15	0
   101437	2021-07-25 06:01:54	1	0	15	0
    10278	2021-07-25 06:03:22	1	0	15	0
   108654	2021-07-25 06:29:41	1	0	15	0
    10372	2021-07-25 07:27:26	1	0	15	0
    10278	2021-07-25 15:02:14	1	0	15	0
    10278	2021-07-25 15:02:17	1	0	15	0
    10456	2021-07-25 15:02:48	1	1	15	0
   108654	2021-07-25 16:00:28	1	1	15	0
   101437	2021-07-25 16:00:38	1	1	15	0
    10372	2021-07-25 16:00:48	1	1	15	0
